ENM_NFT_ADDRESS,DC_CREATOR_ADDRESS,DC_CREATOR_IS_CONTRACT_ADDRESS,TX_CREATOR_ADDRESS
0xb772099b6312a9795f6a6cc4ed2324b7660d9ce2,0xe38171c839d3ff70147829d843ee8f9794bc2299,0,0xe38171c839d3ff70147829d843ee8f9794bc2299
0xee972ad3b8ac062de2e4d5e6ea4a37e36c849a11,0xe6d2b07c24e364adc527124f5ba2ae4debd6d285,0,0xe6d2b07c24e364adc527124f5ba2ae4debd6d285
0x1c60841b70821dca733c9b1a26dbe1a33338bd43,0xc5e08104c19dafd00fe40737490da9552db5bfe5,0,0xc5e08104c19dafd00fe40737490da9552db5bfe5
0x7bc6d85a15b21cefd62ce5ab2cf87b611da6be59,0x564aed71080d74b4550bad82dc0baa12737dcb64,0,0x564aed71080d74b4550bad82dc0baa12737dcb64
0x6dba130221a1c39f6623908a136976686050059a,0x1d05cf6c6beb0c869851bfdb9510d4e44e855ad6,0,0x1d05cf6c6beb0c869851bfdb9510d4e44e855ad6
0x1e31fe630faf5782f20a187d7d21958b5f3bd699,0x2c325156416cc7b701151dafb6d4c0bdf0d398f0,1,0x2638f91804b32190622ef82c6a265d8e9dae57a6
0xbef648e3034e80efe152f3581117c1536fff5afc,0x64a15b1d2de581097cb48e5d82619203e24bb3e1,0,0x64a15b1d2de581097cb48e5d82619203e24bb3e1
0xedfc4f35060de1a30e08b0d8b9986a4adbdf6c59,0xe22c2f9460e76daf26411d46911b66232f4f1253,0,0xe22c2f9460e76daf26411d46911b66232f4f1253
0xf91523bc0ffa151abd971f1b11d2567d4167db3e,0xb9b6856efd128294a912d584366448bc3d4ea979,0,0xb9b6856efd128294a912d584366448bc3d4ea979
0x6ff0de115037a5f36286bb3a19808cf141ff7aed,0x855ae7f1e0ea6f754f4d30b92cdc43a7b045a0b8,0,0x855ae7f1e0ea6f754f4d30b92cdc43a7b045a0b8
0x4daebf1e2d105dce05eca5f7ccdd54293d682d6c,0x3b612a5b49e025a6e4ba4ee4fb1ef46d13588059,1,0xbb2741e75dc07c9ca11a297a9ca73c6f214f769d
0x8d00675315d5e73abb04e5f068910fc4064f4818,0x2f65af414ab11e05a4cf3b46a2a77bd067a520e7,0,0x2f65af414ab11e05a4cf3b46a2a77bd067a520e7
0xa440b2db53baae6cf60cf60002cbf98402ceeb6c,0x3b612a5b49e025a6e4ba4ee4fb1ef46d13588059,1,0x3d0938a6c198a83ec3839a873ef33105681e8073
0x978f7f915eb562d3819a82daf4cee01dd636c2d1,0xa49c0d9a786e659a0557281b4fa72cf8cf08f6cf,1,0xfbc3b76a206f03f1edbf411f280444cd3fd9c7c8
0xc35b0e7c5cb0d0f7441d763c9ae920faac9fbb78,0x497056b9e7832eeadb26c80724eb79d7ad0ca77d,0,0x497056b9e7832eeadb26c80724eb79d7ad0ca77d
0x991be42680e2546ec01ebeb6790baa522681bf61,0x41f51c7f25f5f20f3f6d1657b74c58f9c4132d14,0,0x41f51c7f25f5f20f3f6d1657b74c58f9c4132d14
0xa24eab851c71dc043bb7195e7da9fbcfd0186096,0x7fea17138c49a28b96c564faed4c9977ffb021ea,0,0x7fea17138c49a28b96c564faed4c9977ffb021ea
0xc768edf2d21fe00ef5804a7caa775e877e65a70e,0xda461fb49bf2775378ada0b090665019c3e13f37,0,0xda461fb49bf2775378ada0b090665019c3e13f37
0xcab62d8a342e3d9690fad0124bf7f760475ac980,0x612e2daddc89d91409e40f946f9f7cfe422e777e,1,0x6a4aa35badeb1417811edb4d005384678f4da79e
0xe78d195cc0bc403d2b187186c474efda8d53ee0e,0x612e2daddc89d91409e40f946f9f7cfe422e777e,1,0xd94c4b319b9900d3a70ae58811c27266088dc591
0xab193efceb1651bf78d239a3d4cf2bf53db9b313,0x2c325156416cc7b701151dafb6d4c0bdf0d398f0,1,0x64c90f8a492cdf2e1126b0bc1a82d40edd20497e
0x2c25e86b4919626452379e1b8727bb284f418e2e,0x1a9f1676fd9f2b7ef24315cfb04b5d7f016cd38f,0,0x1a9f1676fd9f2b7ef24315cfb04b5d7f016cd38f
0xb5ec720f23804df2ef377764c714e4470a7dd539,0xc17629eab768b3e3fcc15d1b7bdf7d1f824209f8,0,0xc17629eab768b3e3fcc15d1b7bdf7d1f824209f8
0xdcff12560fad63d40c607c4736783f6aacbef844,0x60a0d272870fd10a2aa8202912a1fb2bd9aaeb8d,0,0x60a0d272870fd10a2aa8202912a1fb2bd9aaeb8d
0x8cdb9e8dd31b9e5e4cb6ff9c759d3a967c5c466a,0x2531896dfb32418babf6c57edd40f8ee53c0f236,0,0x2531896dfb32418babf6c57edd40f8ee53c0f236
0x2d9fafd20450cd11c6a51313a1255ac30cc669a2,0xbf89b34ede7a7dea10bcb8be91e345344ac3039e,0,0xbf89b34ede7a7dea10bcb8be91e345344ac3039e
0xa69320b4a5fc78f05e8bcf7401cdf56d89c403ed,0x50ac6197debb7c60e1629dd845ce9016880d6002,0,0x50ac6197debb7c60e1629dd845ce9016880d6002
0xb6e15ffd076cc3ce0209969fe73371ecdb02b21c,0xf05557e4b48221a70be5e5db76e86c832f83ddd8,0,0xf05557e4b48221a70be5e5db76e86c832f83ddd8
0x3e3589f7337551256dafe3df3695f92e605047bc,0x6faea455ea5309259cdfb076caaf779488ddf8de,0,0x6faea455ea5309259cdfb076caaf779488ddf8de
0xc2c21ea20aadd399a799e93893136bd0bf29edfa,0x975a8f0fbfbc3b6e21c0182a634ba96a67502595,0,0x975a8f0fbfbc3b6e21c0182a634ba96a67502595
0x5f43dc69b494645ba39982d633ffa9088335439b,0x1a73306100f9f27e153ef1044be99bfba644e7d2,0,0x1a73306100f9f27e153ef1044be99bfba644e7d2
0xe95999c7d7d8f07073a658ac94469ea61017aeae,0xb618aacb9dcdc21ca69d310a6fc04674d293a193,0,0xb618aacb9dcdc21ca69d310a6fc04674d293a193
0xb782644735a84cf338b2c2ca0e6d9f5dcce27559,0xef682b1d0835df1f971d5d1f4565e9f6c121f706,0,0xef682b1d0835df1f971d5d1f4565e9f6c121f706
0x696418f16804228d86266e12db5c5178e81a37c0,0x622826fd951e86b25c36222857a65323742bf302,1,0x40564bccb0b98df9f8c5194b403195eece1962d2
0xc72ba3a4342eadd3ebcb5b4c5d2d9e528a83f2a4,0x612e2daddc89d91409e40f946f9f7cfe422e777e,1,0xcf4cb28fcc70923dfa70e202d4590687d5fdcbe7
0xb6494df9ca71de10874a92dca07e714245c4b4a8,0xf6dfa4a1213f1d14f898f2eb840b1405984fe014,0,0xf6dfa4a1213f1d14f898f2eb840b1405984fe014
0x2f0ad1c7c6824f0a44641b70e5923555bd1f56f7,0x612e2daddc89d91409e40f946f9f7cfe422e777e,1,0xf1e9259db3999a1b28fca4c81f2b1cac5e5e3836
0xc9ead96b489dc1490be016fdba183c0aa6b8ad6d,0xe5e11deea750f13aab60b780c3a0f62b08b89c9a,0,0xe5e11deea750f13aab60b780c3a0f62b08b89c9a
0x7bc1e07cdfa283db7cf3c680d16ca7f161a64046,0x2838daeab11ae3aca3df66923ac03ea4644267fe,0,0x2838daeab11ae3aca3df66923ac03ea4644267fe
0x0dbfe8bf46818d1f6fa54d1028eb65eefc279621,0xf40a4efdfee5c38df12d3deaaa0bf5560c979ab5,0,0xf40a4efdfee5c38df12d3deaaa0bf5560c979ab5
0x5e54e2a7f8c925276a83fd977a91eb8c7445fbd3,0x4ce526bf6ac8826d9f82ff675f2616d68a918260,0,0x4ce526bf6ac8826d9f82ff675f2616d68a918260
0xee86db40f0651f69cdcea3e6ea7397170c5d679c,0x93712443ab1ebd3f06594da520ffecc724f21c4b,0,0x93712443ab1ebd3f06594da520ffecc724f21c4b
0x79555a73d69c37c1db8a3018a8d11a8b3e48237c,0xabb28fc2ee7ff751c8422f7bdbf989a2f8be17ab,0,0xabb28fc2ee7ff751c8422f7bdbf989a2f8be17ab
0xec14cd62736343ed9a49afa022b018732ec2c5d9,0x764813695e01e04a6a12cc91966dc91cd3c89873,0,0x764813695e01e04a6a12cc91966dc91cd3c89873
0x1d745654bf38bf38622084234a6f19dd6d0b2a14,0x958c51643cee620734234c19848962e61bc207b2,0,0x958c51643cee620734234c19848962e61bc207b2
0x9609cde180b3fd3faf73c9bfcad8f2c72fda505b,0xce6041330e6d30a48d2065cf119454583180b3ef,0,0xce6041330e6d30a48d2065cf119454583180b3ef
0xc145fd5470bec041e0cba48eb39c91d0c740b7e4,0xbbb2d0dd7d29e33ee3de1a9fad718f18e5e62d04,0,0xbbb2d0dd7d29e33ee3de1a9fad718f18e5e62d04
0x0a51f189720baa3511ca93d227be9d33b8e558a9,0x9b82d32d9a43944a40e8a961e967be6856a71627,0,0x9b82d32d9a43944a40e8a961e967be6856a71627
0x5d97352054a71026e1cc03a4b119bce4e9b119a5,0x5cbb31e39ca93ca13d8e9f686bf749b14076bc65,0,0x5cbb31e39ca93ca13d8e9f686bf749b14076bc65
0x98110d11f0575181eadc8c907951fbee6e93df23,0xc825d89c6f5247c37d84db625d49f2d0299fa401,0,0xc825d89c6f5247c37d84db625d49f2d0299fa401
0x224903259c3197bf627eee29152d3f46e29cb6b0,0x612e2daddc89d91409e40f946f9f7cfe422e777e,1,0x4b91c79d57519095776407c1942d6f5b4b20ce11
0x0b0cc03d49287a3f8d82b34de9792cf97f283949,0x612e2daddc89d91409e40f946f9f7cfe422e777e,1,0x291fe0818daee7e7cb6d67d41e848af265c1e86a
0xa91f68f5dd30ff233cb71d20271b5aca3afa55b6,0x5dbc7b840baa9dabcbe9d2492e45d7244b54a2a0,1,0x83fccf7ece53c74e0c6d61290792a4c1b1c19128
0x5946aeaab44e65eb370ffaa6a7ef2218cff9b47d,0x23692d965d700be09fe8805b48c98123b1718d34,0,0x23692d965d700be09fe8805b48c98123b1718d34
0x8f1bea96b22fd204a7e53f1bcbd2a4a091e903a4,0xf77b8f94301ca39ecfce417315f0dc1eb1fea02f,0,0xf77b8f94301ca39ecfce417315f0dc1eb1fea02f
0x8b392d98974bcba42818f3dfedde6b31d9d91b05,0x612e2daddc89d91409e40f946f9f7cfe422e777e,1,0x3d5e9077ef8f9c6b0e10d6c62c1a022a49675cc3
0x13f57c00ee0a97b8360cf5cd8002d55c7c167c04,0x30d8a40f9a5539c1e75929bc6117e55f16c1c303,0,0x30d8a40f9a5539c1e75929bc6117e55f16c1c303
0x969eb3b6500dccd5f3462396da43f0f38e9bdd4f,0x612e2daddc89d91409e40f946f9f7cfe422e777e,1,0x006d85f6ac839c8f7ab3487b926b8c65f0e9db39
0x3f98e2b3237a61348585c9bdb30a5571ff59cc41,0xc3279babe48c43955932570694f3adb55027eb8e,1,0x04c8818e03bfef53ce61728cebff63facb2c40c1
0x2de82331d4a90cee2a3916651c1106a97b4139f6,0xeec7689e935a0d8c440f9b1d403f0b6305935788,0,0xeec7689e935a0d8c440f9b1d403f0b6305935788
0xcc276060884b2c165e0e96772088d397ad207bc3,0xd91c8fe4ce51e400cee8a4ad49b774e7f2668200,0,0xd91c8fe4ce51e400cee8a4ad49b774e7f2668200
0xfac5ffacad916d72c6c644d56751ca20b3a1386e,0x19478179ef8bb7c4792a4041903080e097d137dd,1,0x6849dfc7560bc5f1037dd0c28718cd7c77555058
0x776bd31ae5549eac9ed215b5db278229454d5bed,0x97963380a1ed099905a7f3d8207e650caf2fdc05,0,0x97963380a1ed099905a7f3d8207e650caf2fdc05
0xd4f983ca3c9ea73a0a21d58b8abcc97a52bcc52c,0xd67f7f94ca53b6f0518d81f2a8dbcf9cd23c8b22,0,0xd67f7f94ca53b6f0518d81f2a8dbcf9cd23c8b22
0x7413b59f86635414b5ff609662eb92f7bf202ae6,0x99581599e8823ee9130380281478e729e926353f,0,0x99581599e8823ee9130380281478e729e926353f
0x877d4043b66a029cc6e9fac754e54f1923f3300e,0x7336a874ab9e62c6bb735d8e64b077237af822af,0,0x7336a874ab9e62c6bb735d8e64b077237af822af
0xa6f68b5c2eec739baecac153029d1c987700dd96,0x809fe19f7fed5fbf14090bdee4733b28303ae4b5,0,0x809fe19f7fed5fbf14090bdee4733b28303ae4b5
0x09e6e0881324122d5a13950482237c2545e53dc2,0x3f47e408ddbb2d3c59744b1984f0dc859d22ee4c,0,0x3f47e408ddbb2d3c59744b1984f0dc859d22ee4c
0x6392abd9a9e5293682adede87d8bc72b7921c2cc,0x612e2daddc89d91409e40f946f9f7cfe422e777e,1,0xa0167795a31303d74bc3ca9302832557c1620155
0xe36e1bc6bfda9002394a335964f9a0f8aeecd786,0x612e2daddc89d91409e40f946f9f7cfe422e777e,1,0xbb0b3aca009839748cd1c1f9af0ad7bdaaeb6c39
0x1df07326447e16e13b4ebff6ed0afdf9db64a308,0x7354936bc7a72c8baf5a2f9262e70a52c427be4a,1,0xf9fd229c2f3082e433b169c3a0e920725386ac92
0x7c073cc4faa174bde4a631140678b1990ab79501,0x14ce3934db4b0c80e596377547e084eddd385c25,0,0x14ce3934db4b0c80e596377547e084eddd385c25
0x00c995b2bdab80ef471d353815ad66583a54e23b,0x19478179ef8bb7c4792a4041903080e097d137dd,1,0x6ed9582049640d94199c3e78358ba1c56a62d16e
0x32623164f0fba8ac46193982247b851630ca3b11,0x6925b22105664506d2d7e449b9cede78cbb1ecfe,0,0x6925b22105664506d2d7e449b9cede78cbb1ecfe
0x7ce5dc91850d891677328884e50202edd76950aa,0x71563a34aa686421f27dfe590092f0a732148583,0,0x71563a34aa686421f27dfe590092f0a732148583
0x74c37482613cf52128a0b383ae1cab1415ab7404,0x612e2daddc89d91409e40f946f9f7cfe422e777e,1,0xd68ba9f5690b2c121c047ecab296179e668d4165
0x6d0f425adc5a61f78a43460c5929b84f3e71e67e,0x1b021719443145ad308acd09625dde603c334dd9,0,0x1b021719443145ad308acd09625dde603c334dd9
0x6112d87127847202151b9fe48ea0e2704fa428a1,0x1b021719443145ad308acd09625dde603c334dd9,0,0x1b021719443145ad308acd09625dde603c334dd9
0x5fed65ba2d3ea82e12dd3c0ac2017a2e8b71e6ae,0x5af835b9257e41b98e83c7299ea6516c3543e6e0,0,0x5af835b9257e41b98e83c7299ea6516c3543e6e0
0xf366ca74054f404af6165ae7f3633f3c9135ebd3,0x612e2daddc89d91409e40f946f9f7cfe422e777e,1,0xe36d5c8a0b1c7868d02329acf085ab7571d34f3c
0x98f0582a2d66adc2bbab1b97410502d8b209b016,0x23f0dc26ba952fb9e4ac5a55976c7eaef6491cc2,0,0x23f0dc26ba952fb9e4ac5a55976c7eaef6491cc2
0x4008f6a6693cc0069a7b45030df13490f18168f4,0x69ad50ba6e8e2e167203ead6d55ee21730bfcf94,0,0x69ad50ba6e8e2e167203ead6d55ee21730bfcf94
0x62fd0ff0b8a149ac9dc135a32b35323091a81875,0x612e2daddc89d91409e40f946f9f7cfe422e777e,1,0x53ccfe0791bc72ac0d8961fb2158754a3014b696
0x53dcb3f5f3973a93ccb6f55d090f6ecf0c687b64,0x208833804d09cf965023f2bdb03d78e3056b4767,0,0x208833804d09cf965023f2bdb03d78e3056b4767
0x165d4d8983c5cfe542a083c25bfd491beead4900,0x612e2daddc89d91409e40f946f9f7cfe422e777e,1,0xb30bd997dcea4b465ebb4e41d02d418ba7e138d5
0x4808126c7630d5866c2065d2b90625056528e2ff,0x612e2daddc89d91409e40f946f9f7cfe422e777e,1,0x22c5a235ab25887a3427fd46215f8c3feb704e1b
0xf588fd29a8bdc70c54f6208de36428bd0ee438e6,0x000000f20032b9e171844b00ea507e11960bd94a,1,0x5ba9f4577a47ff7b837498f27bc88482b126bbd4
0xc7d63b8da54b0dba1ed5c989f69875fd93625f03,0x000000f20032b9e171844b00ea507e11960bd94a,1,0xe908cdf8ef6a8d62d89f6551eedf38958cae99e8
0x166f6306825495bc8242496aa95eecd6458f50ea,0x99bde8367d7b99d2b1ae6fce12068b49aba47207,1,0xcd6020222cdaa3ad14881604f1d2020bbe0705ff
0x921c6fa37c2fd604506bf50acc98e1c7fde454e3,0xb4ea9a0c1edd5c41585cd3715a1269b9dd3105a5,1,0x7b37d5abbe1905f08d1431114e673d003997aeed
0x2d972d36af86a3c3225f55a03992238375717907,0x000000f20032b9e171844b00ea507e11960bd94a,1,0xfd7fcadc9242dd745d00fdad63a0d42952624885
0xb2a6a82345eaf9668778e9b99342165919f864e1,0x000000f20032b9e171844b00ea507e11960bd94a,1,0x2f1fc7cc346286d535d7b586c9d3d1fcef4771ec
0x9c40c4ef40a51ead3cce96b1ee43232eeb407ea5,0x612e2daddc89d91409e40f946f9f7cfe422e777e,1,0xf03f75a7f90af699523a420a93d296a18f2db862
0x2f7324bfe83f2fd785e3052ba6e3057e6b6a9f69,0xbec6d86f384dafca0f545c4f88ef7ce5e9444ded,0,0xbec6d86f384dafca0f545c4f88ef7ce5e9444ded
0xbe8132ad20e818feb5ced8f1d93455d67119cbbb,0x612e2daddc89d91409e40f946f9f7cfe422e777e,1,0x3c01640dc2d37bd4fc79c0f1f99f087306862e51
0x9c9c453bb9ed3f539a6d6fb92761b2569dc32866,0x612e2daddc89d91409e40f946f9f7cfe422e777e,1,0x16fdd091c5184a5a5ffb501b09d2b6bea17b6721
0xe45f4235a55f55ceff32e37abaea68bf7c2ab83a,0x612e2daddc89d91409e40f946f9f7cfe422e777e,1,0x65a8307681b6fa0065ab40a2316639d78990c845
0xbd715045beb4df4214c36e9a334b393b2d0763d2,0x6efef3b3b7a6d804449b0fd4fe0bed09cad0da12,0,0x6efef3b3b7a6d804449b0fd4fe0bed09cad0da12
0x7a15faec240cbc74ac8530bcbe6512ee71bbb29a,0x000000f20032b9e171844b00ea507e11960bd94a,1,0xd4b4e50a8ce0b164b36c02d941c80cf632b1b8a0
0x7c127d9befc161f4a4d4ad60acca9ec79e0e0e71,0x612e2daddc89d91409e40f946f9f7cfe422e777e,1,0x2c935f6ec4d5fa11522454edad3fd8fc8ae6eb33
0x095d10ecab02ff9326d11e519c5edba578e8bff0,0x2ab4dd403864509b85e59aef060a9e59f28bfaae,0,0x2ab4dd403864509b85e59aef060a9e59f28bfaae
0x7c73b1c9f44416d571362a8b3da6d305620524f3,0xce0256c68288143870ff6da14a2997004634aa1b,0,0xce0256c68288143870ff6da14a2997004634aa1b
0xd75db00ad8508ca62b05b3c63edcebb9820f3362,0x612e2daddc89d91409e40f946f9f7cfe422e777e,1,0x92cbdba8e0a166b7aa6a85d2700ec9d14c09ca7f
0x4b2922aef5318d5a640a3e069d43658215a53d14,0x76f948e5f13b9a84a81e5681df8682bbf524805e,1,0x811e7d17a9c889c51d21cc6d55d0b529aedc1df1
0xf7ae2b73e50e27fe94bb7ed4aaf921f4a2c32592,0x76f948e5f13b9a84a81e5681df8682bbf524805e,1,0xff1896cfc912ceda37319eba452906dea8cb343c
0x7d087a2e3f6517b7d8326a8231935901c545a9a9,0x612e2daddc89d91409e40f946f9f7cfe422e777e,1,0x60b01152fe5c55972f1ae834702eaea348cfff53
0x940e51d4a485d9ba439efb1df29bc231ea21a486,0x612e2daddc89d91409e40f946f9f7cfe422e777e,1,0xd19029e24eacd9be3def6344fbbcf29b0a000b42
0xd0353e71bd4de73afb3bb795e963f49a8ba63dc8,0x000000f20032b9e171844b00ea507e11960bd94a,1,0xf88823c659cd795d20e38be7e29d87884f90e6f3
0xef3a365088ee50dfc040ceb89f03f8ff2f50fc50,0x612e2daddc89d91409e40f946f9f7cfe422e777e,1,0xa1e17ddac6228616e4c326023f22035c4711a52e
0x6cfbadca207e52dd428c96d9b4935035c24b2b79,0x1c5da96066ed75fed325a5542a9636df577c3f14,0,0x1c5da96066ed75fed325a5542a9636df577c3f14
0x31bdbbfd2aeae88511992331386b349c73e0e7fe,0x612e2daddc89d91409e40f946f9f7cfe422e777e,1,0xf3d315913349d0024a0d2cdde87eeb8c940a8f3e
0xf2bcb4ac5a3906c8b91d6e10ae027da7355f57f7,0x580b786958cf89d5769b8ef4c43ae10cdae1ba3f,0,0x580b786958cf89d5769b8ef4c43ae10cdae1ba3f
0xc144c7c71d7e207553e9de2f10ba8635883219d0,0x000000f20032b9e171844b00ea507e11960bd94a,1,0xa19f3aa08fe33a8fdf31786aaec8f0cb2d6ba830
0x70805c3a3222726ddf3d63fbbdac95dbab7a2aad,0xa093ba7da11f4cace5fbdc8fcc60fcc11f2a3771,0,0xa093ba7da11f4cace5fbdc8fcc60fcc11f2a3771
0x1ba9f0e4b2addffc3401f5396095929f25f3ca39,0x5b4c4edf26cc2a292d3ef4ab9c78acb5b1453336,0,0x5b4c4edf26cc2a292d3ef4ab9c78acb5b1453336
0x5d6589f9e6aab60b62c640a96e3ac1149b0ab976,0x2ab0b4d184698474474117eb07cc7c6a938e8b24,0,0x2ab0b4d184698474474117eb07cc7c6a938e8b24
0x66779f4615f287b4db421b7910620e05daae79b9,0x5b61d700bdcbaa7c19efab6ce023875e4bda3eb6,0,0x5b61d700bdcbaa7c19efab6ce023875e4bda3eb6
0x8a09ffa4d4310c7f59dc538a1481d8ba2214cef0,0xa308de214e01c365834e3344c1088b0d2b97559c,0,0xa308de214e01c365834e3344c1088b0d2b97559c
0xa4535f84e8d746462f9774319e75b25bc151ba1d,0x4e70020d55be6d7c409307471b07417cfc20a775,0,0x4e70020d55be6d7c409307471b07417cfc20a775
0xab054a3b1cf3862fdaeb251ffb32c49d26755ecf,0xb5102d8abe09650e5f18248b18c09c27df1765b6,0,0xb5102d8abe09650e5f18248b18c09c27df1765b6
0xd5ceb3e748ef3296a68b930c1810c5884278410e,0xc1f7efe5b3f92c09298ce7845d05af13ef448b4c,0,0xc1f7efe5b3f92c09298ce7845d05af13ef448b4c
0x853d37e766b3af7c4dc61fcba17eaa2c83b8413c,0x3b612a5b49e025a6e4ba4ee4fb1ef46d13588059,1,0x8869e7b48e33c5f1fffb0f15f6084c7b438d6371
0x5ccbbcfafd4d1167ccc863da7f4e3265dd361352,0x3e9ed9dd46c5c5767f81d2d70dfacde8e0569d69,0,0x3e9ed9dd46c5c5767f81d2d70dfacde8e0569d69
0x75541836787f35a807560d54cf5cac5946f28f65,0x3b612a5b49e025a6e4ba4ee4fb1ef46d13588059,1,0x91505bd4441f908a767e3b80e779da351537073a
0x19c2fc4867db2292c155c4f294bc2f383ec72cec,0x2ea859eff2267485b07c4519baa86bfe0ca0ee78,0,0x2ea859eff2267485b07c4519baa86bfe0ca0ee78
0x9acc36a6d88e0290940dd9978a4985e77baa26cc,0x3b612a5b49e025a6e4ba4ee4fb1ef46d13588059,1,0x2132786e2db0aba5e02e9df691a6008935032b8b
0x97eb3c1958fe0ace7db97d55d26fb5d1a789b8c9,0x7fc53dfff734d7cb9f533154344e4d569a34f8e8,0,0x7fc53dfff734d7cb9f533154344e4d569a34f8e8
0xe07fb2dbe2f4866f837f6a9886ee16adc377fc82,0xe23159ea1f120449f07c4ab27e5ef1a820d1eb44,0,0xe23159ea1f120449f07c4ab27e5ef1a820d1eb44
0x7c7a319684214605fd5a0d3ba6d47573969000c9,0x009bbb4cc28f8949ae5ee4eba86210b57aa57602,0,0x009bbb4cc28f8949ae5ee4eba86210b57aa57602
0x2018be130ca917b374be8a428b16c0b6f672d2d2,0x086d21b3125e01338ed4757b9ce8b7b44130e07d,0,0x086d21b3125e01338ed4757b9ce8b7b44130e07d
0x4f2dcef4f8a5e2215a82fdc766ded262959edc02,0x612e2daddc89d91409e40f946f9f7cfe422e777e,1,0x1de5b2a59514415b0e1bc40953d86f1e7a462092
0x6eeec1e9442a8023fbf94243c575db8f815e96bf,0x91e572c3637750e085e48b56559f1d984c904a6f,0,0x91e572c3637750e085e48b56559f1d984c904a6f
0x9f208eb7b8dfd87e4bc6714398a9e689388d6bac,0x2df727da5b2071d16b94abc56666591c65bc73fb,0,0x2df727da5b2071d16b94abc56666591c65bc73fb
0x60bb1e2aa1c9acafb4d34f71585d7e959f387769,0x23d7013e59e2bc06e29fef6168c7aa4005f30e1f,0,0x23d7013e59e2bc06e29fef6168c7aa4005f30e1f
0x600df00d3e42f885249902606383ecdcb65f2e02,0x09f5a4418238cf6b0210e28cac8a74043c86e3c9,0,0x09f5a4418238cf6b0210e28cac8a74043c86e3c9
0x8b8177ac56f22fdcf16df2671dcea62d74a38c97,0xa71d3c1947168b05cfb8fe0e9143b49bfbbccbb7,0,0xa71d3c1947168b05cfb8fe0e9143b49bfbbccbb7
0xf47f2257a1bd9b77d6d11cc7b9fd467a97ae7006,0x612e2daddc89d91409e40f946f9f7cfe422e777e,1,0x4639795adcd5cae1657ba00c5325ac9379727a95
0x43f5e4cfd18b3e88b95dba70a093d630d64ee326,0x822ec855cc9f41b592622108e6f3565e976430c6,0,0x822ec855cc9f41b592622108e6f3565e976430c6
0x9be2860d5045e57182fb9de79a868418caaa5a67,0x208833804d09cf965023f2bdb03d78e3056b4767,0,0x208833804d09cf965023f2bdb03d78e3056b4767
0xa65fd4e1b7c90ad4cf90cd01011257dcf55adbcd,0x43e47385f6b3f8bdbe02c210bf5c74b6c34ff441,0,0x43e47385f6b3f8bdbe02c210bf5c74b6c34ff441
0x2ca48ed4bd5a951108a3a4ae07feec6314a99236,0x9c60b15c19671dba2914e0a1f452bd850dd0d89d,0,0x9c60b15c19671dba2914e0a1f452bd850dd0d89d
0x6deed5cf156b13beb9197215270615a3d0bc55ee,0xa6eeddcd3a1a3cad0d0192ac50630afb2e75a112,0,0xa6eeddcd3a1a3cad0d0192ac50630afb2e75a112
0x4db52a61dc491e15a2f78f5ac001c14ffe3568cb,0x4b76837f8d8ad0a28590d06e53dcd44b6b7d4554,0,0x4b76837f8d8ad0a28590d06e53dcd44b6b7d4554
0x8777306f337e92625d96c747750d8432e671c725,0x612e2daddc89d91409e40f946f9f7cfe422e777e,1,0x767c3ce4d94c894c753cb77cc8522536ccf3df80
0x868ce3cedaeef5fc3da4527cdc0fa7f3d7617a88,0x1d1617acc8d03bfc2193c285d5d2a0a8a616895a,0,0x1d1617acc8d03bfc2193c285d5d2a0a8a616895a
0x211e8618c2f90722387c8c10a0a75e04f6ee1a38,0x061723e247dc58b10d1f5f1b6e536ab26ba4ce22,0,0x061723e247dc58b10d1f5f1b6e536ab26ba4ce22
0x59a57e4fa2638848766fad7b88c553146d8f4f95,0x6d03c0ed08f1ae86d731a427d6e58ad05365923e,0,0x6d03c0ed08f1ae86d731a427d6e58ad05365923e
0x3337b8d48fb0fad562a07de5580bd287cdb89d42,0x57b0caf44c36208470eb04d7bfc76c26a57d8408,0,0x57b0caf44c36208470eb04d7bfc76c26a57d8408
0xe9fc506f0a74c988fea4f8f8c907c9f47407df53,0x4438bb20f55746d3c476f7433c9cd2cbb3be6d03,0,0x4438bb20f55746d3c476f7433c9cd2cbb3be6d03
0x822ee3715e2c15372e45a4a62376bf786ff45511,0xf3dfc28f42f512b9c7426f618bcff0b9b4e16d7a,0,0xf3dfc28f42f512b9c7426f618bcff0b9b4e16d7a
0xaae860cbfca57f1806cfc00137ea386afd4c5a3b,0x612e2daddc89d91409e40f946f9f7cfe422e777e,1,0x90e2f65446b0db9089c0db3e58008fb3e57d6717
0xe3795f03166204727034d96ff98338ea1b5c578b,0x612e2daddc89d91409e40f946f9f7cfe422e777e,1,0xae9309f7f54b02419df2123dd25b3454a359d937
0x9d8ca5b5715704175c6877ee911e727593726332,0xee89a2aa9aa9a12d56e8e5767c7c2cddd3f597e0,0,0xee89a2aa9aa9a12d56e8e5767c7c2cddd3f597e0
0xd9e38ea15872dc2509b24649c90e7597ebd23e46,0x49367a7049215dafdc759d617fb2b81c3cb53d0a,0,0x49367a7049215dafdc759d617fb2b81c3cb53d0a
0x84162fe2e695fedbf4d3bca1c3458fb616e44735,0x5dbc7b840baa9dabcbe9d2492e45d7244b54a2a0,1,0xbdc4199575a5fa3f19e9888c5d51bde798f404cc
0x94e51a9deb93158c8b8e9d59d13b4b8a4a295650,0xc89a48dae1392886132d45d2badf9a89341a1c5f,0,0xc89a48dae1392886132d45d2badf9a89341a1c5f
0x23e302ccdf305ad510a5db958d52d529853e1721,0x56c09caf7a77d5d254dae3438bb843a1ffd06aa2,0,0x56c09caf7a77d5d254dae3438bb843a1ffd06aa2
0x7fbe9bb63ef05bc9b3b9bb2c8843da6caf2b16aa,0x4b7a8ce7d004c5c68207f355f6a838c941ff6b96,1,0x8a6003f75845a896925dda2d91d1959021c1be33
0xda19d1e747254efb3a3138d3602b62d8a15c1217,0x4b87a2728f68952b0f62d5d244a429e8e4d251a3,0,0x4b87a2728f68952b0f62d5d244a429e8e4d251a3
0x815ebce43420f464903cf92ec1a6f508f7b2aab6,0x612e2daddc89d91409e40f946f9f7cfe422e777e,1,0x3fb2041782470b15495e6ac713e96551efa0f09e
0x874c2fdf89b2d12761547b7a169e2df9ab92491a,0x48cf2a4b8a74974beabf8db1f45f9123edc79c06,0,0x48cf2a4b8a74974beabf8db1f45f9123edc79c06
0x4774075dd06e66396069d61d9a727774367e7664,0x542e26cc8ffa032ee0f8290054c630daa663585f,0,0x542e26cc8ffa032ee0f8290054c630daa663585f
0xf5863fca5f2a17737d924a23e05c21b5bcef03eb,0xf8c1e797d66dd2f3fa5cb8b41e33b61f391694b6,0,0xf8c1e797d66dd2f3fa5cb8b41e33b61f391694b6
0x259457ad32bb29644c8592d46c026d41d614f223,0xf1a26d0d9355aea843544d941586b6bd8ded7732,0,0xf1a26d0d9355aea843544d941586b6bd8ded7732
0x339f8d44f0f3b5779d3ab0fb3fadc165d8348e02,0x02a0c1d47714a9b273a3c96ffc2fa56579fa2fb3,0,0x02a0c1d47714a9b273a3c96ffc2fa56579fa2fb3
0xc42b9bec05bffd1a19c1c61f1a5cff683d9a9090,0x612e2daddc89d91409e40f946f9f7cfe422e777e,1,0x521472ad5c23243266d1b48c04e355a02eb8927c
0x007f9b7fabd7ec162f0416dfc1fcefba59ba9cd9,0x65aa2a3c73f28d0770c465735493a67fc4f70126,0,0x65aa2a3c73f28d0770c465735493a67fc4f70126
0x3799296e1abc777d949601d1763d59fbfc8ef1bb,0x04a52cf2c2af1e8a73f09a2498df97dec11b424c,0,0x04a52cf2c2af1e8a73f09a2498df97dec11b424c
0x5fe9730db5c72f0130d26054bfff21f1ee9405a7,0xaef3e8c8723d9c31863be8de54df2668ef7c4b89,1,0xed22bb0106c24c7f6b4d8aae33639e1467061f64
0xc708eae3292173aa57c78d7d5ee123aed9b6dc1a,0x841542bd5ac25939a67c3da6cc3d1cd5d9471f26,0,0x841542bd5ac25939a67c3da6cc3d1cd5d9471f26
0x54238756149f06abf4a290a24b0447a1409fe90f,0x5e697c6f5cbebd6ca17bde80d684c226a1e223be,0,0x5e697c6f5cbebd6ca17bde80d684c226a1e223be
0x726ec2b0af514706f2e3be115798700450267c1c,0xa1a22713946d0ec792f4e645bb40f6ce43a7b319,0,0xa1a22713946d0ec792f4e645bb40f6ce43a7b319
0x302a7c763d59a983cbe5500f9dfa165935857268,0x423b01535a46b437165d0b253acce8f13ab953fa,0,0x423b01535a46b437165d0b253acce8f13ab953fa
0x3b913c641d0d6c958eb9050ae8e3fcf035e41461,0xf68e0bde87b959468f4408ef342cfbc6f739f6a3,0,0xf68e0bde87b959468f4408ef342cfbc6f739f6a3
0x1b4b506619caa3ef6ed5ee85325ea0e8b8feb041,0xf951ba8107d7bf63733188e64d7e07bd27b46af7,0,0xf951ba8107d7bf63733188e64d7e07bd27b46af7
0xe2832fb21356c817efb11ad0d2529c665ac25ec6,0xed010b3507437ea9963763c582bfc8fff70c9f55,0,0xed010b3507437ea9963763c582bfc8fff70c9f55
0xfb2513c14a47fd058edd5d9a12da4358a37a1e16,0x000000008924d42d98026c656545c3c1fb3ad31c,1,0x492248c22167cf7fa10599df5d4f7ec11c0c7989
0xa2ca2f4b7f29b6fe74ecb3d379b6d74778b3a55b,0x2f4a5366d4239159db8fedc485e95e9bc2413dda,0,0x2f4a5366d4239159db8fedc485e95e9bc2413dda
0xa57d1519f426d5f961b3b37e298f3020a8fae115,0x2272ecf43a7481088fa2d4ba9109804ed5a31901,0,0x2272ecf43a7481088fa2d4ba9109804ed5a31901
0x16d6d206af924a43e0b9141bb92eb7695a01d1f9,0x5dbc7b840baa9dabcbe9d2492e45d7244b54a2a0,1,0x3ab99b887d74ec496a41308d60776d4276aa3c46
0x580af0ab4e1531789475fb723094fade4e9fa310,0xa6c5f2de915240270dac655152c3f6a91748cb85,1,0x2a9539f5dece764383e852fa63e46e83e171e516
0x7df84ff29de2f20f65723d22c7fc14d719d25380,0xe86055c91cacaca88daf63a7f12ab0a219b2e320,0,0xe86055c91cacaca88daf63a7f12ab0a219b2e320
0xbc9099425a9ddf07f8448348133ec45a6a5563e9,0x612e2daddc89d91409e40f946f9f7cfe422e777e,1,0xb6a951a45f80287c32db68fda918a3061caf8e5f
0x1c1cd4c827cf0f0defb2e4e4de153e5ca0d455fa,0x612e2daddc89d91409e40f946f9f7cfe422e777e,1,0xd1b5c77140274b8276af7c9d2de56286b76ac5a7
0xcbf4beb93b2eaa4e148d347553a9bd8fed0d7da3,0xce9a6ccc86e8aeafe08b75c02eb46c4912a0680c,0,0xce9a6ccc86e8aeafe08b75c02eb46c4912a0680c
0x4ad40aff69982e0ddf45f522e6659d11c17b4f94,0x00eeabd52b35ebaf74943c6999ed5002559baa39,0,0x00eeabd52b35ebaf74943c6999ed5002559baa39
0x33573bb2a8ea813c9619bd9815f2f66453b6eb29,0x612e2daddc89d91409e40f946f9f7cfe422e777e,1,0x22cbfccf2f80d8016d66a3189842cfec8e6127bc
0x0f1bfb381c1c3900ebb567bd7099e1930fc66f94,0x000000f20032b9e171844b00ea507e11960bd94a,1,0xe8b6f9ef80bea3644a6764909a7ff0a7672134ca
0x09e6f2e1846ecb15732e24ad8e42104376cf4e33,0x19478179ef8bb7c4792a4041903080e097d137dd,1,0xec69f2414ba6e5d5c0682c41eec9453a967323a2
0x1095bd4aabdbbbb99832162f495f03ab3fc15942,0x52afcdbd88b751660f40e7e1ad387e2ff699208d,0,0x52afcdbd88b751660f40e7e1ad387e2ff699208d
0x8368d8d1c9cc75e49f7ec3762a89cd086c246370,0x612e2daddc89d91409e40f946f9f7cfe422e777e,1,0x76634ef890bc5967bc47ea48bdc58d0576f07fec
0x4c0abaf778d1cf680aa43d01027fdd03117c8b12,0x612e2daddc89d91409e40f946f9f7cfe422e777e,1,0xf15c006bd60f79cb03ade22cfeb2ac1ca5026c6f
0xb431900f5446c8cfe57df8b2d86662ebb9394005,0x612e2daddc89d91409e40f946f9f7cfe422e777e,1,0xfe1de65235e182c66d944aa253ce5df87f2425d4
0x370e31e043df8d4e66fce798f8069a3523c687ef,0x19478179ef8bb7c4792a4041903080e097d137dd,1,0xe16e210ea3ac61417fffd05b71a2bdea6eb000f0
0x468e9c91724bbb036ea44b836ddde2d40482fae9,0x612e2daddc89d91409e40f946f9f7cfe422e777e,1,0xd910201439151ab8d3a2601a99b1f70347b92a3d
0xc771646212350f60af2ab690433cad9385dc1611,0xb358e711c5db1ebc7caff4f4781c8f2575da6338,0,0xb358e711c5db1ebc7caff4f4781c8f2575da6338
0x88c664fccd18c9e99ca07ccf40062ab63c94a64f,0x9977e77b9997a48acd78848b004ccaae622bdd22,0,0x9977e77b9997a48acd78848b004ccaae622bdd22
0x65828a3ef504509663a042294633f037801f707d,0x612e2daddc89d91409e40f946f9f7cfe422e777e,1,0xc17fb77c23e209e27ad68e0ede41cb8215548a74
0x704f162090b8d6f1531f4ab226e70f2612b095fc,0x612e2daddc89d91409e40f946f9f7cfe422e777e,1,0x841fcca966a2dadb454dbb26d4e87c41989c17b2
0x2afb6e319d5ea4dace8e2ac0f750b8c31634301c,0xd4b9a909ba1947860b37b153f54808bb5d5d34db,0,0xd4b9a909ba1947860b37b153f54808bb5d5d34db
0x97c8706bc109e97dc33554768f160e54c2936bd2,0x35dfa1dbb4b8e82e8a924c53e3649112e45a05f4,0,0x35dfa1dbb4b8e82e8a924c53e3649112e45a05f4
0x158dea80c4ee68d5f05def32d15d79cc7befa82b,0xaff62d54eeb21ceb18722dc8746d8ba68d870995,0,0xaff62d54eeb21ceb18722dc8746d8ba68d870995
0x29264eba604638387fe82f5c632c79b1b0e5d14f,0x612e2daddc89d91409e40f946f9f7cfe422e777e,1,0x9f718b00a7ccfa23b449d263477679e476fefa95
0xa16d7bb4e7f327834b3bd6af65bea176fab693b1,0x814dba71d0a064dbe28dfbc9f33b4063722620b0,0,0x814dba71d0a064dbe28dfbc9f33b4063722620b0
0xf96c39f9a0bfa9a75b71a90f17105daba36df6e7,0x7354936bc7a72c8baf5a2f9262e70a52c427be4a,1,0xff76aec6a91003efd97eb8e2d3ecc7dfe46d347c
0x32679efc7e1505fd5c12b65861d2898326b0e453,0x000000f20032b9e171844b00ea507e11960bd94a,1,0x7145aaa1429e458a9c327d7de7c4427d423adfb0
0xada9cdcab280ae81afd1b08c04a040235777f47e,0x000000f20032b9e171844b00ea507e11960bd94a,1,0xcb10a461720a337f7dbbc011a8470b3a3ae79f74
0x1f71c6f61a6b125d5c24541fac20c2203d220fcc,0x431bd0d1f3180710123e11d84407df7e0d59dffc,0,0x431bd0d1f3180710123e11d84407df7e0d59dffc
0x71369df8d52c8989a318aae4db07bc2ec2fc54ee,0x872e5925d1fb3a63176129d9b576dd7c196a05ff,0,0x872e5925d1fb3a63176129d9b576dd7c196a05ff
0x4d73ce2ae26f56d4eb487737e2ca5369831fcb77,0x612e2daddc89d91409e40f946f9f7cfe422e777e,1,0xacb818130ac9cd4484848848a0ca3e7dda4bb265
0x60ac4205f1a20f4a132e33e7e41f42c9f0aa67ea,0x2559a17f49358625b013c0fbd9f859c5a125892a,0,0x2559a17f49358625b013c0fbd9f859c5a125892a
0xdf459e7b75ed7db92f5b0aa376cab9d692456efe,0x000000f20032b9e171844b00ea507e11960bd94a,1,0x553e8a4c2f03fc96214589e7974dbe55cb2c4957
0x8a19293398d4a1947e0127722155c7e6926814cd,0x6e42262978de5233c8d5b05b128c121fba110da4,1,0x37178510d0e46a3ac705163983f850feb2f48b73
0x7b00ae36c7485b678fe945c2dd9349eb5baf7b6b,0x5505ab49b83240a617fde18d4f1daab5ac691e58,0,0x5505ab49b83240a617fde18d4f1daab5ac691e58
0xba7a1265933be28ee36841f8c2170d51688b365d,0x501f51187acfbbfb711166dea9ee5bbf77c6c2d8,0,0x501f51187acfbbfb711166dea9ee5bbf77c6c2d8
0x25bd6b89a6140caf704b711d6115b96a53d27ceb,0x81ccba47ad8738e0d5faaa12373d5ad0e622bcc7,0,0x81ccba47ad8738e0d5faaa12373d5ad0e622bcc7
0x8578b174f4f1f5be1ca312a0a649199d38121be8,0x7a122f58d815a631f5bccaf040e95ded3ccfce13,0,0x7a122f58d815a631f5bccaf040e95ded3ccfce13
0x6a060a316467b169cc7bc30c14abf93fcbe41c91,0x73c30bb094be19ba325c59ee4a12ff4437d41d34,0,0x73c30bb094be19ba325c59ee4a12ff4437d41d34
0x932261f9fc8da46c4a22e31b45c4de60623848bf,0x96ebc0797ded0248a71eeca231505182179ee6fd,0,0x96ebc0797ded0248a71eeca231505182179ee6fd
0x1d222602856188ddb6115210f4215a0a733e52ff,0xa38616f2b29ddb1370e5db7c43d09d9de76ae00e,0,0xa38616f2b29ddb1370e5db7c43d09d9de76ae00e
0x6c3e30b6f5e3e783dcbefc14cba0a332408d9b72,0x3b612a5b49e025a6e4ba4ee4fb1ef46d13588059,1,0xe020a966a56a13dceed7acea9ebe78907a6ebb1b
0xbe46e2e2b75e462f74dfd1cf5e2671ab36a0c8d4,0x3b612a5b49e025a6e4ba4ee4fb1ef46d13588059,1,0xa780486a56de3128d35da7f0c768af449a1b3a52
0x01621c6180d8adfad5b0c8f69d7d4abf49c7868f,0x48cf2a4b8a74974beabf8db1f45f9123edc79c06,0,0x48cf2a4b8a74974beabf8db1f45f9123edc79c06
0xef87529ca9c67a849bd7013837fc42d4de92ca82,0x19d38600e9912ffbbdc0007c7ed827b37bfef3ff,0,0x19d38600e9912ffbbdc0007c7ed827b37bfef3ff
0xf0fbc02b11657045b68899eeac19f3cdaac2c082,0x612e2daddc89d91409e40f946f9f7cfe422e777e,1,0xd7097cfd0452b316cc085017bfe49886dd66206d
0xbfa1c9c33936e5944fa5c7809f94685f5dbdd597,0x612e2daddc89d91409e40f946f9f7cfe422e777e,1,0xa31b60d02f287837758b0ddcddd758d0dbc98307
0xd71a7320eba903819673db90ac070cc4bf931886,0xd003861bbcb67b3d2a26a9e3890bd64c97bb6931,0,0xd003861bbcb67b3d2a26a9e3890bd64c97bb6931
0x482f0fd59590de7f6d168401641cb46a8b451692,0x612e2daddc89d91409e40f946f9f7cfe422e777e,1,0xe8d0492bdca82bb0b4104e04affb709536c85e87
0x8a33f1743e7b5bba9dee987744fb915722884dc5,0x0b7824ba4ebb7947005848a20d28ffd2fd872cac,0,0x0b7824ba4ebb7947005848a20d28ffd2fd872cac
0x03a635c262d26b4101cfd6502ef70a5a45364250,0x612e2daddc89d91409e40f946f9f7cfe422e777e,1,0xc1deb3e48461dddc4a4791b11f89d22079d036fe
0x12c4476829f47ef48034d8db32c29ca1bc867504,0x4a8512bde8ad52a283b001a7608d242064a787b2,0,0x4a8512bde8ad52a283b001a7608d242064a787b2
0xc24af4ed243bee4829e1f5519cd4a8a1ea677c7f,0x0dc22443dde71432a435f4f8b2c96440cc20f114,0,0x0dc22443dde71432a435f4f8b2c96440cc20f114
0xa7f87e8d193e29bf1ed050fdd511b79fe0264d8b,0x26682dbe10fb55f4c81177677fa42488198b1c55,0,0x26682dbe10fb55f4c81177677fa42488198b1c55
0x56e0a0d0c8ebb29a3db38b52de9e9dc71781ffe0,0x4369cea3ea6b07fac2a506e5954d1511a2936042,1,0xfbc3b76a206f03f1edbf411f280444cd3fd9c7c8
0xe4aed2e8519692411736ad7e496ad42b38511089,0xd32898ca6a2bbb7eec8769329ba317c4d999dde7,0,0xd32898ca6a2bbb7eec8769329ba317c4d999dde7
0x35f3c656f6765cefe76998e9169a8f6a52ce5bbf,0x3b612a5b49e025a6e4ba4ee4fb1ef46d13588059,1,0x2277ba6046c5d50a85544e68332fbd359a24bec4
0xb3de9857abffd9700fe6310c7b6122f7932c32ad,0xefc83375b4bf4e9011a8bc716bdaada4e043e90d,0,0xefc83375b4bf4e9011a8bc716bdaada4e043e90d
0x7e2c74eb2a884e796e9365df404d746dc356f35c,0xf572a3f6a5d306daed6acfdc121c9628121ebf86,0,0xf572a3f6a5d306daed6acfdc121c9628121ebf86
0x30e405b13e4b0eb2cc175219651e47b9db7fdec1,0x5dbc7b840baa9dabcbe9d2492e45d7244b54a2a0,1,0x7a3a08f41fa1a97e23783c04ff1095598ce0132c
0x27d1878ef162871e27766427d21e62e710167a6f,0x3b612a5b49e025a6e4ba4ee4fb1ef46d13588059,1,0xd349a4781918b4d70be5a5b0ecea92abbb8d0f19
0x6a32e74eb81429dbbe6313fdbbc61b4544b2149f,0x042ba4417678da52b73d59ccf65fb08e47fdbb60,0,0x042ba4417678da52b73d59ccf65fb08e47fdbb60
0x72baaa523a4662856f413b0fc0a9e3068f39fe76,0x0ecf023ca0f37a5816039465c305fdb6feb63204,0,0x0ecf023ca0f37a5816039465c305fdb6feb63204
0x9431f458422b4da8649a9c85249a11a42103e760,0x7eda885f3953105488dc990767e1bc3d68938acd,0,0x7eda885f3953105488dc990767e1bc3d68938acd
0x1ffd6099a65b9fc65b43f367a8382aa0ebb988da,0x8def603d17a1e8277e4344f404f1970cfdf1ad21,0,0x8def603d17a1e8277e4344f404f1970cfdf1ad21
0x193104aaa1f2b9dbded5c020c3a3f0db2ebd7f85,0x0773fd9894ebc0aac1196c340d8a41a7ab14a7ae,0,0x0773fd9894ebc0aac1196c340d8a41a7ab14a7ae
0x96e396e66087b2b9dcad36fd473e1b049df18998,0xd310a3041dfcf14def5ccbc508668974b5da7174,1,0x589ffbbda0eacd5a9c2ba208b379c886b2630503
0x09e66d8a4726ce44dceebc73bf48c19fbd335b93,0x45576be0d36a5b9f5bccc60995746a71a27af625,0,0x45576be0d36a5b9f5bccc60995746a71a27af625
0x78364cfd8e7081672a7380ed8a6c2491d5ef1204,0x618cf13c76c1ffc2168fc47c98453dcc6134f5c8,0,0x618cf13c76c1ffc2168fc47c98453dcc6134f5c8
0x0d929721e6b7366947a00014fd4faaf391f17661,0x2eae4738fe75c88cf1d6521433d30cfd85961992,0,0x2eae4738fe75c88cf1d6521433d30cfd85961992
0x1710ed0c9a6930f8c9a47bad9650be59aff00afd,0x9329c67c20023f60dae0e9e440a409b5c000fbd2,0,0x9329c67c20023f60dae0e9e440a409b5c000fbd2
0x65bba69f243edfabe9c40324c3ec5c3ffc76d058,0x13c942e3f8be4faf966ef03e6038b33d000db22f,0,0x13c942e3f8be4faf966ef03e6038b33d000db22f
0x32565812882fe548ec06d5676a67cd40fbf77cdc,0x47ec9c2a5e8e999cafcb37e64e568b4bdcf9f3fa,0,0x47ec9c2a5e8e999cafcb37e64e568b4bdcf9f3fa
0x3e1e89c7f4d6c75949f44dd43b65dd8a303e730e,0xd3a945ab15102da531e9eaed66e351e7b961a2c8,1,0x790c2c860ddc993f3da92b19cb440cf8338c59a6
0x6dffd56dfd2d76cc9146875926218340d81478af,0x81c77077f7efac072fc4eedebb6ffdb9a0a337a5,1,0x33227019e6db89f5857649726326958b0c9ad3cd
0x6c789add7623c615a22b5bb9774d31aa37b0fa2a,0x65aaa7aa9931dbdc03db79ca1b58f99a0ac1a001,0,0x65aaa7aa9931dbdc03db79ca1b58f99a0ac1a001
0x7e0cd7e40a452e0c6830db0ff94a792cced86d6b,0xfaca3ff0b46746e98a4129827927617b0fe2f0ef,0,0xfaca3ff0b46746e98a4129827927617b0fe2f0ef
0xaa396de4c8690078e6d01b3a110df1f949e6de4d,0xc2e08114520686fcd58aeb8608adb48a8682dc69,0,0xc2e08114520686fcd58aeb8608adb48a8682dc69
0xbe0de82207db8d49f841f3c9253fb6233ac2d821,0x0af6fef0248d666f0bfd73e65485186526411337,0,0x0af6fef0248d666f0bfd73e65485186526411337
0x58fe9757896115628d35d0716b5ba6c21facd72f,0x2df8063c53ebd6270acde4e996a925c531fcfdfe,0,0x2df8063c53ebd6270acde4e996a925c531fcfdfe
0x2b33cd745211eb6f3c6edf62bcd40fad0ca2ff1e,0xab359600eb635c51d52df927aaea9534608c0d06,0,0xab359600eb635c51d52df927aaea9534608c0d06
0x9ffce1a3d64e3fdb79945c20b51359448741536c,0x612e2daddc89d91409e40f946f9f7cfe422e777e,1,0x43011d2aef8e9e79bbf694bba376183252218923
0x86a9a35386c1c2f22007b34d92d7997222f52697,0x85da5e69867d2fbbff38dc957a0fcc643d7a0d66,0,0x85da5e69867d2fbbff38dc957a0fcc643d7a0d66
0xb9f325a9f41b380c66159f96453e1a3fdb51383f,0x32fadf5c66af85c43895f2a348f9681a74d8ef89,0,0x32fadf5c66af85c43895f2a348f9681a74d8ef89
0xc2cca20b76f5494b1b10774e0d182f10d98b4a51,0xb305fbfd675b21b324f65d0d1489281919bd072f,0,0xb305fbfd675b21b324f65d0d1489281919bd072f
0xe1a9e4a36fff01ddbcf686e337f0727bc27f911b,0x2115f8ebc87ed944b6b3737034dee4c6d652b118,0,0x2115f8ebc87ed944b6b3737034dee4c6d652b118
0xa973a9ba553bf1f0f228c676047d77c62fd0af72,0xd3388080db82f8af61a16d4a3c075296bd02351c,0,0xd3388080db82f8af61a16d4a3c075296bd02351c
0x9bae5d7ee2f1c6c19f993d5cf32fd197ac6fbd7f,0x9d1dcfa0d5b643aa7f46b8eea89415420ce6587a,0,0x9d1dcfa0d5b643aa7f46b8eea89415420ce6587a
0x8a04a9f1d29c9837604ab4b4c9425098f1db3f2c,0xb42fba3da9fbc1fc7d07b855889f8843f5a16fd5,0,0xb42fba3da9fbc1fc7d07b855889f8843f5a16fd5
0xbf097240c6bfe40b3f7f021e2231aa0530148af5,0xa6c5f2de915240270dac655152c3f6a91748cb85,1,0xcb565ee70934c5887f9459fb0dcec6add7f43cf2
0x9e3c32fe7e46f2d9a360eab3cdcfc403c50474eb,0x612e2daddc89d91409e40f946f9f7cfe422e777e,1,0xa04611ac0438bdada004680628704151c8db044f
0x406d4dae0fe1dbe2789b5238a4ec86fe4bbb2529,0x612e2daddc89d91409e40f946f9f7cfe422e777e,1,0x3297369811d4c33d36296cb334c6bd1acfef736d
0xe391976b2c9d772f1d26da90066e5c8f0746dd8d,0x5dbc7b840baa9dabcbe9d2492e45d7244b54a2a0,1,0xff1896cfc912ceda37319eba452906dea8cb343c
0xf111dea9949ee0149f0158eb418f939a3c2d07d2,0xf1a26d0d9355aea843544d941586b6bd8ded7732,0,0xf1a26d0d9355aea843544d941586b6bd8ded7732
0x071a06599f5b89815e2dea839685e9b1314cfa90,0x5dbc7b840baa9dabcbe9d2492e45d7244b54a2a0,1,0x2aec9d784289b15c682ffe669f08ac8f71929477
0x0b9bbdc455b963b2c24a4b6e2759d80529346683,0x8308fc7e81908a088491b87bb3acef82c8182036,0,0x8308fc7e81908a088491b87bb3acef82c8182036
0x0dffe3acd563787f65d1c791f5022e31e6521a78,0x34d99d781b84d6b9769d2728df17ec484e76e977,0,0x34d99d781b84d6b9769d2728df17ec484e76e977
0xdfaa1a2d917df08ea9eae22fec2dd729aa93f97b,0x48dcfd6fe331348600a377dfeb0ab3db0a415f88,0,0x48dcfd6fe331348600a377dfeb0ab3db0a415f88
0xcac51a215b8dfebeb6f34250532ea4f3889c42d6,0x612e2daddc89d91409e40f946f9f7cfe422e777e,1,0xe066c7b1feee619f88d2fdfc7eab3fc7b75ce6bb
0x8d6fd650500f82c7d978a440348e5a9b886943bf,0x24a1dfebaec4e501c2152a5e4a434b236fce3d3b,1,0x6c74fda18ea90e1c61e800dd9b4508ac782e0dc8
0xa3af71db867565d67624b72e0175126c378f07ae,0x612e2daddc89d91409e40f946f9f7cfe422e777e,1,0x92f8ac35e1947303b3c952e7b0a8228dccc32fa2
0xe1cabc2122c11b261c43fc2504db2394ed4239f5,0x05dfb122c4bb912a6cfe91139b2685edf9dbbd8f,0,0x05dfb122c4bb912a6cfe91139b2685edf9dbbd8f
0x5e9d40c5cb4803027147bb5725e61a97686229df,0x612e2daddc89d91409e40f946f9f7cfe422e777e,1,0x195426012d0d50e25b5926ae7eebac4cd263da0c
0xa28e9f5a71890340c51cfa08e08d705d8c8233f8,0xdbedef187160f51db41c270f33ed9c31ed2dc373,0,0xdbedef187160f51db41c270f33ed9c31ed2dc373
0x26c2bd020bfbe8366f79ffda1a0cfac5a7b52108,0x2b5600cdc10dc29f13f2afaeef16d0286529ce9f,0,0x2b5600cdc10dc29f13f2afaeef16d0286529ce9f
0x4c2ea805d46d72ea4c046ab488491633483b6e77,0x612e2daddc89d91409e40f946f9f7cfe422e777e,1,0xe116b895b798c774d40aadcc91b949dedadc85ef
0xc48657e9ecbdd6c43173f10d1e71e2cf8708d888,0x7354936bc7a72c8baf5a2f9262e70a52c427be4a,1,0x6d21f56222e6c215865f6a984d5955de5e9768d1
0x122c8d08b982419531b19cce198b63a8d9068eb4,0x65f27600931eaed406099448f5768842a727b365,0,0x65f27600931eaed406099448f5768842a727b365
0x0074c3db008c00000020733a003f000a93ad00fd,0x0000000000ffe8b47b3e2130213b802212439497,1,0x6544fa99fa7b6301ce366bc56c39397b7016ca1c
0xbf9ee579783702b9f7e5f508a7aa15c41c63cafb,0x37dec4fce1b4867132b83dc76dc46768f6868650,0,0x37dec4fce1b4867132b83dc76dc46768f6868650
0x7bb1c3a225eba7981fac716c14e2d4e9ca068f8d,0x37dec4fce1b4867132b83dc76dc46768f6868650,0,0x37dec4fce1b4867132b83dc76dc46768f6868650
0xa636d658ebd3b6bbba9c1cca0e86597621ddb75c,0x000000f20032b9e171844b00ea507e11960bd94a,1,0x2b2f2387e2b2ab2ab35a38dc73363e6dcddaebf5
0x61858be8fad45969ae274c24df0f0c3b0d21cabe,0x3cf3bf06e63ac746bc41f6fd910d6791742613ce,0,0x3cf3bf06e63ac746bc41f6fd910d6791742613ce
0x540f489a631081c504c819b88528201511071486,0x3cf3bf06e63ac746bc41f6fd910d6791742613ce,0,0x3cf3bf06e63ac746bc41f6fd910d6791742613ce
0x91e6554a0ee228aff238bc9e1560196a42d77be7,0xb240d69617c43410f5f79724d2e7d0631f595c20,0,0xb240d69617c43410f5f79724d2e7d0631f595c20
0x7b3496c279993dc526d6f5952ad623a375aa435b,0x000000f20032b9e171844b00ea507e11960bd94a,1,0xa71d3c1947168b05cfb8fe0e9143b49bfbbccbb7
0x5ebf7f01e28d90a12963306a6f7a95a7e54bcc57,0x8f9275942227710493f43feac269bbc5626c4a9c,0,0x8f9275942227710493f43feac269bbc5626c4a9c
0x7760edb2fe1824ee6e2ca065e9f4bdea9ff23695,0xa36c193a3dcc8ca73e8cc40f2aff4dda022bfad8,0,0xa36c193a3dcc8ca73e8cc40f2aff4dda022bfad8
0x178608ffe2cca5d36f3fc6e69426c4d3a5a74a41,0xdf2f595541307c31f879a17e7c0bbeaca6375634,0,0xdf2f595541307c31f879a17e7c0bbeaca6375634
0x83f81a9e199db3961216f4f360d8f8fc8f5e1afa,0x8c3605004f26b38f3719fab423ab17c4599a43bb,1,0x17816e9a858b161c3e37016d139cf618056cacd4
0x2bc49f8832003ac30890083c1ef3ce15e906fbb7,0xca5a0d3095fab0ac65c5f8bce7e40350d1e481fa,0,0xca5a0d3095fab0ac65c5f8bce7e40350d1e481fa
0x7f2d2987834ea3a2f7a19d473bb210d3a17a3089,0x551853ea3bfd2325e675a5325ead98aeea178fc9,0,0x551853ea3bfd2325e675a5325ead98aeea178fc9
0xa23d89527e0a15bb293f46f95a2200888e5d7fab,0x000000f20032b9e171844b00ea507e11960bd94a,1,0x8709038bcd16d2af2175961cc96b5449d9cd80d2
0x8ba474b5409e01276f37adb0f9ff0dff69cec900,0x612e2daddc89d91409e40f946f9f7cfe422e777e,1,0xf2d6e72f313da1aaf2df44966468eb42f19a20d2
0x5adc61f3b8963c9d5e90939d49e44004c9e29531,0xa04611ac0438bdada004680628704151c8db044f,0,0xa04611ac0438bdada004680628704151c8db044f
0xaca43897a43886c82b386e09c79169c6ca9eed64,0xbda24dde9e403b538e76b880dd258c87556249d3,0,0xbda24dde9e403b538e76b880dd258c87556249d3
0x136fcb31d4257ec90e4cf6a5f31a4c13513a70af,0x612e2daddc89d91409e40f946f9f7cfe422e777e,1,0xd211d53f9979655e9a1e74cb92436cca09c30fc9
0x6d34aeb43e9051254c603967459869b8409614db,0xcafe1fc8fe3a9ea448a91ac458a38dbb331b08e6,0,0xcafe1fc8fe3a9ea448a91ac458a38dbb331b08e6
0x50ae01ec60059b60b6f36f4723c939cb8faaac05,0x4622df5a38e73150f61db831889b194a74104701,0,0x4622df5a38e73150f61db831889b194a74104701
0x0bdb820d80849c0d1ef8a131b3800271f6c42445,0xc0b0ef40a9a1afd52cb1500cb81e26f9c1d4a1b1,0,0xc0b0ef40a9a1afd52cb1500cb81e26f9c1d4a1b1
0xf13be78d1f128cb949fad3f78e49a296f3a799ef,0x3023f0bb7641acd2e74ac266d2e31a62902f2088,0,0x3023f0bb7641acd2e74ac266d2e31a62902f2088
0xb9352963a8fa48c0066e18e3893c6c1eede0555f,0xe6d51f0d93a94709802fd4adde1eb82e738d3e95,0,0xe6d51f0d93a94709802fd4adde1eb82e738d3e95
0x2e90e7f35c222e671ff7dd07ce938f994c4371c3,0x5927b9c6dde237639bc45c08455fa8f6f1072aa0,0,0x5927b9c6dde237639bc45c08455fa8f6f1072aa0
0xa8a4a03efbabfc1f5bb8a49bce9e3f86e4e77f15,0x3b612a5b49e025a6e4ba4ee4fb1ef46d13588059,1,0x3dbe365ad85a82bbc27570799fe1612e6a55de1f
0x663708b1b285118ffc43e79fc75c3dfa957ec094,0x58328dd75e84647a8accf2c91f4d005f14e5ed0e,0,0x58328dd75e84647a8accf2c91f4d005f14e5ed0e
0xce5821858263c0870f213bb56c9b3869ca6f05b4,0x6df4a699ac7086ee4a8d0602f2d00a0054a0930a,1,0x8e7c04dd4dc02f8dfe97c1885bbe6825e1d43e18
0xdce7a8d639014049e617a62b5977b35dd5025172,0x3b612a5b49e025a6e4ba4ee4fb1ef46d13588059,1,0x94da40a1edff1dad30c975c7764bcbecd6d679e2
0xd8b4359143eda5b2d763e127ed27c77addbc47d3,0xe9be6df23c7f9caba3005da2fa2d8714d340d0af,0,0xe9be6df23c7f9caba3005da2fa2d8714d340d0af
0xe15e9c0bf6b6b29d3b9e1c921ab2cb09c2194463,0x501f51187acfbbfb711166dea9ee5bbf77c6c2d8,0,0x501f51187acfbbfb711166dea9ee5bbf77c6c2d8
0x46b1c73a42e87b2bb65e71806b9126a4a037c0b1,0x612e2daddc89d91409e40f946f9f7cfe422e777e,1,0xa421d48e2f17402c8165fc4c46ac78cadbd858a9
0x46ea248f501e5d6d6655ea43e96e36fca9d6ce3d,0x612e2daddc89d91409e40f946f9f7cfe422e777e,1,0x1c136b9bb11bfdeda752bec0074007264909cf4a
0x1867520a35cdc5576349e2e2902d515410346997,0x000000f20032b9e171844b00ea507e11960bd94a,1,0x34edb5dc59f51989a710f40b0483dac75c2bf59d
0x986acca3599ef2e4c59393fc44eea2d3e6cee49b,0x442295de8a31d65026dbc09c29d469f6854f188a,1,0x46e5803e36b445f3bbfa69160c2b818047f90f64
0xfe7b7b7a3bd0e8c9425eb28bd087a430a350f87f,0x612e2daddc89d91409e40f946f9f7cfe422e777e,1,0xbd04cf6b60180790dbd87f200db7e4539909e5a4
0xa5467f93e3806fb7c7e92e287d7f4a986525565d,0x612e2daddc89d91409e40f946f9f7cfe422e777e,1,0xaef958dcd098d187593859a7991deac9549eecba
0x8403eafcd3b397659dfcf295195f8617917888cc,0x612e2daddc89d91409e40f946f9f7cfe422e777e,1,0x25f20dcc9733f823ffc2e2833f625d575968384b
0x00000000000078b629b7c06f5339060648468aa6,0x4e59b44847b379578588920ca78fbf26c0b4956c,1,0xc3fed7757cd3eb12b155f230fa057396e9d78eaa
0xe3b7039e0eeb5035d360350061548dada339f88f,0x612e2daddc89d91409e40f946f9f7cfe422e777e,1,0x0cc987d6a99dc30338968eb5b91ca108734dc3d4
0x55410dad84ba26395680d1c520daff8e8ff7d52d,0x000000f20032b9e171844b00ea507e11960bd94a,1,0xbcd11837b5114e99e58670fa401abed8686253e6
0x48c157d20d630e16f0db8ecf54d6b7e8f990439a,0x612e2daddc89d91409e40f946f9f7cfe422e777e,1,0x965af2bc77ab7892ba9fd8136585c00359042f43
0x4d31588d11f74199d59789f2cba7d8773863907f,0x54f4f34120333e276beb4e7a8ee3f0bacd5641af,0,0x54f4f34120333e276beb4e7a8ee3f0bacd5641af
0xd4d7034c5914716391e8f506c7fe10d4ade4696d,0xf8c06cf338446508d496ea25eeb826fc8953978c,1,0x6b83027982b3284ba2c3d4558401c856dfc2ce1e
0xce9b3f8b3f7b87a4c7dd338cedf4e5f416f91b07,0xd2e6d01fb411839a5f8a6f5d5b387eded3d5eac5,0,0xd2e6d01fb411839a5f8a6f5d5b387eded3d5eac5
0xcada8901fc654ba4faeee1322e0b1d40eb029eb2,0x9bc30460c09cc0e284b03a73daad649e7686266b,0,0x9bc30460c09cc0e284b03a73daad649e7686266b
0x1236814d02de0d4a76cb5fce9b2c6bb7d8bdeba9,0x000000f20032b9e171844b00ea507e11960bd94a,1,0x7c1deaaadfc5388177ff99802a6d5faf26358671
0xe5726d3d6e83669f0d7ba5787da92e3d05cd24f2,0x000000f20032b9e171844b00ea507e11960bd94a,1,0xba188028db6a405570fe623a5415d6f370f0fb07
0x6b5204a68d07e34866434134bd310023913086f7,0xd314512fd9644eb1d57323631da0185be9001cbc,1,0xda8722dbe102d961583abb8b0aba56e6195564e0
0x4de61883cd00c92e329742f1cdbc061bf51cd697,0x000000008924d42d98026c656545c3c1fb3ad31c,1,0xcf7ce766b609b1b93a748c0e4f3da0201a2f031e
0x09d3e2dd280dadd86c1312a1f90880448dc15c26,0x000000f20032b9e171844b00ea507e11960bd94a,1,0x119b49a1c266c67656d098c320b697cc5ce94c43
0xee7a1e8bfbb7f427d4740a0ed0992dfa86dc4ae5,0x612e2daddc89d91409e40f946f9f7cfe422e777e,1,0xb531953899f0815e88db92e4c654a9fccace8b17
0xd87b1f73d15e846236b50cdf9b1011bd5202e5b1,0x3acf4eb191960c49860503f628a6f7c300b0e7b4,1,0x4cff7990f598a956d17ab11e80664bc8098d5df2
0xd0f166144cca7854f8d47614ac2cc910cf677029,0x76f948e5f13b9a84a81e5681df8682bbf524805e,1,0x836d952fbd482ff006652a8f17cba7f394cfda93
0x7c60462ff2be5422c49b7790635dc914e35c39cb,0x612e2daddc89d91409e40f946f9f7cfe422e777e,1,0x65a7a1cc03b05d8060f4e464ea79693ace125245
0xc331898743bdc0a279dfb4707a92c825b4cbe04b,0x000000f20032b9e171844b00ea507e11960bd94a,1,0xdc086b6d5abda15c0eac8feeef6eeeb44a8dcc0d
0x9f6c38a4bfe064d19a8b283f8244bb8a84a22e7f,0x000000f20032b9e171844b00ea507e11960bd94a,1,0x14346bb3201db5b010c9b93c24a81a2c62fdc950
0x839c1b05486161632b09e71d9ba79731d44bb534,0x560ebafd8db62cbdb44b50539d65b48072b98277,0,0x560ebafd8db62cbdb44b50539d65b48072b98277
0xd6888b93e98712a0cb54ddfa3686b67d87d952df,0x612e2daddc89d91409e40f946f9f7cfe422e777e,1,0x9860089c5c8aa6fedc692bfbadafe8eef5387067
0x494504c3674499e5a70d71cad7e212676c3d8573,0x792a1c6489392f31276f44921fbdc9913ada8ad3,0,0x792a1c6489392f31276f44921fbdc9913ada8ad3
0x2017aef63434333756b2253100b6e8253cfe0507,0x000000f20032b9e171844b00ea507e11960bd94a,1,0x07f3544332d0dc92d8c8c00a4da51b42376a150f
0x096e0e2c5c037d2959f8386998b904f8baf089ef,0x714fdf665698837f2f31c57a3db2dd23a4efe84c,0,0x714fdf665698837f2f31c57a3db2dd23a4efe84c
0x4bb33f6e69fd62cf3abbcc6f1f43b94a5d572c2b,0xd29922843a9d20a9ad2cf59bdddbfcd5e1a1d44b,0,0xd29922843a9d20a9ad2cf59bdddbfcd5e1a1d44b
0x1c2cd50f9efb463bdd2ec9e36772c14a8d1658b3,0xd29922843a9d20a9ad2cf59bdddbfcd5e1a1d44b,0,0xd29922843a9d20a9ad2cf59bdddbfcd5e1a1d44b
0x53a65a44ca09768c311f33817d172a2630797739,0x3b612a5b49e025a6e4ba4ee4fb1ef46d13588059,1,0x64961ad58eab5911cd510e19fd98f102d917eaee
0xd6a152c351588eec72556bc9769d9b22f37bfbf1,0x721d09419d625414b4fabcaae5313e73e7c3ddb2,0,0x721d09419d625414b4fabcaae5313e73e7c3ddb2
0x1f3c411016c5111acc92465dcfcff579a50e7a31,0x3b612a5b49e025a6e4ba4ee4fb1ef46d13588059,1,0x842d053fb89c3cdb4e83d7366f5a37bf916c0bec
0xc2d2d2f4946e6807542dac73c8554977a00a69de,0x3b612a5b49e025a6e4ba4ee4fb1ef46d13588059,1,0xc1a3cc1dbb944139ae91b349fa75e14101b10eef
0xf47cd621a20c80a9455601e5f92eebc2a4bc89fb,0x3b612a5b49e025a6e4ba4ee4fb1ef46d13588059,1,0x140d08fa9e648b7b80f61e7619b139934fa78665
0x109c5a04ef63395ea09a2062f9ac30bf2978c609,0x3b2d699110aa1788b2b1cae336e0ba8ff942a390,1,0xd45eef10930be8aaf3abfb3e5ae2cab197c52b35
0x7ffe2672c100bfb0094ad0b4d592dd9f9416f1ac,0x8636fa411113d1b40b5d76f6766d16b3aa829d30,0,0x8636fa411113d1b40b5d76f6766d16b3aa829d30
0xbd9755595e2f201b48e46e997396709c5b5e93f0,0xbe1c50a967531243ca2bdac71e1de26d36cb477d,0,0xbe1c50a967531243ca2bdac71e1de26d36cb477d
0x61bba01e54770c0715d4b2b8e8bcd304ec6499b9,0xecbde40d1bc7d88d6bfb664115652ea711c3a43c,0,0xecbde40d1bc7d88d6bfb664115652ea711c3a43c
0xcc23fa677c385d34d841cba1a923a9c74df5684f,0x9c91ae6cfc5351b8bbf32671e374db61a80bdc36,0,0x9c91ae6cfc5351b8bbf32671e374db61a80bdc36
0x6efcfc1ac9ceffd2cc0f1eff6e374b33ae0d29b8,0x612e2daddc89d91409e40f946f9f7cfe422e777e,1,0x7b9d1164f125fc33858a8f1a8090ec942259bd3d
0x9ebec37b93df8c9e9823ccbf1d2bb40630eda59b,0xd83a1d8bd37545f235832bac088c24a3662f6526,0,0xd83a1d8bd37545f235832bac088c24a3662f6526
0xc9e91edea9dc16604022e4e5b437df9c64edb05a,0xd0725a01baeee7d27142c7a1b320cd5757980fc2,1,0xb156c2d89755dc9aa72821b022a7887b2626be9b
0x06feb7a047e540b8d92620a2c13ec96e1ff5e19b,0x58f9c59eb0144e2cc6ef433cdac4ffe0d3ce9657,0,0x58f9c59eb0144e2cc6ef433cdac4ffe0d3ce9657
0x0107fa0cbcf04c87184f5f3076000e5e4d1d7693,0xc447116ccb47dee68b5fc5738740002be02f9c07,0,0xc447116ccb47dee68b5fc5738740002be02f9c07
0xb5d90081cd6f0d1a5338d2d832cc68371922f542,0xd310a3041dfcf14def5ccbc508668974b5da7174,1,0xe674a02341a0710fecb87b25dbc538cda2648adc
0xf28a657c833ed2eb6e0435c975a189e888e06b22,0x6393beef8afdc6cca471bea2b445192f9355bb72,0,0x6393beef8afdc6cca471bea2b445192f9355bb72
0x50b432e2aca650e7de0e6be4d4c8810376d7f61f,0x7f91208fb7f46f2ec2f438769bf98f4fb6d7f911,0,0x7f91208fb7f46f2ec2f438769bf98f4fb6d7f911
0xa6cef698d35e0ed3b22110e986b6511daf11e922,0x52ef045570048ffdabb9ab9b1ddca1d302a32df0,0,0x52ef045570048ffdabb9ab9b1ddca1d302a32df0
0x42b28ff795291712e57171cbae709a1edb702943,0x3381b259fe31dfdcd88bf4e1703911cddf976d73,0,0x3381b259fe31dfdcd88bf4e1703911cddf976d73
0x89d028a8fd291e6d0f9a3566da90798ab967746c,0xc2ce12e3950c93682bfe9458b67dda99a9bd0302,0,0xc2ce12e3950c93682bfe9458b67dda99a9bd0302
0xd3c4744f5d7d5652affbc8adf17b4b38a15219c6,0xf74b146ce44cc162b601dec3be331784db111dc1,1,0xd6d0c9fc8f1f6cbca3472052df3678e5b29b2dca
0x6cf27152b21ee652ee76807437b108de6b66dc86,0x99d43ec91e350c5e241be4552cab7a3be8a34101,0,0x99d43ec91e350c5e241be4552cab7a3be8a34101
0xf2ac2a5cc1b8c66e87a8df55ee6b13272531d429,0x2c325156416cc7b701151dafb6d4c0bdf0d398f0,1,0x2054804fb9fb267939011159e1d367e3c85845ba
0x32cbdc56a886f2f843d0292db8dbd9b3b81f5a03,0x7fc53dfff734d7cb9f533154344e4d569a34f8e8,0,0x7fc53dfff734d7cb9f533154344e4d569a34f8e8
0xb8656d84fc1ed5ec557cd43a6b8d47cf03d9c174,0x5dbc7b840baa9dabcbe9d2492e45d7244b54a2a0,1,0xcdcaeaa8b800eba18f2dad6f3e32dbaff20c2251
0xeac5619d35d4db69e9dfbdab3687fc3cfecf095d,0xb66eebab55ed82a46b43cf0cef16948ad1ae6634,0,0xb66eebab55ed82a46b43cf0cef16948ad1ae6634
0x4e86a2b09fc9a61d0fb060e17c482a4e25ee33b0,0x612e2daddc89d91409e40f946f9f7cfe422e777e,1,0xc20b32657639b46f8890dee32c885afe00025802
0x6e8c260cb878489c8066dd75536e5e9b5ca4c288,0x7435e7f3e6b5c656c33889a3d5eafe1e17c033cd,0,0x7435e7f3e6b5c656c33889a3d5eafe1e17c033cd
0xaa451a4b7ef5ca1ebcf7622dad4386ed8fd6636d,0x612e2daddc89d91409e40f946f9f7cfe422e777e,1,0xc8bfdfddf4c62a7a4d3d2c578e214fccd5f0f197
0x54c3016956f02793c98d4d774388c43fb344b801,0x612e2daddc89d91409e40f946f9f7cfe422e777e,1,0x66808200f61310dc3b9285997746b7808b704ac8
0xd6705e583c9d097dd849507881400a9e38db6440,0x31947faed86374c5f8add1bf31781367ab2abf8e,0,0x31947faed86374c5f8add1bf31781367ab2abf8e
0xa16c355b1ae1af1a56a1559aa92124fee86cdd31,0x75f334ae9470d9e7efd27a6a7fc992da130f4b8a,0,0x75f334ae9470d9e7efd27a6a7fc992da130f4b8a
0x46a15b0b27311cedf172ab29e4f4766fbe7f4364,0x3af75af6f056d4d72c1675da919aebf908a109d6,0,0x3af75af6f056d4d72c1675da919aebf908a109d6
0x1353fd9d3dc70d1a18149c8fb2adb4fb906de4e8,0xb8559af91377e5bab052a4e9a5088cb65a9a4d63,0,0xb8559af91377e5bab052a4e9a5088cb65a9a4d63
0x8167af11581075eed6f773ca892ef077145c3066,0x69956b7773bf5c48e12c9b8de0b73c7a54e650c5,0,0x69956b7773bf5c48e12c9b8de0b73c7a54e650c5
0xaba769e1371af484a0e91de440a5b38612d4fb57,0xe4b3ea365c5a700a85fb1db79abf45714db5bc6f,0,0xe4b3ea365c5a700a85fb1db79abf45714db5bc6f
0x3ed26260667ee172787e69da8b73fc10ad7c53cc,0x021e2f27ee3a0ffa6bd08a971624979340c5977d,0,0x021e2f27ee3a0ffa6bd08a971624979340c5977d
0x7d349f62425d771f9942ae3b92b1534f181160c4,0xf74b146ce44cc162b601dec3be331784db111dc1,1,0xd46e642a7e609d122ccdd3f73fe8406a39142522
0xc6bdc8f57631b39378a635576f3c244540f5167e,0x52ea5f96f004d174470901ba3f1984d349f0d3ef,0,0x52ea5f96f004d174470901ba3f1984d349f0d3ef
0x7c2cc26fd62c72d839dc050e3e6f414774e7465b,0x395312e3f0be772a82aecb72ef02aa5569037590,0,0x395312e3f0be772a82aecb72ef02aa5569037590
0x4dd7c9ca8bae25ead5961eaa23b3736d4efddbb0,0x5dbc7b840baa9dabcbe9d2492e45d7244b54a2a0,1,0x5f327f5ecd396813577344e6710c0d16626f1ae6
0xc4dc9ef8763433aae26635bc5a09e362605fad18,0x4fe130bab0cc799c8c497d3e4aa51c1f1fe2028b,0,0x4fe130bab0cc799c8c497d3e4aa51c1f1fe2028b
0x618951345638caa062259cdbed445d4fb661b774,0x2fb6c6aca8ebd275466225c941c86bed2c89f1d0,0,0x2fb6c6aca8ebd275466225c941c86bed2c89f1d0
0x740fc418aa060f18e39214b5a048ddf076a04df7,0xf50ac39c3c3bd062de4e47fcf8f3f9d37b94874a,0,0xf50ac39c3c3bd062de4e47fcf8f3f9d37b94874a
0xa68c4c5ec46ec5e6933a94615caf57e56aa632d2,0xd73e55a3f739fbd783f7a2a307831afc31c6510b,0,0xd73e55a3f739fbd783f7a2a307831afc31c6510b
0x81d6a3c844a9fb452ed069e9fc16cf37f137a58e,0x113cdcf0f439b698fd2b56f92b7a3ae07bf6d51e,0,0x113cdcf0f439b698fd2b56f92b7a3ae07bf6d51e
0x10eab92b007390c15f1c2dc9b6356af87cbdd158,0x4f30a2c1192f54ea8d8b6fe9ee382945f45abe2a,0,0x4f30a2c1192f54ea8d8b6fe9ee382945f45abe2a
0xb58f8b1972c86aacd58f86ffae37ed31664c934d,0xf74b146ce44cc162b601dec3be331784db111dc1,1,0x81947aadf64cd22ce96999e4c76efb0765839bef
0x5f8ed33d9ec6b28daafa9a1f9fadff3d9f94e5fb,0x63620a51611cd692ae39b2824f661116b318c9e0,0,0x63620a51611cd692ae39b2824f661116b318c9e0
0xab23e80ca892a58309611391286ff751ad6e8714,0x5f8ed33d9ec6b28daafa9a1f9fadff3d9f94e5fb,1,0x63620a51611cd692ae39b2824f661116b318c9e0
0x45f65585fd57a5e94615d7613662c80088e9ef4c,0xb6180a2e10f546ee979b22f39d7b6f146844fd1a,0,0xb6180a2e10f546ee979b22f39d7b6f146844fd1a
0x8c79af8dfc50af650a7c60ef0c09683e49da581f,0xe6ba7ce1bbd7b811d891c2d4c09d7295bb96752c,0,0xe6ba7ce1bbd7b811d891c2d4c09d7295bb96752c
0x9f72e8f407356ee7b1f846424cc34a5c0b19d332,0xdf1d00bc5bea1e716a3018bcea53e32ff4b76d9b,0,0xdf1d00bc5bea1e716a3018bcea53e32ff4b76d9b
0xacab7b2911b77ffd253fbd69a40784a04344ac45,0x612e2daddc89d91409e40f946f9f7cfe422e777e,1,0xe9b5a2529ad21454cb5e4d172dcb4bc501789463
0x341373775c034bc15608240805d63aff65cf71c1,0xf205efafa9974c6a3975f30e31cea899700f2367,0,0xf205efafa9974c6a3975f30e31cea899700f2367
0x75cd3f538c091c1d514ab1ad9832f54198cacec0,0xe43ffd378684568236d63728c60b492bc53700d5,0,0xe43ffd378684568236d63728c60b492bc53700d5
0x86358f7b33b599c484e0335b8ee4f7f7f92d8b60,0x24a1dfebaec4e501c2152a5e4a434b236fce3d3b,1,0xe9d7b31facfd978547d1088531cdad3bc4ee7469
0x69525dac489e4718964b5615c3d794a25d62beb7,0x95271d54d6e0d88b3825f89a766f97b8b7e8af82,0,0x95271d54d6e0d88b3825f89a766f97b8b7e8af82
0x247daeadacb2d812bb4c78d4cd4259cecef40982,0x612e2daddc89d91409e40f946f9f7cfe422e777e,1,0x17b7108490dd5c006259ef9b32366eb68085e7b8
0x17a74209af65bca0e56cb5f52bd8095a6bb22502,0x6abb96ff62603b0646624f2cb517476194263fc8,0,0x6abb96ff62603b0646624f2cb517476194263fc8
0xa013a2daf1cd3c8c2a7701983dac041c22c1c38d,0x31335e9ef9b6f14cd9c24c62cf261e7f8e02c726,0,0x31335e9ef9b6f14cd9c24c62cf261e7f8e02c726
0x708220fa4584ff5836617b23a263fff84c0ce807,0x612e2daddc89d91409e40f946f9f7cfe422e777e,1,0xe0603ad4543099499bbf21f721e6f2265aaada75
0xe04fb8183a1bf9f2562f13e7992ae7b7b647b2cd,0x6e45fc4c4e5977e40062bc43893da4725ef71620,0,0x6e45fc4c4e5977e40062bc43893da4725ef71620
0xe9114860e0bb1f52a861e5f03fcb794b55b81163,0x6140f00e4ff3936702e68744f2b5978885464cbb,0,0x6140f00e4ff3936702e68744f2b5978885464cbb
0x5fd9093006db605ad2b722e345519058db3ad30d,0xb2019531de3bfda451668acfe40fb3aee59975b5,1,0x80dbc65bc2e11f406586c4abc2da896acb532d8b
0x5dbe74e2eb87a18f2aa58146ced5b507078b8e47,0x000000f20032b9e171844b00ea507e11960bd94a,1,0x19ceb0e24563ac68b7a559623645e021aea2ffa3
0xa41f8266da4bdd1010b9a76684c03bc7b7883eda,0x612e2daddc89d91409e40f946f9f7cfe422e777e,1,0xa46d3167c2444a3b0c98dc665b4bf8274ef56c51
0xb58cdd3be27c8ac09f010d2e64f48e4edba82e49,0x612e2daddc89d91409e40f946f9f7cfe422e777e,1,0x8cb8aa3ad8622198d062141b4b02dd9cd66a278f
0xb736e868c2e83ce5d1bd18249365f8399d4d0609,0x000000f20032b9e171844b00ea507e11960bd94a,1,0xacc2332fb63d652d6ca0f5d70ae049035274cf64
0xa140689b832d8da5e1f56268eb729f9949bac472,0x612e2daddc89d91409e40f946f9f7cfe422e777e,1,0xcff83c56e871d661b2025a6e034f205c10aa710f
0xacda7c71b682d4e7d705f6ef625f1199bf72cfa9,0x000000f20032b9e171844b00ea507e11960bd94a,1,0xeb119f265508df53f34123e774379c70b5ab6bdd
0xce481b56684bfd75a5541177c438fc88f90fe0e9,0x2269bceb3f4e0aa53d2fc43b1b7c5c5d13b119a5,1,0x75c83356987c8d813829d9fbb5de504b547750a6
0x717c6dd66be92e979001aee2ee169aaa8d6d4361,0x024a88896b6a85bdacb2de0f23e7fdfca7091f5c,0,0x024a88896b6a85bdacb2de0f23e7fdfca7091f5c
0x37cab9f09a2ffa8c8650dd3de3594e1cf2f38a84,0x4ed06d19e5d6c9b07fd98bb875864a2d0ebdfa92,0,0x4ed06d19e5d6c9b07fd98bb875864a2d0ebdfa92
0x32973908faee0bf825a343000fe412ebe56f802a,0x585faacf6cfc7c379414334c30e1097a26c7cba6,0,0x585faacf6cfc7c379414334c30e1097a26c7cba6
0x56e963ef6e26657ebe9a33e1c769d4f54f0bc541,0x3b612a5b49e025a6e4ba4ee4fb1ef46d13588059,1,0x24a0435dd391a6962d8d99ce19f51f2b540412b5
0xed82fb6c3d17e4d410da7b585c8e4158449ad3b7,0x09448f52f81f83f4547c7d97edeaf8a814750040,0,0x09448f52f81f83f4547c7d97edeaf8a814750040
0x53fe9a46bee7d641415ef5e9cb65c1688dee8677,0x87320a657c4bbc4ce31818802827b1c058e31f70,0,0x87320a657c4bbc4ce31818802827b1c058e31f70
0x4405f35d2f0c5f61b83381dbda7975d69466225e,0x3b612a5b49e025a6e4ba4ee4fb1ef46d13588059,1,0xd6af5c82961f94e02ea75010c887ac3f8a6fcaf8
0x6201ad37c65c2a876f4c86d6bdff4b64331040f6,0xc8e5107a45ea332ef6283b0f0ae9db96e8c3f284,0,0xc8e5107a45ea332ef6283b0f0ae9db96e8c3f284
0x2ebdf252429c33804705f186a79becff3f0dcb74,0x0f7b881d71ef1996d090b5e59a4645d3e35a002d,0,0x0f7b881d71ef1996d090b5e59a4645d3e35a002d
0xa342f5d851e866e18ff98f351f2c6637f4478db5,0x18dd4e0eb8699ea4fee238de41ecfb95e32272f8,0,0x18dd4e0eb8699ea4fee238de41ecfb95e32272f8
0xfe1232b8b920dd3d59368f83e6718431a28ce402,0x1e912a43daf5c418751aa2a9f7825388f623c3cc,0,0x1e912a43daf5c418751aa2a9f7825388f623c3cc
0x6cd83d01de17a8312efeb8e1f58324c54a38ebea,0xe4e06850857b4666cffc05bf477117807761934b,0,0xe4e06850857b4666cffc05bf477117807761934b
0xeb180b57f8979d54a0015c7d7907c2c102d4e292,0x612e2daddc89d91409e40f946f9f7cfe422e777e,1,0x85681f2a78acd4b44df7589f4f5c9d1e855d9d2f
0x65711a2e4b580edeac0d50ade748d03cff9f9ced,0x76f948e5f13b9a84a81e5681df8682bbf524805e,1,0x6a17d3dd92a8d8fdf8a1f27c36a9e046121fc69c
0x637bdaedd71e26e409484a1c56d514e5e9563921,0x000000008924d42d98026c656545c3c1fb3ad31c,1,0xc228a5ca871ca2626ca2d7ff5d1f78a91baf6841
0xf8383172124a1c040c30ce63ce913fb1c451cf4e,0xb664aec62f9196c6e66724bbce036f2e08704aa4,1,0x12458f85a2f5edba82d9c4abe66db3c6803443a9
0xa64177a5389dca9042c7a431dade7e933dd8159f,0x612e2daddc89d91409e40f946f9f7cfe422e777e,1,0x039d7c84bc43f8bc311ec21aeef57dcb45a8091d
0x1337c27ccbf9acd4bfb74773aad5314a7d42568c,0x5247299421a3ff724c41582e5a44c6551d135fd3,0,0x5247299421a3ff724c41582e5a44c6551d135fd3
0xd37a9655d2f73513e9a26a988aa6a563db5131c4,0x000000f20032b9e171844b00ea507e11960bd94a,1,0xef227784e63b7e8979a54b5f82a0e9cac6234fda
0x881432d38154f4c316e2f28000bcbe6694d70456,0x612e2daddc89d91409e40f946f9f7cfe422e777e,1,0x776ee1896bbcf967aeb1aac49b88e53868408c1f
0x52905dd06bc9d884def981afe71bf32fbbaea14d,0x000000f20032b9e171844b00ea507e11960bd94a,1,0x1a7389ea8b2979e03f3a3a4721c48ac23aae2638
0x73acb98f496571b7007c0a44c0e71607db074729,0x000000008924d42d98026c656545c3c1fb3ad31c,1,0x999ba67d233e82292f089c5296478b2048ce6f87
0x2f2be7e7ab1af0c6218d0064ee1e7053fd61f8d7,0x000000f20032b9e171844b00ea507e11960bd94a,1,0xdc9e17140733f9616627f57aebc80bdbc4441665
0x74db74ac6df7a84f2c97faa43316a9eb28c9be9d,0x000000f20032b9e171844b00ea507e11960bd94a,1,0x8e0d0d2cb265e7be51b49b1117eeec18b4550aa7
0xaafaca1aecae1a0c3e68ac7842c5739419fc4e68,0xcc9f512c8a0d4727d95e55297d5a7cecbc65e837,0,0xcc9f512c8a0d4727d95e55297d5a7cecbc65e837
0xf20a72b597dd9b3a0d1bc0a9a86ea70fed0ddd44,0x000000f20032b9e171844b00ea507e11960bd94a,1,0xa39dd7ed059b3071d8a2371687737125c8e9ec3d
0xa3f690a1129c5da8273c89ca7bb593bf89e6c638,0xda2ff50d7f79f4a5aa8bdfbf3f0544ae0be03009,0,0xda2ff50d7f79f4a5aa8bdfbf3f0544ae0be03009
0xee6571b6301b168c817c0f4c2dda25cb6a82bc61,0x7354936bc7a72c8baf5a2f9262e70a52c427be4a,1,0x0b7eb16fbf43d5e67d4a98b2b05527a73b1735cb
0x25cea26942f5ddfbbbba1efffa7443fe6329ffd2,0x000000f20032b9e171844b00ea507e11960bd94a,1,0xeafb9bdf7178cc414bb80aa0adcda515f337f688
0x485fe641d6bf26468ad1c93e4145d3c69640caac,0x7354936bc7a72c8baf5a2f9262e70a52c427be4a,1,0x8eed65d8604f253faaa2569043b0e0cc9cc2535e
0x95dfce1d6dc94ac7c745dd9ac32a3447d666608e,0x76f948e5f13b9a84a81e5681df8682bbf524805e,1,0x629f83c86fce011aff23a83e246aed90a452f35b
0x637bff43e4601529ec85629f868356b61b05cd84,0x19478179ef8bb7c4792a4041903080e097d137dd,1,0x3b7ba751f72a470328fedfb4d4baadcd89b3d5e5
0x7534a788cdc3debd64b4fcc62db4205b8da9914d,0x612e2daddc89d91409e40f946f9f7cfe422e777e,1,0xe46f9b71cceeba78019411d24b7e966b641c5522
0xfc01e7c9e75d22f7940beacbc78d5398f2714cd9,0x4b8693655a3f66502305ae19cb8b2ed75b38762f,0,0x4b8693655a3f66502305ae19cb8b2ed75b38762f
0x6abf8181a6e623a444ea720cd1782d5b6fc54e3e,0x9b18566174416349d179135f52f9f026278edef9,1,0x8a79167a1373062c7e155a3426e15c465c9a474f
0x3c505b72dcacc170e225af2acace4b94d24b7f4a,0xea968e6ac95a95c68bf66decc803a1b2848cdc4a,1,0x11dd935d65dbc8425e8ba1d9ce4d85e8e6000737
0xd97c31a80c7c225886761933e6df217f35004a82,0x612e2daddc89d91409e40f946f9f7cfe422e777e,1,0x824dd3c146c1d3a952a524fed66666947195a8c7
0xa71d4be008b23b0357e7e698a6adefda50c64a00,0x88619ff0cf0985eaceeb27aee829b11801de17b2,0,0x88619ff0cf0985eaceeb27aee829b11801de17b2
0xbe41969df1616678c98438d17136c009d96654e7,0x000000f20032b9e171844b00ea507e11960bd94a,1,0xa052a267ca8ab80b1a297f580aab4b1dd24f9172
0xa6b278a6a0baf454bee8807f4b2479322758ed7d,0x000000f20032b9e171844b00ea507e11960bd94a,1,0x8e0d0d2cb265e7be51b49b1117eeec18b4550aa7
0x7d256d82b32d8003d1ca1a1526ed211e6e0da9e2,0x2511df645f69290ecab08fa3947617fdee954066,0,0x2511df645f69290ecab08fa3947617fdee954066
0xd07e72b00431af84ad438ca995fd9a7f0207542d,0xee1ddffcb15c00911d0f78c1a1c75c79b77c5d66,0,0xee1ddffcb15c00911d0f78c1a1c75c79b77c5d66
0x4bfa4985397f4ce24fb8b40076817947d6dc96f8,0xd0558d3d31283d4978ad0a64ba68a1b6c7da2597,0,0xd0558d3d31283d4978ad0a64ba68a1b6c7da2597
0x35aab5c69cea76e643fd3287ac9523bd670445b2,0xe068647cddbd46bd762aa8083d6e607c53675bd4,0,0xe068647cddbd46bd762aa8083d6e607c53675bd4
0x03d32959696319026bbde564f128eb110aabe7af,0x0476dd58b1ac2682879d1c68cdbd248ffd355574,0,0x0476dd58b1ac2682879d1c68cdbd248ffd355574
0xa3a321135112246b4cd8dd440e00e1b94cb86a41,0x9d080bc9e24a5a8446d4d864414b4a7a03ccc377,0,0x9d080bc9e24a5a8446d4d864414b4a7a03ccc377
0x94c01770f95ba6217b7aab78ceec4043736b1bcb,0x1b25ed8dbe2b84f317da3cfbd109eaf1d3e47050,0,0x1b25ed8dbe2b84f317da3cfbd109eaf1d3e47050
0x350e201c6285d61a11633127361d25a05b2eeab8,0xca6894423940ab96828c50cc97a9f24b5e7c8016,0,0xca6894423940ab96828c50cc97a9f24b5e7c8016
0xef121f6e8ec4b256fd46d2770e331250cd01caff,0x3b612a5b49e025a6e4ba4ee4fb1ef46d13588059,1,0xad006d138bb9915ac8891eecaa14063e0f31bead
0xcd48ecd9110979d6e343bc5ae4cc8035339a35c9,0xe84b1be8848a390830d591331f67e4d56c98a19a,0,0xe84b1be8848a390830d591331f67e4d56c98a19a
0x71c509b05bed3aeabce719205ed5406b371a784b,0x612e2daddc89d91409e40f946f9f7cfe422e777e,1,0x7451a0562a945759ca9b5981db60009ed99c1f66
0x5a1a941ebe42d1968f35cc0bd0d01270669b667a,0x3b612a5b49e025a6e4ba4ee4fb1ef46d13588059,1,0x2b9635abb2ab0863cfe9175d0759d62b7f71bc3d
0x828d6e836e586b53f1da3403feda923aed431019,0xbb8682643474cfbb3651cb3c56b8ee74c034236d,0,0xbb8682643474cfbb3651cb3c56b8ee74c034236d
0x991595f8177c7588bc4d41ec4c68c1212daaa6fa,0x612e2daddc89d91409e40f946f9f7cfe422e777e,1,0x7f484af42b87536adbeff4a12c36053b40b2a7a1
0x0223931f8ddb23bb3049718f35f5cdf4c8259580,0xaed8e151086a85d39166b80bb4b4cec2f6328a7a,0,0xaed8e151086a85d39166b80bb4b4cec2f6328a7a
0xd4a801326879efd4b54a1098d9260d5005e8f122,0x08d8604a1c24fd74b85366aeafb01186d49708af,0,0x08d8604a1c24fd74b85366aeafb01186d49708af
0x4abc61f40b74cb76ca7f24bdce8e05bb48f9b8dd,0x612e2daddc89d91409e40f946f9f7cfe422e777e,1,0x1101b02eefed25c7f856bcdb1efdb7cf567bbba8
0x4dfeafb418c8ce312234fcac3f223c11efdb2e7e,0x454ee605b0e070145fadfce49b072b029099078d,0,0x454ee605b0e070145fadfce49b072b029099078d
0x26b680955bbfb00dc89ac1bbbbff36b6d0e16198,0x4c5287834576f7f1f3732fc2dddef2d2db3fea53,0,0x4c5287834576f7f1f3732fc2dddef2d2db3fea53
0x94b38055af912f1ea289a679d1d06e43f47fd45d,0x8e8d647440fb97f214be7b610ef916be0948375a,0,0x8e8d647440fb97f214be7b610ef916be0948375a
0xcafea508a477d94c502c253a58239fb8f948e97f,0xfac7011663910f75cbe1e25539ec2d7529f93c3f,1,0x46842a7d9372bb7dba08f0729393deda230a03b5
0xbe33bc4aa349a40d84464ecf7e65f7b100bb46f7,0xf84a7dc2609a2fbe84e7cf4a74c65b5faa6f8805,1,0xbe64e5a432b6595621cd3c17314e5d613cba470f
0xb57d4f73f23d9c2231d608cb04b18337074cace0,0x612e2daddc89d91409e40f946f9f7cfe422e777e,1,0x657c1f8421ae93e88fb3171f019779e87b0263ca
0xbf330c7159153efa38094469a028873f37d0fce2,0xa80a9dfaef6feecb193f3cfed3732134ef64ba36,0,0xa80a9dfaef6feecb193f3cfed3732134ef64ba36
0xd1ed59ba589307baad6bc716b34bde6eeba1e86d,0x2e7ea36783f3bf15911b8b15acd6b8322ab21682,0,0x2e7ea36783f3bf15911b8b15acd6b8322ab21682
0xbe8c89a5a2e994caddbb0227fc6c682b2435dc75,0x02a0c1d47714a9b273a3c96ffc2fa56579fa2fb3,0,0x02a0c1d47714a9b273a3c96ffc2fa56579fa2fb3
0x07145989b86054eee3c32299e86aa1244b755e5d,0x1a1427a73b7cb0f4ea3f71c6c8090c4366c8ebe1,0,0x1a1427a73b7cb0f4ea3f71c6c8090c4366c8ebe1
0x107927d7c84e1ed9abe311c0b1804439f4e06b6f,0xdb3ec10fb1898b060cc101bc07e74cbe7cb00491,0,0xdb3ec10fb1898b060cc101bc07e74cbe7cb00491
0xfac2585584078aea59574dd897f421c4de1d91a9,0x4ce1ef3c94013ec0f9607b51a0918426b8dea90d,0,0x4ce1ef3c94013ec0f9607b51a0918426b8dea90d
0xabd64d4571cd88d83b31eb858af729ac12cb4354,0xdbdd8330c7590cda7301d9fb867f86f854884407,0,0xdbdd8330c7590cda7301d9fb867f86f854884407
0xd65f95a40b6de26f6c390fcb8e3377d382fe678b,0x979c341edb41e42b3c7e1206df38fe27c0557a34,0,0x979c341edb41e42b3c7e1206df38fe27c0557a34
0x852d5f5bd1bd710982ed05b158ab13d95ad0d1a9,0x612e2daddc89d91409e40f946f9f7cfe422e777e,1,0xf3394e0495c3c7df08d33e069317887587f90dfa
0xed679d337e51e67a4c9aacf2b1f5136604004685,0xf74b146ce44cc162b601dec3be331784db111dc1,1,0xefc657eb34c48eb5a104282e1c21f2d880ed510c
0xc80c72756af2ae35c64874ea9652c0c9999318e5,0x612e2daddc89d91409e40f946f9f7cfe422e777e,1,0xcd3dbc22e8afd3b8a93b2880982b78d6f5d8d59f
0x1961716e33af05329f7e84d379ff3011791886bd,0x612e2daddc89d91409e40f946f9f7cfe422e777e,1,0x7e19455bc48df19ed73f943f25e91af3b1014df7
0xfd2308677a0eb48e2d0c4038c12aa7dcb703e8dc,0x4e59b44847b379578588920ca78fbf26c0b4956c,1,0x7eddbdbb98004f648f2301f93cc3b2036749779e
0x925928ac2b17398636c23a80b39d2e7755d2d53e,0x3bd4d0f1c2227db1bc5aaa28e50a4ddb4f588be1,0,0x3bd4d0f1c2227db1bc5aaa28e50a4ddb4f588be1
0x2f156bea8017fdb8f88f2b1b64a1b2da2cc7b904,0x54dd164f6f5a683176c2ec6de98d48588dd6b62f,0,0x54dd164f6f5a683176c2ec6de98d48588dd6b62f
0x24853f71e1d2176f97953658b41348435f0c06e3,0xb2019531de3bfda451668acfe40fb3aee59975b5,1,0x3607714c059a49b23695a784d7e6ac86fc0dc355
0x5f980b1b04a19adeed530006aa67415f13f65913,0x612e2daddc89d91409e40f946f9f7cfe422e777e,1,0x10414b5ebe5bd23211d4629f0cfb4e3a3a56c5b7
0x1423fa3caeac6b76a750afcf4d9e17e92a723fbc,0x000000f20032b9e171844b00ea507e11960bd94a,1,0xc81f0142212384776ea1bd7ce20946e5d0ce3b5c
0x6b4e0c1017e7956e1f8a025fbfaa02f2da5d1cce,0x612e2daddc89d91409e40f946f9f7cfe422e777e,1,0x4941ea4a2c5aa0886be9347a6888fb563875dfb4
0xd90bda278ee3a1cc63b5d92556964813079e51ff,0x000000f20032b9e171844b00ea507e11960bd94a,1,0xf9039d1eb7f4b8ff6eb7bea78643f9e9c526d827
0x9a0de961d0850d7c478bb76711907bfa6cc71e0f,0x0007b9c4d506c6be7b4a3d454d078db5899172da,0,0x0007b9c4d506c6be7b4a3d454d078db5899172da
0x9cf21214d82438a083c428db3f06e4668f53f424,0x2cb1ccdeba6306a41be2b6eb89316d85b3661fc3,0,0x2cb1ccdeba6306a41be2b6eb89316d85b3661fc3
0x7cbe948315488634d4714bc7d0901737d013f262,0x000000f20032b9e171844b00ea507e11960bd94a,1,0x44f1430e851b694d5fb3b4904dbc125524d673f7
0x8035f522bd8520881d8ea32e84a1c077b556e034,0x4103a7cd6177c52b2002e92cebefa333cad36907,0,0x4103a7cd6177c52b2002e92cebefa333cad36907
0x1dc1e6608bd47f9151f1f577d187abcabf22c7ab,0x855ce7c2a55bc1c0e206d992bc68f90892994387,0,0x855ce7c2a55bc1c0e206d992bc68f90892994387
0x6b67b34dfded7cf3b32cab94045aa82da2cc4bd9,0x7354936bc7a72c8baf5a2f9262e70a52c427be4a,1,0x76e245cea07b6caeaee72caa0b3675db44ff3b2c
0xf8d3a4c857648a9294ae9167dbe2f9ff4a28c870,0x000000f20032b9e171844b00ea507e11960bd94a,1,0x5ca57dd54989848b928a49e0c4b0211bcd347e5f
0x2b267286cad0f0f5ddbd5842b636d0f96190cd38,0x612e2daddc89d91409e40f946f9f7cfe422e777e,1,0x01e88cb44ad7cb12606ee5fea0e4993322a31a82
0xa50b1b1957af772d561f62d003c6fe706de41a02,0xb2019531de3bfda451668acfe40fb3aee59975b5,1,0xe74a7d49cd02d0f587bb1dba57c0b6114a7f5e96
0x36a083414dff06c5a86821b07f289e9a1583ebe2,0x821a3f43bcf755974e0f992e927a2299505ddf3e,0,0x821a3f43bcf755974e0f992e927a2299505ddf3e
0x1ea7fcc4fff87b2bdd1a3b31bc737d2dfdd7d297,0x99bde8367d7b99d2b1ae6fce12068b49aba47207,1,0xbec40ee8e2621f3f1d6f99b1f969b6c79144a38b
0x823460fd74d322b57cd07562c25c2f01376c71a1,0x19478179ef8bb7c4792a4041903080e097d137dd,1,0x9b308c0aee216179d4dbe825d8c28dea6a33a0ed
0x82dd659d87066992e566f96972dd1ef752deb06c,0x8049fc710d4a1deea6a6bcef772c166ced7a82f5,1,0xafeb821eec9038981ab259eaf12b6677c21d98ae
0x299c2d180342d0ec735aa3b0cb6b6f1900da3b73,0x887455db3b441051794ed1247f4094dbb05b4191,0,0x887455db3b441051794ed1247f4094dbb05b4191
0x507432f9eb86005d528039b5a00638e94b9da983,0x2686544ed0149b134b27009958788cdf4ca8c064,0,0x2686544ed0149b134b27009958788cdf4ca8c064
0x7aab6dacd7e6353ea772acf8de034d7a89133107,0x095678e1bd8b19303c72bcebec8f3a80f33808a0,0,0x095678e1bd8b19303c72bcebec8f3a80f33808a0
0x3bdf481bf73ffd643f1d185d45b8e0d32bee839b,0x000000f20032b9e171844b00ea507e11960bd94a,1,0x916accc918c2b8356167aa65301d3621e27e75cd
0x5167c4e87859519700b3255a76c677e1b8d4348a,0x000000f20032b9e171844b00ea507e11960bd94a,1,0x98382f1ecf3ae41f24c61ab3318ce9b92450a3d8
0x96ab82eff6388a58209e790a03ab6074d8e3e809,0x000000f20032b9e171844b00ea507e11960bd94a,1,0x29cb6386df04b510dac0706106bcbe5e6e43aad3
0x3e58155c399791d74d4ca2c214b0be7269ed68f4,0x612e2daddc89d91409e40f946f9f7cfe422e777e,1,0x6d78b78fdfad5ced626117195c468f0132f3eb8f
0xbb3cb2a5594084784c0c1db18e7e232f4c8418f8,0x68ddc0dbd8227596b37309cccc1a135ae795debe,0,0x68ddc0dbd8227596b37309cccc1a135ae795debe
0x514cff7ccc48c5727be7843391f250b41ce5a8c8,0x000000f20032b9e171844b00ea507e11960bd94a,1,0xb2f1cc8eb2011c00c8bd20196e73f9e4536d1269
0x406f0b03169ca6a51fb1c377221a90096c36fa4c,0x612e2daddc89d91409e40f946f9f7cfe422e777e,1,0x905fb1691f4655846df255fa0d32d5f2c0350e52
0x4b220f065eba36ee1ffb67df04561c86988be62f,0xc25d10ec2eea45ed0970acfefb40bb7569dfea84,0,0xc25d10ec2eea45ed0970acfefb40bb7569dfea84
0x300dd0305861c8698ecb8f4cc987b59365ae633c,0x2f68a3bab7172b3d1b5b23e71d44e220665953d7,0,0x2f68a3bab7172b3d1b5b23e71d44e220665953d7
0x031cb14afb36bae38d4d0d0d0680fe3a77d13a5a,0x6394d4c09110209ca7796ca1092f047cfe4dffc7,0,0x6394d4c09110209ca7796ca1092f047cfe4dffc7
0x4e9b1c25679ad3e5f522b2a9da1595a40dfa982b,0x873f59a0ceaf2904cfcb0e403de2c4bab4bdbc42,0,0x873f59a0ceaf2904cfcb0e403de2c4bab4bdbc42
0x9b7f467e8bf7e6c35135b66995a9fa4166468e19,0x3b612a5b49e025a6e4ba4ee4fb1ef46d13588059,1,0xa49a9459e382d2b9c44dd9588dee6e6852e01db5
0xe8eea7a15abc4815e10755f552c358c43ca8fe3c,0x3b612a5b49e025a6e4ba4ee4fb1ef46d13588059,1,0xd31d14f6b5aefdab5fe16dea29fa46f6b8c15bf2
0x568a6f14c8096983b341b5514930a45637e13222,0x64969d0bae6ec1633b0ffc5c232b353f6560a403,0,0x64969d0bae6ec1633b0ffc5c232b353f6560a403
0xadae0ddaf90170a44adebcfb8eede12041d13220,0x585faacf6cfc7c379414334c30e1097a26c7cba6,0,0x585faacf6cfc7c379414334c30e1097a26c7cba6
0xd0a538bd68412d35933bb80fbf5ebd72cb329822,0x45d29a1087f810390b40611b673e94948da47d8c,0,0x45d29a1087f810390b40611b673e94948da47d8c
0xf44433cca5ca542df7ff9c76a592e09799f5075d,0xd26d194475eaef980c485c03577d16306af477d6,0,0xd26d194475eaef980c485c03577d16306af477d6
0x5beaccfcbb5fc98c01fe29f60b3730bcffb054cc,0x93d240cb0c24fde4292718d1e0b6d5365449fbf5,0,0x93d240cb0c24fde4292718d1e0b6d5365449fbf5
0x2910ab62525030e46ca2e0a2a71fec44124e7613,0xd0375bdec1b21399130baea9fa97dff7657654dd,0,0xd0375bdec1b21399130baea9fa97dff7657654dd
0xdcd6d4a557ff208f01d4c2b5bf829078622c37c5,0x51e78135e8a02ad6dc3e99ca3f08e143779739b4,0,0x51e78135e8a02ad6dc3e99ca3f08e143779739b4
0xa3539e41b8780cc6b1e41837eee58283c36c1a56,0x262456d9a98537f4706324666b28bfa4e9d23446,0,0x262456d9a98537f4706324666b28bfa4e9d23446
0xd15bc65c9b77b9c681079327794399947a9411e0,0x3b612a5b49e025a6e4ba4ee4fb1ef46d13588059,1,0xcdbe89d930b2e57f671fc101649644b1f6836ab2
0x276e74fc41ce7ddc5ae2ef6f3a7bd54460185a7e,0xe22c2f9460e76daf26411d46911b66232f4f1253,0,0xe22c2f9460e76daf26411d46911b66232f4f1253
0x6d4bbc0387dd4759eee30f6a482ac6dc2df3facf,0x623fc4f577926c0aadaef11a243754c546c1f98c,0,0x623fc4f577926c0aadaef11a243754c546c1f98c
0xc12803d3665b12940c2a7083c13ceb3caa8c79fe,0xad2a71c0da7c07df25af2b62e2915b671c750535,0,0xad2a71c0da7c07df25af2b62e2915b671c750535
0x838eab86becbbf74f3b0a162f4ef307fdc993e8f,0x612e2daddc89d91409e40f946f9f7cfe422e777e,1,0x9d798c05e496c3c6aea4f0ce2b6edcc213d20d86
0x3fb69d0a0c73abb4a5749406c27ee08e1ff16b44,0x76f948e5f13b9a84a81e5681df8682bbf524805e,1,0x6a17d3dd92a8d8fdf8a1f27c36a9e046121fc69c
0xb97096460d4d0d69d3c254deb1bf209a33bd85de,0x000000f20032b9e171844b00ea507e11960bd94a,1,0xbe8cf4b1fc13f1791babddc00b77bfdb011b11fa
0x0ad23645110e3757045e37977209e558f8654ea9,0xb21260b963e37ada76c3957b2e248edddc512618,0,0xb21260b963e37ada76c3957b2e248edddc512618
0xadd42f079d5f735b8b6f4a1549e46f27a656b021,0x1edc442bfa491a9f165ddb36ba7d57b7ef5ecdcf,0,0x1edc442bfa491a9f165ddb36ba7d57b7ef5ecdcf
0xc1afb298e209401b9f56a1709b3e2187d964d52d,0x000000f20032b9e171844b00ea507e11960bd94a,1,0x9bf5b3bfe9038f2cfcf7e91010e36c060f4d5331
0xcda882d50bfb76de643ab4646f6952199980e755,0x76f948e5f13b9a84a81e5681df8682bbf524805e,1,0xa3c93e6ce53151b946726284c2d88abcc0680427
0x8c97855f596c462d661d5c81b66c53f6c6bb7734,0xb2019531de3bfda451668acfe40fb3aee59975b5,1,0xbe4ffd2e416cfb6f2bd7e9eed40877be642a4e1f
0x8a1d743592960717c2079d836d26167dfdebc82d,0x76f948e5f13b9a84a81e5681df8682bbf524805e,1,0xa3c93e6ce53151b946726284c2d88abcc0680427
0x878653be86ee95b712c94b03ead9c5b65e9ade12,0x935436897b50bee53f84f11bcccc8da91ae22f74,0,0x935436897b50bee53f84f11bcccc8da91ae22f74
0xd0b96b462c99c13989fb6989fc2f6ba2210f545a,0x6fd6afe08202d7aefdf533ee44dc0e62941c4b22,0,0x6fd6afe08202d7aefdf533ee44dc0e62941c4b22
0x26d59230933418ca3542a0f278dda6ee04d975b2,0x612e2daddc89d91409e40f946f9f7cfe422e777e,1,0x23b60de9500218c67b83c8d7662ca55d85f25306
0xe5f997dc9a3b447fbe44a1589fb0b4936bc1871c,0xcf10097022fe92fa601eaa8beeff6658c3dc1b12,0,0xcf10097022fe92fa601eaa8beeff6658c3dc1b12
0xa48ead8ff500a2e8443eb72c540783e1d40e77f7,0x315b1490a0318fc4c443348783daad91651e5e85,0,0x315b1490a0318fc4c443348783daad91651e5e85
0x940851224765e363a89d2b9b6bc7006079201124,0x000000f20032b9e171844b00ea507e11960bd94a,1,0x6c072d17b6a80ee3aa1fcaf0701dea456ef89436
0x8ee0162c1050cc6fa8ed13025e8f26d3e96480a8,0x733cf2b788daf29b9095763c78bc0aa4147aceb7,1,0xb043b8899be4091d3a49cbefb7db4e9ae1cbed65
0x10498c7918d9d1d5d372d869d11d6b37a932a739,0x000000f20032b9e171844b00ea507e11960bd94a,1,0xf3bf5e4d6de471ca9b91a0700654227834256c42
0xb78bed89a5bb70c3cf0f7d1fd33505cb9c8d08ad,0x414b3c3efbd98c13ae84cdb882f29aef6100af90,0,0x414b3c3efbd98c13ae84cdb882f29aef6100af90
0x6beba56ec634dd3cb1824e73af14a51cab94f763,0x000000f20032b9e171844b00ea507e11960bd94a,1,0x8dd331de57c2b1305cd3c2792bbc5383136f3b52
0x96b1d206541cbb9641ebce23bb864976e1db0e1d,0xf038687178aba3e6fb7c6a7afe384881d0d90548,0,0xf038687178aba3e6fb7c6a7afe384881d0d90548
0xe24a22ef988b78085010f6f8498da9ca3b2b2ed2,0x442295de8a31d65026dbc09c29d469f6854f188a,1,0x329f3a45a09566c1118d10260bdadff901a0702e
0xd4d37e4fb59fc83b097bc7b0d64ab95229be198b,0x0637550c36d016febc961007a002fc005213d94c,0,0x0637550c36d016febc961007a002fc005213d94c
0xa711f9c1690fcd67268c5d10ded1576b4824fa13,0x000000f20032b9e171844b00ea507e11960bd94a,1,0x68aa551182ed6614ebcc79fd71fbdec8ee0e958b
0x5b20c4f8b21bd22dda2a67ad3ecc1f774488370e,0x612e2daddc89d91409e40f946f9f7cfe422e777e,1,0x75a869521ddfa498ccd1a93945830bbf49823042
0x1d925fb59396ced9aee1f04d9cebd714236d37a7,0x000000f20032b9e171844b00ea507e11960bd94a,1,0xae40895bdd138ee5d37efa025d96d8953f4cf409
0xcec0f846916aba76fa73084e427b4628f663cd82,0x000000f20032b9e171844b00ea507e11960bd94a,1,0xcf2e31ef940283212e7b5b6098b07f3b8e234aba
0x49433b57a404ba6684869f2f270d01be4ad6b5c0,0x000000f20032b9e171844b00ea507e11960bd94a,1,0xb438654e19a5f79f5176da5eabfc3064f51afe64
0xc8288bd0a9a750006d94272446061639b55e4207,0x000000008924d42d98026c656545c3c1fb3ad31c,1,0x33accbc9d309a7efb3fd98b0405696bff4042ad0
0x02c73fef8c41e75e53812409c582847fe2623af7,0x000000f20032b9e171844b00ea507e11960bd94a,1,0xbd7a1c16d7b3af4af6d1a0fd7437466d765656ce
0x5ce65d95d4f549f02d0ae2a0d591f114e1b14a75,0x000000f20032b9e171844b00ea507e11960bd94a,1,0x65ce15335e199561146baee350ea3c35b86876f3
0x32547a16aaeb5ffc5860ec2368a2fb84b7ab3f7f,0x000000f20032b9e171844b00ea507e11960bd94a,1,0x450105608c727a5367c174cce4491bd738261893
0x8e3382a1249c96c884fe4b34cdd4eedf8435761c,0x000000f20032b9e171844b00ea507e11960bd94a,1,0xd505903cc865be69de20b17719e70fe56170b28e
0xb66a603f4cfe17e3d27b87a8bfcad319856518b8,0x3482549fca7511267c9ef7089507c0f16ea1dcc1,0,0x3482549fca7511267c9ef7089507c0f16ea1dcc1
0x10f02e414e7cb7c64daa7140cd967db31d04ae18,0xa49c0d9a786e659a0557281b4fa72cf8cf08f6cf,1,0xfbc3b76a206f03f1edbf411f280444cd3fd9c7c8
0x94f6655cd3078157b07df370572f4f6cdae78771,0xa49c0d9a786e659a0557281b4fa72cf8cf08f6cf,1,0xfbc3b76a206f03f1edbf411f280444cd3fd9c7c8
0x6f906b03d5afda15118bc0029a4e9c31921e9072,0xf552b78964dab03961781d489e2b64351ab78b79,0,0xf552b78964dab03961781d489e2b64351ab78b79
0x6747694c362ca53ffa3ca45e3c4ed0e340810d1c,0x3b612a5b49e025a6e4ba4ee4fb1ef46d13588059,1,0x216ef3053825a87c81591ed7eb26086ee512b68b
0xac639e2732f47d3749a2c37aa49a4afba3e09daf,0x3b612a5b49e025a6e4ba4ee4fb1ef46d13588059,1,0x8d1207bebfda9597f811e81d4e8ec36674607647
0x1a00e447b14aef6350fb3f920a6bb7032edf2721,0x615e8391d3f17fa4e29824b29ceeade2c3adcf4e,0,0x615e8391d3f17fa4e29824b29ceeade2c3adcf4e
0x94ee593b5e9bf08ff5caab70e827e009db0e2712,0x877b380a5252e84f8a4bd37e2149ceb40f6058f1,0,0x877b380a5252e84f8a4bd37e2149ceb40f6058f1
0x1fdae7f20adf82e1b34afde93c928fbf9a8273ac,0x3b612a5b49e025a6e4ba4ee4fb1ef46d13588059,1,0x6051276bd6b6469e23f24c3dd35f166412037990
0x4e6097019e9a6d333637098fa7a19f81bb74cea2,0xc852ac7aae4b0f0a0deb9e8a391eba2047d80026,1,0xa921af7e4dd279e1325399e4e3bf13d0e57f48fc
0x7bcf7e5191fe514cf807be830b4ebc7c73fa85da,0x6e25cfa7e590b0d2a86c3f3d60c78e2816b74df0,0,0x6e25cfa7e590b0d2a86c3f3d60c78e2816b74df0
0x62e552f2027a573ae02b3581affd54a024ca2246,0xc2bb44d407637ee2b04a66ae5b322d20340f63ee,0,0xc2bb44d407637ee2b04a66ae5b322d20340f63ee
0x573ed8e2f8c5bdf210d53e6213c365476a8f28a6,0x3b612a5b49e025a6e4ba4ee4fb1ef46d13588059,1,0x9b5f27f5f3814303c56e87b32be8bd5f5dc6be87
0x82976a0cadc3d694ebd291405caa4ac9f49ed70e,0x6dc03a62a704641316fc5c9c773d851820e4bac0,0,0x6dc03a62a704641316fc5c9c773d851820e4bac0
0x53975f264a02eb415602a780af632bc132a20ca7,0xcf74685c9865e959329b846a7785c2e126b67f03,1,0x64522bf668846761d5b8da8de1053f474c0b7b4d
0x55d1422cd99e98abfa1a4c13983aa2765b6ec539,0xa7efbb4a06a680f3b65c5861ec387408ceafbec8,0,0xa7efbb4a06a680f3b65c5861ec387408ceafbec8
0xfdf8c857acf71259cb6d0bb9a0131fb148f0cb3f,0x612e2daddc89d91409e40f946f9f7cfe422e777e,1,0x45245bac97f259983451fac344c4df01f2870946
0xf01c577380845449b9faf9f76b1b12b8c2524761,0x612e2daddc89d91409e40f946f9f7cfe422e777e,1,0x57ddf91b468d5b07fd19c4ebfea5bcae01e8bb07
0xd396e2018b67446b134c30a89166487a8b2abd2e,0xea568e172e5a311c454ed57dc1351ed512c245e1,0,0xea568e172e5a311c454ed57dc1351ed512c245e1
0xab1dbc8caf38e993b28b3d3c502489fb96ef5a96,0x8087682879a674775889ba3becd54e0951645dd3,0,0x8087682879a674775889ba3becd54e0951645dd3
0x44a3dd4dded100a61e91f02346314ed40766db11,0x6abb96ff62603b0646624f2cb517476194263fc8,0,0x6abb96ff62603b0646624f2cb517476194263fc8
0xc20ae005e1340dab2449304158f999bfdd1aac1c,0xd45058bf25bbd8f586124c479d384c8c708ce23a,0,0xd45058bf25bbd8f586124c479d384c8c708ce23a
0x0b77c1a938d834f09b47855af9f53d5a50e27960,0x0eac5a2634483d1e36a7f9adb0f40bbe842a4954,0,0x0eac5a2634483d1e36a7f9adb0f40bbe842a4954
0x4275104523c0f04dc392770ecfda580a4d3fea25,0x612e2daddc89d91409e40f946f9f7cfe422e777e,1,0x161c5f394ee4c3e927d505c5de51f93ddbb31b31
0x83cc08e3783e9ff097e87a63bec7503465c84714,0x3379ecae0f83cc9ffad89ce25b17d7414408bee8,0,0x3379ecae0f83cc9ffad89ce25b17d7414408bee8
0x464f89268e2c6b0b1303f1d1b4e0fac890040a09,0x6072b510aa765dd2f31975c9aa65dde39fd1a282,0,0x6072b510aa765dd2f31975c9aa65dde39fd1a282
0x23e1ae533db450d959c82c51954ff7c02230413b,0x48c323447baaf17e8b36fccee9285129743b6d58,0,0x48c323447baaf17e8b36fccee9285129743b6d58
0x46c7abd09c20555afbfc8660bb3b83dd5a3810de,0x233cb1da57342a254bd8827dee771ca376dd0958,0,0x233cb1da57342a254bd8827dee771ca376dd0958
0x903cba740672bca3d5a08a55205c91ec6cf2e6a4,0x7ab125904af75823858bdc7259a08b581999c0ae,0,0x7ab125904af75823858bdc7259a08b581999c0ae
0x9e7a6f71d90d9ee2390f164b7784161f7d44eee3,0xe5a8edb7b89abdb5102be6fc6519526740a31af3,0,0xe5a8edb7b89abdb5102be6fc6519526740a31af3
0xd65574f5400c8d29a691a94f3f0aa5d5da7bddfd,0x456a616bcf96c19b560cfd39cad4bd84c5abb2e5,0,0x456a616bcf96c19b560cfd39cad4bd84c5abb2e5
0x98ecc66b313df064317438df8db3b374ecda9b8e,0x849748025144250d0921d6542537eb51ce449e87,0,0x849748025144250d0921d6542537eb51ce449e87
0x66ea7dd5e87ab245128bde6bfd8cc4ae2db6f81d,0x269c6fb228eb602bd01d14dbc402555c665e11be,0,0x269c6fb228eb602bd01d14dbc402555c665e11be
0xe7dff277e8bd0acc7aea08761751ca28a518e878,0x66cc485492c73e3e52407ec553eca6a01d733dd8,0,0x66cc485492c73e3e52407ec553eca6a01d733dd8
0xc0b39ea64d2b5446267a77accc20364bc06a4014,0x612e2daddc89d91409e40f946f9f7cfe422e777e,1,0xcfc2729173d1ef8d25050c76b84ec5af1fe7bd44
0x570972a0325b51b6d829a240655c8d2e41c498dc,0x40fb32f9bdb0294a95edc7f6e341d054593669e8,0,0x40fb32f9bdb0294a95edc7f6e341d054593669e8
0xd4416b13d2b3a9abae7acd5d6c2bbdbe25686401,0x0904dac3347ea47d208f3fd67402d039a3b99859,0,0x0904dac3347ea47d208f3fd67402d039a3b99859
0x38dc741359e034c1eaa551977925e6b22bef8305,0x1423d7ba74817a2617fa3e69b609a54e4daf6f79,0,0x1423d7ba74817a2617fa3e69b609a54e4daf6f79
0x043eb8c736724cccb8b71e952f42ab350e2d71e1,0x5dbc7b840baa9dabcbe9d2492e45d7244b54a2a0,1,0x9a5b8f6f2404674968b7d8b28396024ddfdb780f
0xdcf17ce7044869c235b570e7a4fd63decc0169b9,0x61c27c635cdf909be3d4ce09c2455210109bdb21,0,0x61c27c635cdf909be3d4ce09c2455210109bdb21
0xce47f096e0bcfd4bfd97605d4014f6b5dad0d377,0x3a5e247429201d70fae0ff28e41fd8a1ca50af5a,0,0x3a5e247429201d70fae0ff28e41fd8a1ca50af5a
0xd7922cd333da5ab3758c95f774b092a7b13a5449,0x7354936bc7a72c8baf5a2f9262e70a52c427be4a,1,0xf8a323e916921b0a82ebcb562a3441e46525822e
0xc367024757f1eb8cf80b7f4b2d6703d81e31e677,0x5dbc7b840baa9dabcbe9d2492e45d7244b54a2a0,1,0xff1896cfc912ceda37319eba452906dea8cb343c
0x75dee235d2ea7808dbdc06e6d87b54fc250ebca6,0xf86a918e487e0e942db3e48a9f3b86c5bddf8446,0,0xf86a918e487e0e942db3e48a9f3b86c5bddf8446
0x5f7dc18309e93e09d36451695fb7d149b5e82d3c,0xa649f70776d330c3813b746d34100a4c4b140222,0,0xa649f70776d330c3813b746d34100a4c4b140222
0x5128af14eebce0867c27e6e42561fca9beb2ee8f,0x595173ec6437cbde23b97234a80d489c6e72185a,0,0x595173ec6437cbde23b97234a80d489c6e72185a
0xc771ef64a0114acafb1b224e0646d94583fca4bf,0xf92073107520a778ed6ad4dd7c5dfabd4dcb8d91,0,0xf92073107520a778ed6ad4dd7c5dfabd4dcb8d91
0xa15c7cdd902ca08e129756b5f0b7caa74a55cc3d,0xbb7a17b6ccfb6dcd152e098d7c8519f0b334cd13,1,0xaa1fb9dd20c05dff08ce66c330fb0236304ea121
0x15ed3e58f187416e2bcd411eb085efaafffc8e60,0x19478179ef8bb7c4792a4041903080e097d137dd,1,0x1a5b3b878f9c4bbac49ba5c0f8ea4df09bae6bad
0x5d3187940fe6335496b4aa52b2b40516b9a183a2,0x61f98e7e7a6953d6a4c9841101097f76bb451031,0,0x61f98e7e7a6953d6a4c9841101097f76bb451031
0x6b2ef4b0dda234bb0a73b12c69558e578c747e35,0x973abd1eac5820e995bd2d6e429dc2f5c467607f,0,0x973abd1eac5820e995bd2d6e429dc2f5c467607f
0x6b343dc8d8bf3941e34701bf93782537ef66f140,0x65f27600931eaed406099448f5768842a727b365,0,0x65f27600931eaed406099448f5768842a727b365
0x07493f6d027de62a9a84d1f6359c85f66d55ff70,0xb5f616e448d66e8c8ed90e548cbd50e9cf291b1a,0,0xb5f616e448d66e8c8ed90e548cbd50e9cf291b1a
0x3f0145a7c7276a7158aad255761e4b363b7ee683,0x612e2daddc89d91409e40f946f9f7cfe422e777e,1,0x83404d164057cc82f125eac5631eab9a657dabf3
0x1fd5a4eafd7cc2ba9e6522575b2f10fa0e1e02dc,0x4518344525d32415f3ebda186bdb2c375d9443d6,0,0x4518344525d32415f3ebda186bdb2c375d9443d6
0x12b361c2bf45ab9cc0b2dbce0c396f93ec150536,0x612e2daddc89d91409e40f946f9f7cfe422e777e,1,0x94d903150e921033ee0f7e759718cd45b48122e2
0x4c022a368249b0e3b9d7a46b3ba6a6e53ff26772,0x85e0fdb1260f718fc232d6ad2f7ee2694a1b8f32,0,0x85e0fdb1260f718fc232d6ad2f7ee2694a1b8f32
0x0112603e20381f7ebaf43dd26b885184c57153bf,0x000000f20032b9e171844b00ea507e11960bd94a,1,0xc6a3336c14c22e534c316c085f0c905d46368850
0xd7a70289b8a9d237a131d67d8e158e0a2de5e567,0x000000f20032b9e171844b00ea507e11960bd94a,1,0x814decf4adc0d724d5b7dec0440ff39bea555e1d
0xbd70252363c1ba25fe90f0d97284b7f9fdbe9bc1,0x000000f20032b9e171844b00ea507e11960bd94a,1,0x66df1953eaf36440fcca03ccb0e3607c182109f6
0xc38205d669d6e673a60309c34fdd3ac9337e5797,0x000000f20032b9e171844b00ea507e11960bd94a,1,0x383cd15e3e03d31cca36157f30faacbd8cf31921
0x7a4b499dba5be11985baa7dc205e56de07ab8e88,0x000000f20032b9e171844b00ea507e11960bd94a,1,0x2988fd5fe54d8711a3e1c06e31f7a54aad685747
0x52c5d2d0470976e724c4f4faeb8d30d45d0b29aa,0x11224b685ea405b9ad21df5572fb15a443df2f20,0,0x11224b685ea405b9ad21df5572fb15a443df2f20
0x942d07f06c88db9e22616226a7ba253358ba2778,0xfe30c5365ec8bcc482622514f0a3d3600e95968e,0,0xfe30c5365ec8bcc482622514f0a3d3600e95968e
0x20dc967e423424ca65f159688383a7c795919920,0x612e2daddc89d91409e40f946f9f7cfe422e777e,1,0x835f1d5910f6c6523e80e9b7e8e5f31f1a8ee6b0
0xcc9ccddd5c37754e763706f78337fde718e23983,0x612e2daddc89d91409e40f946f9f7cfe422e777e,1,0x377e8e279c76b57062d045b66a24618e9fa13547
0x2612783dfc5c1126dc5795bcdb3475b92ee1c562,0xb2019531de3bfda451668acfe40fb3aee59975b5,1,0x380a38cca9cc898ddf8be3b95d1b3af93707df98
0x80c1724638d2d76a02eb124685c33ee7b9b45443,0x612e2daddc89d91409e40f946f9f7cfe422e777e,1,0xba262882ce119661e0650bdf0d085a0db79901e1
0xac9b04281afb51d73dc4ca020f1b44917e0a98d3,0x3127bfa8cfe2e7909c0e4e9720271d8e7b0c0501,0,0x3127bfa8cfe2e7909c0e4e9720271d8e7b0c0501
0xdd74ca629bf62620301050d0afacd3efaac18177,0x612e2daddc89d91409e40f946f9f7cfe422e777e,1,0x002652b2cebda595da4c2707a83146b5f5b63494
0x99ce5582cadd9c5afcef1c202c8f11194b5b2b87,0x612e2daddc89d91409e40f946f9f7cfe422e777e,1,0xd735db175fb7cc284ed04f220d21d0cafa7ba1ef
0x9d764bcf1affd83554b7626f22eab2ffc60590c7,0x02f086dbc384d69b3041bc738f0a8af5e49da181,0,0x02f086dbc384d69b3041bc738f0a8af5e49da181
0xdf87f7ddc0fd96056f49feb2559fa17e81c0126d,0x865f1d6fcc44d3e5b65554ac56d729a180250f4d,0,0x865f1d6fcc44d3e5b65554ac56d729a180250f4d
0x5575e0cac8b8499c8288174d6fcc0879cc03d67f,0x000000008924d42d98026c656545c3c1fb3ad31c,1,0x2f5bf48294a40657c3e0b61527141ccbb0db5f98
0x06f8d2596a04fe9f5db82048aa76be3baf558e27,0xf038687178aba3e6fb7c6a7afe384881d0d90548,0,0xf038687178aba3e6fb7c6a7afe384881d0d90548
0x097a633bedb4e01ba9aea14bdb32bfc8be61d0dc,0x612e2daddc89d91409e40f946f9f7cfe422e777e,1,0x9f218c1380ad55e4a40b4da89795bd56e93e90ea
0xa910aa56b1757a6497da99379681b27f7ebe48ff,0x000000f20032b9e171844b00ea507e11960bd94a,1,0xe702af54f90c11050ac8546c7a0ee68450a385bb
0x78dc769c25f23f88febc9ef4484b52e887160295,0x826c6db893f258d3268c480499c144326bac456e,0,0x826c6db893f258d3268c480499c144326bac456e
0x326490a8f5dcaeaa4a2ad9ea902990c5b0834d9b,0x77d234079df8055e15e4f050dd91ef141a1ef090,0,0x77d234079df8055e15e4f050dd91ef141a1ef090
0x8df8339409b5cae1b1e7ad55333f5e6692643c1d,0xa7071299be9de85a7ac0c170e7f129856b7adc9f,0,0xa7071299be9de85a7ac0c170e7f129856b7adc9f
0x0054d1ca5e9edf39d103cfd6b59aaae6333c2b96,0x000000f20032b9e171844b00ea507e11960bd94a,1,0xe65c1984086266b208b10b427cadca79ad778c9a
0x21db7228a350bc313d4f6f9df0386cddc74d6bd5,0x7354936bc7a72c8baf5a2f9262e70a52c427be4a,1,0xa04c769a7415ee8d6715a2e4f5e0e76167fd48a9
0xead112b65371134b82beb6dc528f173118347a88,0x612e2daddc89d91409e40f946f9f7cfe422e777e,1,0x27e14bc04206ac4840d94b6faf770840b6e7ec77
0x82fca064355d49c15f8b8787c331c7754d604762,0x31337ea3bd4351aabadd917bc44b8219f6ec4a55,0,0x31337ea3bd4351aabadd917bc44b8219f6ec4a55
0xab9e426942c1f31a9e1333993573f7d40c7c3ad3,0x589bceb4529c049daa4d4a3c4f794725e64c8f97,0,0x589bceb4529c049daa4d4a3c4f794725e64c8f97
0xbd9300bc5b596b1ccc1ed7b5746cdd4879269f75,0x9aa81b4b3e1db4ab9bd1b78974e001981f8ea5ba,0,0x9aa81b4b3e1db4ab9bd1b78974e001981f8ea5ba
0xfee27fb71ae3feeef2c11f8e02037c42945e87c4,0x695d77976f3ff7cf12b859aef79f865667be3e51,0,0x695d77976f3ff7cf12b859aef79f865667be3e51
0x8d53afbeb62c18917b5f71385d52e8ba87669794,0xd95eaf5591961e304e33b52730963c1cfaa09b7c,1,0x0e03fb6b2252f96282ebf0a867e5afe58e4b03fa
0xf5331380e1d19757388a6e6198bf3bdc93d8b07a,0xd131a948d773adbc052a979ed079e50fd3563c9e,0,0xd131a948d773adbc052a979ed079e50fd3563c9e
0x1522f380a830d0248183f6a2d50afda191257d56,0xc9fb3fb35b5bb40f9ad4e3c6ab004bf7c09b678d,0,0xc9fb3fb35b5bb40f9ad4e3c6ab004bf7c09b678d
0x7deda0afe6df3da6a85a87b371f8b464c30c6803,0x0e73bae581b171e01413a1dc92f591398c5fac5f,0,0x0e73bae581b171e01413a1dc92f591398c5fac5f
0xcbaa7d2055433cd536e903f1787cf3200e837eb7,0x84156faf4391a38d2955beb44f457ab154f2f6af,0,0x84156faf4391a38d2955beb44f457ab154f2f6af
0x962750a1a93fe3aa8b2bc5a80a103d7f26ff6c0a,0x3b612a5b49e025a6e4ba4ee4fb1ef46d13588059,1,0x3d8029d8db9f4fb98842fd99bc48412870c43973
0xe71a8ddcad4a950a1bbea58a301f62b5337ecb5c,0x23e9b28d139e5bbe66650ca85cdfe79ce707cf99,0,0x23e9b28d139e5bbe66650ca85cdfe79ce707cf99
0x385137a9f5a298cc620471b1cff4f4c070aff4b9,0x4e81dc6ecbf10282cbd770c127a4cdd33743047f,0,0x4e81dc6ecbf10282cbd770c127a4cdd33743047f
0xbee68c70544a32f3579be9afebad8e956bec4f4b,0x612e2daddc89d91409e40f946f9f7cfe422e777e,1,0x2ac3285e2d4b27847f7b1dda9c20f26cebe84367
0x478d642f8f74aa4c214ff0c702ce352d2eb6968b,0x000000f20032b9e171844b00ea507e11960bd94a,1,0x132107bd0caac59ff7ef098217183c09cebde64b
0xe2f93dd3bdd800c73af1b941b2c8aa8e8b0baaa8,0x000000f20032b9e171844b00ea507e11960bd94a,1,0x64b703140ac2be808e4238899013bf43f3f28b8d
0x22bd7fff9395aa0d4d743e11d4ae8b09908d8c81,0x000000008924d42d98026c656545c3c1fb3ad31c,1,0xc3d909683270f33842dd8f566f8f960ca219875d
0x47eb5040cbc2858c56d8b6a313bbfbd978b89df1,0x76f948e5f13b9a84a81e5681df8682bbf524805e,1,0x0007b9c4d506c6be7b4a3d454d078db5899172da
0xcc98b68f3d0d3c663f0ce30b16abcefba7da6172,0xef5d077566b7e6483cb91bd0cae864e8ef2a8740,0,0xef5d077566b7e6483cb91bd0cae864e8ef2a8740
0xc70eb8e1135847f8a94a316cfdd8089952082f16,0x76f948e5f13b9a84a81e5681df8682bbf524805e,1,0xec39e438f789a171f115686dce134f8e10a36a48
0xa5b1817bffdd568629bf6dcb64083823ac627268,0x612e2daddc89d91409e40f946f9f7cfe422e777e,1,0x9f218c1380ad55e4a40b4da89795bd56e93e90ea
0xe1e6e3a6743f66dd62adbf5b7ea1fa9138d3f9f5,0x000000f20032b9e171844b00ea507e11960bd94a,1,0x8f64eccf45db034d7830f700455f9cbfe8222e22
0xac99060c72559a311188e9116f46560eb8e8b173,0x612e2daddc89d91409e40f946f9f7cfe422e777e,1,0x29bbb2014ac9c1e73ce88f6be44be8da900f9758
0xa0f4359ab1845da4b3f8c6f2acd1b154520d4499,0x612e2daddc89d91409e40f946f9f7cfe422e777e,1,0xb1fffc7e16fdc101804809af44fe651b4c52b3b5
0x7228cdea27834d6649e6fc7a944b73df01918849,0x000000f20032b9e171844b00ea507e11960bd94a,1,0x2d8636325087e2eb47600c47fa97deb0a3af536b
0x915cde31b0724dea238d3f8ad38abfa751fd7c89,0x612e2daddc89d91409e40f946f9f7cfe422e777e,1,0xe869ea56398b4309f6d1a45e948f259b9c2a7aed
0xe3bc766d92e120d620e92212972714a878678cf4,0x612e2daddc89d91409e40f946f9f7cfe422e777e,1,0x71a7702ff3d858a0853a918fb44c537740a8bde9
0xe8f6505ba26a9f5e5fdc3eefcd08e27245bccbdc,0x612e2daddc89d91409e40f946f9f7cfe422e777e,1,0x637edede8f4278f794fbbe8091a9338c2eaff9ee
0xb7102d405b289cb13259dc7c422fea3ad9569307,0x000000008924d42d98026c656545c3c1fb3ad31c,1,0xb8c91ed966e98fc55d382a82408f6c1e13a17ec1
0xd45589eb74c68645d981f336b8b7898f1a0a06d1,0x612e2daddc89d91409e40f946f9f7cfe422e777e,1,0x377312158d69c7d524fe7cabe4d3511ceb512179
0xd0bb40d66324c8bfc805cd298388c69c5a57d95e,0x000000f20032b9e171844b00ea507e11960bd94a,1,0x19bd860952e8b8970548d26a4ef3b155590c50bf
0x430ad324f74458bef3fdc3fe67d916697adc826c,0x548e467b23628ad565980842f95f2da98ae0fac7,0,0x548e467b23628ad565980842f95f2da98ae0fac7
0xa4692b80e55134439893ef8183f1b294d0cc3aba,0x000000f20032b9e171844b00ea507e11960bd94a,1,0x1740684e400218a2833af85e1f991e92d061fbf4
0x84e47b9194d127290a6528877cb7bc771cdad90f,0x000000f20032b9e171844b00ea507e11960bd94a,1,0xbd782ed820547974aba0efbb7a038082ff8ac98e
0x73883743dd9894bd2d43e975465b50df8d3af3b2,0x481d9c7624a0f01333fbaf2cbef81b56977cd9e1,0,0x481d9c7624a0f01333fbaf2cbef81b56977cd9e1
0x9da9d93023d021f89bfd8d7bbb3f6e84f34883d5,0xedc31c4e8962e15ba8fbf574a1c9242ce10741e1,1,0xb9d5c93ec9aba93180ddd00a628e8facc3103039
0x494496ce9847dcd63664197d835908031385f491,0x3b612a5b49e025a6e4ba4ee4fb1ef46d13588059,1,0xa01bb659c07b4196d73da56c6fa6c3cd411dd6ae
0x8f7437edd4302e7e2488176795e7d5c120526410,0x3b612a5b49e025a6e4ba4ee4fb1ef46d13588059,1,0xa286e0c0fd25bbeadc028f1c073769bdd665a08a
0x4f37a445acb3134c7df08349bcf6cfcbe1f399a6,0x3b612a5b49e025a6e4ba4ee4fb1ef46d13588059,1,0xf40fb06cbd73cb499d1ca7a83cfecdf92cd32070
0xa620c9b6a88d71a98f3f0fd97a456f7f9471133d,0x139c8919ce2b7fb8a04f929d83b8c54c116c692b,0,0x139c8919ce2b7fb8a04f929d83b8c54c116c692b
0x57ef27a72f316915979c759dd98c6c00ad1b3574,0xb98c3bf0c412ed7c7120507bf12f22df35a1345a,0,0xb98c3bf0c412ed7c7120507bf12f22df35a1345a
0x7134acbad019bacda2a5b679601fbf0af557def8,0x612e2daddc89d91409e40f946f9f7cfe422e777e,1,0xb30bd997dcea4b465ebb4e41d02d418ba7e138d5
0x9a1972501fdcdf463dca81d957005f8e13c9a9d4,0xc00a9ba526583c49a08416cee0c7ffc54c2154f4,0,0xc00a9ba526583c49a08416cee0c7ffc54c2154f4
0x837269bd02fd5ece6579566c2bbdd22974bd276e,0x55c13890aaf70b450f0bf1e0faab9036a0929ea5,0,0x55c13890aaf70b450f0bf1e0faab9036a0929ea5
0x109d9e8772ebf79a86ed842fe0bc54bd4202f721,0x1bbc698566cb863382b3f101ddb6b46b4b60debe,0,0x1bbc698566cb863382b3f101ddb6b46b4b60debe
0xb98ecbb0339ca935231e01d0b0511591b0f7491b,0x9c918f01e8e7d10b74e84e154bc6d9b58c642801,0,0x9c918f01e8e7d10b74e84e154bc6d9b58c642801
0xb648ed2b8a2386a0598ccd84dbb2489dc09aefc4,0x195fce941ae0c972b8dc814d2059537b67f14038,0,0x195fce941ae0c972b8dc814d2059537b67f14038
0x4b0cdeda832d05eebbe1874a4ca1e421d2bc1b28,0x5038100c83686a22bb78760d3793ea2cacc27254,0,0x5038100c83686a22bb78760d3793ea2cacc27254
0x8570ef8b2b793a0e641c9a6c0864c9968416da75,0x2304627254c52c9c3799927d19fb12d6cfdec0b0,0,0x2304627254c52c9c3799927d19fb12d6cfdec0b0
0xa1a84a0387231366fac64711be80de197121521a,0xe5e11deea750f13aab60b780c3a0f62b08b89c9a,0,0xe5e11deea750f13aab60b780c3a0f62b08b89c9a
0x23977d781906c4f6dbdbfc1395c01ed661319cb6,0x13257e056112d578414e5d291926c9d684d5d9ef,0,0x13257e056112d578414e5d291926c9d684d5d9ef
0xdfd8f4f860164d70a85a8d218585e08331fbf55f,0x54dd164f6f5a683176c2ec6de98d48588dd6b62f,0,0x54dd164f6f5a683176c2ec6de98d48588dd6b62f
0x00e7f406d7bd8d3ebfca26828c4b1a1a81fc28c1,0xc137550e56a4c0c3e2dc771e354a44d57d19d2c1,0,0xc137550e56a4c0c3e2dc771e354a44d57d19d2c1
0xcd37b0eaf59ec8ab2228ba69ba11072c867bb1c5,0x5f23bf4d66ff4ea4e4c888ea9ef13404fbeb7b49,0,0x5f23bf4d66ff4ea4e4c888ea9ef13404fbeb7b49
0x0635c438bc66d3177ba3de5411a10ecc25f8c512,0xb5bc74caa3b0b139cc6ee3b0c47b6852ab2c6500,0,0xb5bc74caa3b0b139cc6ee3b0c47b6852ab2c6500
0xdc6fbed93d1cda58001e53434ed168d0ee143294,0x9f61557a6e135755bd9237b451e1761e039daa2d,0,0x9f61557a6e135755bd9237b451e1761e039daa2d
0x90526591206a769812aa9917e30c7b919717f024,0x612e2daddc89d91409e40f946f9f7cfe422e777e,1,0x01f60c3ba044a188f857014ea0e4e690a3a5c628
0x773e382689fede99122033b98c6b3a9be3038823,0x1a49096ba1a258b51f7e60c703dcf799f0959cf8,0,0x1a49096ba1a258b51f7e60c703dcf799f0959cf8
0x2f963160b10145ab195afd3b733cb02cdcafa7aa,0x30a454f0149fc9bbe0bfd362a07d35f4d09c119f,0,0x30a454f0149fc9bbe0bfd362a07d35f4d09c119f
0x4fbdc4ef27b915d42b99de157485312e1df056d8,0x82888a271fae31794493b9f95d5f0f7175b810e3,0,0x82888a271fae31794493b9f95d5f0f7175b810e3
0x28d6228c6251300915b2f899616cbfae568045f8,0x784a410b891ee92612102521281a3e222a6e326d,1,0x17cd072cbd45031efc21da538c783e0ed3b25dcc
0x0dbc2528c7c2eecdd48cf9a96a48c6010f0116f9,0xa1f919e8cd3c1bb60b8e64b50bd13d788e57252b,0,0xa1f919e8cd3c1bb60b8e64b50bd13d788e57252b
0x0bbab7f045499ff0658dffb6c830fed09f5e29a0,0x55f9f26b3d7a4459205c70994c11775629530ea5,1,0x0a3db8ec24e955ef327dc370cf502c08eed8e192
0xd43ac01ef7e1a8d84837a4e14cc05bc8566ab62f,0x9114a618632d35ffeb2267d9623ca7e84fe0e296,0,0x9114a618632d35ffeb2267d9623ca7e84fe0e296
0x7b5ae07e2af1c861bcc4736d23f5f66a61e0ca5e,0x8602f7b5602b38b1e30a9d36c63bea7dc02c8410,0,0x8602f7b5602b38b1e30a9d36c63bea7dc02c8410
0x9f79e46a309f804aa4b7b53a1f72c69137427794,0xb8559af91377e5bab052a4e9a5088cb65a9a4d63,0,0xb8559af91377e5bab052a4e9a5088cb65a9a4d63
0xeaeab9f1b25fa00fc01a3fce521b47e88527aa02,0x6dd0eaf6f3a076304fe946a70c87cfb67d10a132,0,0x6dd0eaf6f3a076304fe946a70c87cfb67d10a132
0x2a6f45d0e8341df6a2b8fce795668a14ee9a405d,0x4735117ac47cd53338f742174bf2d7c5a6667ea1,0,0x4735117ac47cd53338f742174bf2d7c5a6667ea1
0x76123528df2648789dec381ffcf72e4747dd82d5,0x1ed826b8d24570db1a991c3e170177dcd1459a2d,1,0x96157c354c6d36f4e125bee20a1f65c6f69cb3a2
0x8101b12fc8971e4a54ff4b847309a8ea70ada9dd,0x97b28d2190beb7bd652e11ce0e1a17d9af41c99a,0,0x97b28d2190beb7bd652e11ce0e1a17d9af41c99a
0xdc90f377f1dc80ff27c6ee0d09179a388c4c4165,0x612e2daddc89d91409e40f946f9f7cfe422e777e,1,0x8320e47ec91537d3e7ab0eeef74605afad56e880
0x91bf034035c0abe130ed0176541c33415300b72e,0x19478179ef8bb7c4792a4041903080e097d137dd,1,0xc01cde2107319fd2107dea94d5479285dd0f20e1
0xaddee1603810d51cbe9a445ea274d8a2f4c44478,0x612e2daddc89d91409e40f946f9f7cfe422e777e,1,0xa88544b5a4439916cee9d5d78f47fe2a2c755cea
0x4c17437611fc562f1fa9501e5c053daaef23303f,0x612e2daddc89d91409e40f946f9f7cfe422e777e,1,0x6755377e2ef1a73b56d9af4e7bf5a09dfe055728
0xefb95e27cdb5055ed5967b7a2c19f32d47a56de3,0x84a6d99bf8ddd08ba199868d8f562c89aa4e9233,0,0x84a6d99bf8ddd08ba199868d8f562c89aa4e9233
0x294fed5f1d3d30cfa6fe86a937dc3141eec8bc6d,0xb8559af91377e5bab052a4e9a5088cb65a9a4d63,0,0xb8559af91377e5bab052a4e9a5088cb65a9a4d63
0xe83cef5486946e555c4589ac769b4a3ce930ae56,0xbb7a17b6ccfb6dcd152e098d7c8519f0b334cd13,1,0x229c487eaf50369e1ada49893a1ecddd4d513114
0x90e75d101154f859c4d2f344ba7b40db65b3fcd5,0x7354936bc7a72c8baf5a2f9262e70a52c427be4a,1,0xb4dd18b65617fec45f28c38baf2ef10328b770ea
0xac213ef6b429672f0ff7e3ba3da7e896f5d45a4e,0x966685481e52b636ea474aa5c6ffb0ca20a7caf0,0,0x966685481e52b636ea474aa5c6ffb0ca20a7caf0
0x020d5c9e91e1a131030b2c162aba2273c30836f1,0xc540001a5a7f78fa1ad87b9dc89a63a609195104,0,0xc540001a5a7f78fa1ad87b9dc89a63a609195104
0x0baffbc59f93f356edd1f8a5211128684786918f,0x8230a4cb486d9ae98710f4eff9d94bbc2f26e771,0,0x8230a4cb486d9ae98710f4eff9d94bbc2f26e771
0xa08a4d5cd9de34df7d8ce3b3d79f40bfc8274a71,0x9d7993bb14673fe606b1e0cb6c45f5e479a95a82,0,0x9d7993bb14673fe606b1e0cb6c45f5e479a95a82
0x2c5ac27276b8e7eb1fb77cd175938b74690b040b,0xc90f44cbc3a8eeb198c564245eb2b853090039f3,0,0xc90f44cbc3a8eeb198c564245eb2b853090039f3
0x28f723b2fdffa111122e896f972e42ce8c4a7673,0x612e2daddc89d91409e40f946f9f7cfe422e777e,1,0x14b97f09f4ebb8515f2b31ff6f9f7256d3cda783
0x99537319dc0719023c4381ffd8abdeadafaf9dbc,0x612e2daddc89d91409e40f946f9f7cfe422e777e,1,0xba3fd2cbdbf15afa98f9c42562e953f5f5cd60b8
0x3c41533bf343027534b81d3b587dc227669ec5c8,0x7a6c83e0796378ec96cef59f3caf9e16bae13c5f,0,0x7a6c83e0796378ec96cef59f3caf9e16bae13c5f
0x329060f998d990b15b3c4f92ab16ff24cc0da8b4,0x000000f20032b9e171844b00ea507e11960bd94a,1,0x6cc5ff7f1ef78af51ac0802d2a37d9735618fb16
0xca702260a12ca7af4ab7a1cb9f8ec65de40af3d7,0x612e2daddc89d91409e40f946f9f7cfe422e777e,1,0x6a8be3d07bf6e89c4089585709b34b9023347e79
0x80613550b71594ecc7ec5829b4a6f0a96eb93a33,0x5d01c5c68aeaced97fb272cbafaca789dbf4993d,0,0x5d01c5c68aeaced97fb272cbafaca789dbf4993d
0xad1a0acd4ff6196859e16339ca00c4f8882dfb63,0x612e2daddc89d91409e40f946f9f7cfe422e777e,1,0xc14296959259d2c6774aecda8d09d3cf42267f1e
0x0f5ee97fe02858b48445d2bc6ade15f9173001ab,0x9b2cdedc2c9ebc2cf6a7ce809e1445193ae9c940,0,0x9b2cdedc2c9ebc2cf6a7ce809e1445193ae9c940
0xe019420fb5992f4f09d7a44f53deec37c6e20ba2,0x45d5bebc86b7c7594aae9c71ca0f4eb1ba43c30b,0,0x45d5bebc86b7c7594aae9c71ca0f4eb1ba43c30b
0xb846c2882ab0eb557669e82fc3577f4da88a3dba,0xe73739c857524d09708152489370dfbbebd6585a,0,0xe73739c857524d09708152489370dfbbebd6585a
0x9dd35baed8435c040a12f223e7ec636bc3d7c00a,0x612e2daddc89d91409e40f946f9f7cfe422e777e,1,0xd910201439151ab8d3a2601a99b1f70347b92a3d
0x07a16cd96e5af62bb4a400f61e1fc37213eff67a,0x000000f20032b9e171844b00ea507e11960bd94a,1,0x6c03bc659c11ba5a1e4e4b12c1cf5105502a9868
0xb72490948bb8bf1a3e6a8b93441ce7d0c0a8144a,0x3e070155c3099e557847154c9637ade3510cbda0,0,0x3e070155c3099e557847154c9637ade3510cbda0
0xa30fe963c2747067334c614cbd4b951c6cbd8e20,0x612e2daddc89d91409e40f946f9f7cfe422e777e,1,0x34a124b036c3963b15948b8e8be0dfae05e914ae
0xf670d4b195e140d29c4561c2fed9973e5ce71f5f,0xfee04844191a0675a6f941647c200f889a4cb719,0,0xfee04844191a0675a6f941647c200f889a4cb719
0xbe7cf276b6e25cc677cb373121efe3a943e1bec7,0x38225de2eda59e37b4b452c904fe21c507bbe4fa,0,0x38225de2eda59e37b4b452c904fe21c507bbe4fa
0xc606eefa7889e4e15b9a27c4ee6eb11346ec8c4d,0x9109c5b9a5030532b4f116e055d3b1f1e74654cd,0,0x9109c5b9a5030532b4f116e055d3b1f1e74654cd
0xabc404a274137a61a441f9819e9e5c7854635f68,0x7d6276517df98361edd9f2ddb3374d6901b9773f,0,0x7d6276517df98361edd9f2ddb3374d6901b9773f
0xe686d5dc19826834948e7279a88f6c53948a4240,0x7354936bc7a72c8baf5a2f9262e70a52c427be4a,1,0x6be12cafa11c8f92079ee7329aaf2c217d46b988
0x51e0be6994797743a0e0e1b827e231e877abc7c0,0x612e2daddc89d91409e40f946f9f7cfe422e777e,1,0x174cd4cd4b023dcb812dcffc45d52d3185782e48
0x2ce3190a21993a6940dd3b9a66e2a7dd599daafc,0x612e2daddc89d91409e40f946f9f7cfe422e777e,1,0x077829fd20cce1f05a3782039fd509d82476ec15
0x182f30a66f6c5d885f6837a2da93dbdd55e1793b,0x612e2daddc89d91409e40f946f9f7cfe422e777e,1,0x9f218c1380ad55e4a40b4da89795bd56e93e90ea
0x0c903e8130b2bcbc98cf28c25deb35c461497b7f,0x7f99acc18a490163a6184d89fe2a2fc80b8fe2ba,0,0x7f99acc18a490163a6184d89fe2a2fc80b8fe2ba
0x58180d3ae8e9afdf88e558f3ee6fe7a8538fc185,0x000000f20032b9e171844b00ea507e11960bd94a,1,0xa07da0a0e3d47f12a7f70338293438ffe99c70e8
0x2a3203df40f9aaee7c5cb587f2f2846653e3828e,0x4353bf7ec088518a1f1e6679fcbe54d80ddf1403,0,0x4353bf7ec088518a1f1e6679fcbe54d80ddf1403
0x07ba6bbbb5b2dc3ec1c2b583de4d534dbb030c9f,0xba1d520bb168c385362fa57e30c2727e2eeffc03,0,0xba1d520bb168c385362fa57e30c2727e2eeffc03
0x3c01051673c2a7e7acbbc28ac2bcdfb6a78fffdc,0x0b7056e2d9064f2ec8647f1ae556bacc06da6db4,0,0x0b7056e2d9064f2ec8647f1ae556bacc06da6db4
0xe46c0f1843756dce9b8d39bca3c44ee0262cbd71,0xff5fe6e0d3d48c90a66217dd4a7560a3ed8dacd2,0,0xff5fe6e0d3d48c90a66217dd4a7560a3ed8dacd2
0x5bc2fa9426e882710d055c1a60f8cc93a31edc58,0x7230658a27841e0072d12b5961ef5f4ca6015aad,0,0x7230658a27841e0072d12b5961ef5f4ca6015aad
0xd4b9f3b2af7f3f9dea6b53bb49a642a21c79c4d9,0xfe588c79166bf423ddce78d7f266d5651c8405dc,0,0xfe588c79166bf423ddce78d7f266d5651c8405dc
0x51d84330e9b0be75ed4fef85d61ebc51fc0aa677,0x1964923a14701b45f2e36ff39fb19f40749eb011,0,0x1964923a14701b45f2e36ff39fb19f40749eb011
0x0c5c8c539cd635a5353e6bf51357069c34085ca4,0x17d68761a8e62e7acc067bc06cf7f4dd9c437220,0,0x17d68761a8e62e7acc067bc06cf7f4dd9c437220
0xb0e0698f196e16cd353d409fb19e3536076b7cae,0x4ae67e0d2ec76703f25c00c1a06b1be8d6b80e71,0,0x4ae67e0d2ec76703f25c00c1a06b1be8d6b80e71
0x84beb95095033483fa195907497c77b31ba510e2,0x9e03bbd9a0084d0925b0da7cf69cbe9df80854be,0,0x9e03bbd9a0084d0925b0da7cf69cbe9df80854be
0x1bece8193f8dc2b170135da9f1fa8b81c7ad18b1,0xfda462548ce04282f4b6d6619823a7c64fdc0185,0,0xfda462548ce04282f4b6d6619823a7c64fdc0185
0xd2041cf271af17a8d40441525d90134d1c16ab48,0x1b12e022f7ea3e16b3bfcf9f55980992bfe0320c,0,0x1b12e022f7ea3e16b3bfcf9f55980992bfe0320c
0xed7e3f870d6c3137b8aaade2c09d9591e14616c9,0xddb404593d03fde90d87d1070e026f45d9b2f41a,0,0xddb404593d03fde90d87d1070e026f45d9b2f41a
0x6e244b5c103d550021ac85215e33a3c370a5c21c,0x000000f20032b9e171844b00ea507e11960bd94a,1,0xe4da9cf0875b5af7ca1d5bc0b226e6219130cc25
0xf9fb39825f8dff4a39d34f5659a1e3e0b5bfd24d,0x000000f20032b9e171844b00ea507e11960bd94a,1,0x42d86216787761d6ae0fcbffcfe18c71c8515972
0x80fdef309e36f52a9b5c4dbb102de4257daad7b6,0x612e2daddc89d91409e40f946f9f7cfe422e777e,1,0x85b25d05a356cb8e17bccb4af0d5773e22c46bd6
0xdc6f8e434a7e0db46d416b6959d8175dafa5be53,0x6d4697bf32014ed00a695c8c68b37ff195d33c29,0,0x6d4697bf32014ed00a695c8c68b37ff195d33c29
0x7dfd366633f42f9158ea0a4406957edd4fea0f9c,0x000000f20032b9e171844b00ea507e11960bd94a,1,0xf3a2e97f73b50e8c94f99078954076183f3e6216
0xbd40b5386c8604f5ea0dfd7b04fb8cfec8d8d6a0,0x000000f20032b9e171844b00ea507e11960bd94a,1,0x610ce35feab1530fe459db07a71506732929de57
0xc509d87095ccc659c410097a31fb93bdc08a78db,0x000000f20032b9e171844b00ea507e11960bd94a,1,0x2eff6d82b48fafe6fe292eb5a253111c497d3079
0xccc6ff503f814056f1558cc6e86df59ce25627e2,0x612e2daddc89d91409e40f946f9f7cfe422e777e,1,0xba262882ce119661e0650bdf0d085a0db79901e1
0x9e4d961d4bdb6c5ea35089800c7fd4e865fbd90d,0x000000f20032b9e171844b00ea507e11960bd94a,1,0x2cecbdb61438d14f576c7044a5a3249c481c25c3
0x52d5ff8444be7d89a9954c9c1c477bb26f1cb13a,0x442295de8a31d65026dbc09c29d469f6854f188a,1,0x365c231a37e1de128e62cf173923a7fbae785860
0x38fe82cbc1e79da430283f0f86e645c244b03b0d,0x37a1a5191c107570d4b50ba50675a14b4437446c,0,0x37a1a5191c107570d4b50ba50675a14b4437446c
0xac0c6a9c15b346cfeefad32b5a4103c189714218,0x913b55d1ad953b9d7fe2f78ff844addd74ceef3f,1,0x508af7d60430dd2ef94e289206b5008902a3ec3f
0xa3ca1f66616035fff903688ee842711ae76f2f96,0x913b55d1ad953b9d7fe2f78ff844addd74ceef3f,1,0x508af7d60430dd2ef94e289206b5008902a3ec3f
0xb0e1cf7900b5b357c86da275f703907c6cb27199,0x913b55d1ad953b9d7fe2f78ff844addd74ceef3f,1,0x508af7d60430dd2ef94e289206b5008902a3ec3f
0x6164f4049124e32245d57fa151ad643f79c8a1bd,0x913b55d1ad953b9d7fe2f78ff844addd74ceef3f,1,0x508af7d60430dd2ef94e289206b5008902a3ec3f
0xa09b151e4d0c580c357c10ac328f202ac36c3640,0x913b55d1ad953b9d7fe2f78ff844addd74ceef3f,1,0x508af7d60430dd2ef94e289206b5008902a3ec3f
0x8e9a62f5e8a51c35e91002b88783243175024b0d,0x000000f20032b9e171844b00ea507e11960bd94a,1,0x286d239e3630b64fd982c08d6e799f66f51069da
0x29118d4b838edbf73b1a6cb95b50237ed754ef1a,0x000000f20032b9e171844b00ea507e11960bd94a,1,0x359fbbcd5d2ead51ce5681c1055ca73e9092681e
0x05aa2472dce721a8bb3b53a542bb542a779bb9cf,0x000000f20032b9e171844b00ea507e11960bd94a,1,0x286d239e3630b64fd982c08d6e799f66f51069da
0x875d40d4d11d74449b3a4d455afaec72b79d5925,0x000000f20032b9e171844b00ea507e11960bd94a,1,0x450ab77c68a867870fb50761430dc5099fddbfa0
0xe3475c42d6fca4fc529eaabc4b8d6cfbf1a8b359,0x000000f20032b9e171844b00ea507e11960bd94a,1,0x46449f990e95e59da9c26f04e22da130586db2c3
0x48dde8fa6e438fa1e7ac8f99d9541cb4681a3a28,0x76f948e5f13b9a84a81e5681df8682bbf524805e,1,0xd9cd6718dee3aff04797c6f271638bb3dfb031a7
0x0ef62d9506be62e91381eec05ee4ec71163969b0,0x000000008924d42d98026c656545c3c1fb3ad31c,1,0xbb86a6090cb3037b27b4e27f0c9c897093751b04
0x8d0b6456b230c54f74a321279e08924f3a3a73de,0x000000f20032b9e171844b00ea507e11960bd94a,1,0xeb93b1a498b858ca5edc0f30eae390463c754c93
0xb9d8715b6fcb0d72cd1d8fda6c2303f03dbcaab0,0xdca92461efc399b821b09cbc8fff41eea1064d8f,0,0xdca92461efc399b821b09cbc8fff41eea1064d8f
0x86c20fa9f94a7e7f1a726e830435cb790a025755,0xa9e0f1fddc02db59b879f7286a4433a20670df6c,0,0xa9e0f1fddc02db59b879f7286a4433a20670df6c
0x2447a071789245c2bab308919c3b4612bb7b5997,0x612e2daddc89d91409e40f946f9f7cfe422e777e,1,0x0bf2f8fe00fc93d21a87dfc947c174d2f8f38e19
0x74e71b38ee5805b7e7529b32cf6cf5d319f10f06,0x000000008924d42d98026c656545c3c1fb3ad31c,1,0xd651802345ca94f39b78d285e6bc3e8fd26d8f5e
0xf6e39d4840b0e463ac07657ebe082be57f6d2dde,0xb792e941750c4ed3c9cd6d5a6c98057d65d01b29,0,0xb792e941750c4ed3c9cd6d5a6c98057d65d01b29
0xe589afec8abbd5bfb502ab31ed7e708104bdb06e,0x3b14cad1e8711f5f263c3b1fc78f765b0d4bb583,0,0x3b14cad1e8711f5f263c3b1fc78f765b0d4bb583
0xd495255ca4a7f0f0dcd1d53f662607764558a5c6,0x4369cea3ea6b07fac2a506e5954d1511a2936042,1,0xfbc3b76a206f03f1edbf411f280444cd3fd9c7c8
0x50949b9a1fc93390419cd8843527ccd9d26f1fe9,0xa49c0d9a786e659a0557281b4fa72cf8cf08f6cf,1,0xb9d5c93ec9aba93180ddd00a628e8facc3103039
0x02c4394307de62241aa8d5a0915494a96b288261,0x3b612a5b49e025a6e4ba4ee4fb1ef46d13588059,1,0xe842f44eb015491ba6fb34896e52aea201e37bc6
0x633369b7869d06cceb639bf04ee7f2e752ed4655,0x3b612a5b49e025a6e4ba4ee4fb1ef46d13588059,1,0x0fa5da2ffa1a394692ad43213037efa05075a9de
0xf11dd90cd6ef63f2725e40ae759e835a81ea0f5f,0x3b612a5b49e025a6e4ba4ee4fb1ef46d13588059,1,0x76c95cfdb5e55a3831353aaaeb6433abee1294d7
0xfab11dff3f9299cfaf730f9ba5be45a8fa9df9cc,0x3b612a5b49e025a6e4ba4ee4fb1ef46d13588059,1,0x6d1831fd1db64e63a8fcb5c51ff653943e643ef0
0xd32b5b9490ddb419165b303a561bb6cd3325bdf4,0x231fdcac73f9fed1ac2d12af5f7cea39456019d6,0,0x231fdcac73f9fed1ac2d12af5f7cea39456019d6
0xee0e2c91bb398e492f9058e664bc7ae892de3275,0xeb5f49f7cc9993d2b296b0ecfcc1e1290615d76c,0,0xeb5f49f7cc9993d2b296b0ecfcc1e1290615d76c
0x490343769dbcf0cddd5d5cad83e7c0c5a440c69d,0x612e2daddc89d91409e40f946f9f7cfe422e777e,1,0xaef649c795a6881a837359dca535c714e990b6b5
0x662f59bfcf70304d69bb885c7ebd93134f4b6b30,0x612e2daddc89d91409e40f946f9f7cfe422e777e,1,0xdaaaff07f1b96fbe92f3470a65dca108158c5e9b
0x793a1c935dcf869167930a86b702012b3d5aef58,0x612e2daddc89d91409e40f946f9f7cfe422e777e,1,0x4bbe831f3a6b31b41079a41418e78051f165c574
0xed42155a89a7495c4d66ab1d88a48c6186c40846,0xe25384b0cba42e063d653f5e8229b7d901600be6,0,0xe25384b0cba42e063d653f5e8229b7d901600be6
0x12a4f2d9f2d9ad775213466572c287bd48e25c34,0x2f64232b3624dd045c62aa9ad17c99039755e2e5,0,0x2f64232b3624dd045c62aa9ad17c99039755e2e5
0xc39e902bd114ce76101ceb8431320c87c1d96800,0x6bdb9732075a6da79c82c5c0d4b1b8249fb9053c,0,0x6bdb9732075a6da79c82c5c0d4b1b8249fb9053c
0xc7271482f4bdd68f104ec88bb80ad118a627bc8c,0x1a2be848d7958570966cc20b1c521d8945cda8c1,0,0x1a2be848d7958570966cc20b1c521d8945cda8c1
0x91fbe1de7d5fa88853fdd6fe677a602bedc4a89e,0x32bf12496a580a819d77e8e8f234edf5b6f3e448,0,0x32bf12496a580a819d77e8e8f234edf5b6f3e448
0x7d3ef02fbd58fa1600b8c631c8205cc6ef89552e,0xe19a6c81be025dddc209764a18a3fdcd71253d7d,0,0xe19a6c81be025dddc209764a18a3fdcd71253d7d
0x0a8d311b99ddaa9ebb45fd606eb0a1533004f26b,0xb031159ca0a4b3841e3278b5361639860262d512,0,0xb031159ca0a4b3841e3278b5361639860262d512
0xcba8338fd8e5926ce549b78731db4df02b2c183e,0xb386e92acf9279cebb13389811c22b77cc649bd6,0,0xb386e92acf9279cebb13389811c22b77cc649bd6
0xaa37c2af105f08cdf8e4e191416e0f623c7fa175,0x27c272f649f561fa470dccedd426acda0eb57cce,0,0x27c272f649f561fa470dccedd426acda0eb57cce
0xeb5e5d3524dfdd15716ab89a9ff0f0517b58191a,0xa5e982ea48576ba81b3d6da10ae7435c15cacdd1,0,0xa5e982ea48576ba81b3d6da10ae7435c15cacdd1
0x54e366df95e46312b8057404fa5982314bbecb1f,0xa02f57b8bb35e3a9b5e0caa5568469f289b08fda,0,0xa02f57b8bb35e3a9b5e0caa5568469f289b08fda
0x1645787ddcb380932130f0d8c22e6bf53a38e725,0xf74b146ce44cc162b601dec3be331784db111dc1,1,0x15f064374a8e6a40c96fc7d5e9ac1cdf3e312efc
0xa9fb4271d702baf05ea9e4be71ee0c019bb0ba7c,0xe17f1ec3916df923be2882f22fa4e6e85265d4f9,0,0xe17f1ec3916df923be2882f22fa4e6e85265d4f9
0xa94da06f179d17e1b8be75762bbfa8fad109eaa3,0x8cddc1b9dc1f960eb8ced1ae90ef074f099bd6ed,0,0x8cddc1b9dc1f960eb8ced1ae90ef074f099bd6ed
0xa028000316032283d5282acf6724f2f30e6b3a91,0x612e2daddc89d91409e40f946f9f7cfe422e777e,1,0x81386de58f7c600746f17007efcda23d127182cd
0x5e50e684ed294d0010b9353effe70b85e558dcfe,0xdc1f95ae6f1d07b3e6c1553d09636b451b270943,0,0xdc1f95ae6f1d07b3e6c1553d09636b451b270943
0xe1d80b1396176774e5e8c22129c25d5ab6bc1153,0x440ea6e3a475fa393f24896e41a97a427e028d37,0,0x440ea6e3a475fa393f24896e41a97a427e028d37
0x618f80de5e32f281c3acc790e00fc719efd357a5,0x8c1c319f13abfa03342ef727911035134efdbd9c,0,0x8c1c319f13abfa03342ef727911035134efdbd9c
0x1ed5b9fa16485b0dc02fc4f20949d663d908b476,0xc5950d4ed0cbfc97b3b2591d6bf1bf5100807aa2,0,0xc5950d4ed0cbfc97b3b2591d6bf1bf5100807aa2
0xd6d503f0f788f3c2d553be0b5460ba4e2798044d,0x7354936bc7a72c8baf5a2f9262e70a52c427be4a,1,0xf76b00b44f70a377ace77d5c0a4eeb6aea1a7671
0xe646aa2a403f5b1df1310746b45ab45667a64c58,0x62b08bd6ff6b0028101d547ce40e8d9019e0c0fe,0,0x62b08bd6ff6b0028101d547ce40e8d9019e0c0fe
0x03b1458fe995c6760da16a574c17494d1ed88fa1,0x6bea091265d4afa3db65b4cf45cde1884ca96f6c,0,0x6bea091265d4afa3db65b4cf45cde1884ca96f6c
0x9b8765ad43d9142816348a315895f6a2e54314de,0x86901878b47f2347a6f30caf87ab4658c2cc5e2e,0,0x86901878b47f2347a6f30caf87ab4658c2cc5e2e
0xc0ffee8ff7e5497c2d6f7684859709225fcc5be8,0x4e59b44847b379578588920ca78fbf26c0b4956c,1,0x32220f07dbcd18149f619f28cd09fd911cc0372d
0x37ef950c277e0fc5a20e279428eec975b01211a3,0xea968e6ac95a95c68bf66decc803a1b2848cdc4a,1,0x91741358297a707384fd3a5e058ecfdca65031f9
0x1d762ca34138c6b1e85d52b6edd734b831a0ddeb,0x9b4fefe302ae8db54641a538e44dbaba3a2a6b18,0,0x9b4fefe302ae8db54641a538e44dbaba3a2a6b18
0x9e0663fb65d763d64aa7d00c68d2a989b43ccfb2,0x19478179ef8bb7c4792a4041903080e097d137dd,1,0x447f38033f4005f82ff23ac7eae5ebf103a68181
0x2e3059ab26d3b104ead2ecfd84e5bbd53aee5822,0x93b34003169bd7cdb3e0710fedff4cb6795a32ef,0,0x93b34003169bd7cdb3e0710fedff4cb6795a32ef
0x635f99d039612c27e0ec669e069a10168fb87a30,0xdb7b1a018741196b2cf9b04bc5b701de1df37acd,0,0xdb7b1a018741196b2cf9b04bc5b701de1df37acd
0x1538c5ddbb073638b7cd1ae41ec2d9f9a4c24a7e,0xf74b146ce44cc162b601dec3be331784db111dc1,1,0xd7029bdea1c17493893aafe29aad69ef892b8ff2
0x5afd71b844f22fbd170043b662bcb28bfcb2bf2d,0x51576404b949210e485b05433636c7f750d5564e,0,0x51576404b949210e485b05433636c7f750d5564e
0x64fd16ef9a31e400309b1395dfc82cdfc9c9cc46,0x6fde8d360b989993bef08969c6482af2f9986521,0,0x6fde8d360b989993bef08969c6482af2f9986521
0xb04fcffb79f5364fc01f2dc72541cd1281168156,0x4034add1a1a750aa19142218a177d509b7a5448f,0,0x4034add1a1a750aa19142218a177d509b7a5448f
0xce3fc1fa33cba51dad1a940474cca06e422fb787,0x646ae8d95575561fbd03f2490122d8fb2f4f41e2,0,0x646ae8d95575561fbd03f2490122d8fb2f4f41e2
0x69ca3940689761803e29c1ecc4c72ea3b7bc2d9f,0xa7949b4de5f5d6d19b1b83665b75a017b0a1b265,0,0xa7949b4de5f5d6d19b1b83665b75a017b0a1b265
0xc4c17603560d24ef3d002b9e6777913300932e0a,0x612e2daddc89d91409e40f946f9f7cfe422e777e,1,0xefda6c2482c14ce47b3a1a553bde0326f7e17d23
0xfe8f5a65e2d39af5a27c52f24752a94e204c52ff,0x000000f20032b9e171844b00ea507e11960bd94a,1,0x8f454b836a4273a4411ac188bff8b815c0d8ea04
0x03d252e95c12e98f6d0c771f2eb81e82c0e64740,0xf7583de644c04efd0082b69e6b2ddd8abed3732b,0,0xf7583de644c04efd0082b69e6b2ddd8abed3732b
0xf798fe41608d583b37fe8aaa8c87eb51c9c67ff6,0x000000f20032b9e171844b00ea507e11960bd94a,1,0x13bbaa09e6256bc83c747ce2c242cda8a4680cc2
0x151f4f89bfce78202a15ae9712191fda4547547c,0x000000f20032b9e171844b00ea507e11960bd94a,1,0x286d239e3630b64fd982c08d6e799f66f51069da
0xe28e9e45956dee1c10ede156864f7fce2793c9a8,0x612e2daddc89d91409e40f946f9f7cfe422e777e,1,0x77037050bb27ae8f09118a0c480224d897589c65
0x3d64bf6d7aa4c6487f10fa6c0fec039ad1cd9320,0x9ab486d599873c6c316bc14c829c701dbe2444d8,0,0x9ab486d599873c6c316bc14c829c701dbe2444d8
0x0f1443252d0ea42b9570ed2600df381ee109253a,0x1ca2007d4f2bc0ec2a56ecb890e56e05f36182df,1,0x0a044194cfe1c1cae52ffa925a46fed350f65475
0xf421300045dd2133fc8943bf10f91a1c5d49ff1e,0x000000008924d42d98026c656545c3c1fb3ad31c,1,0xdca8983b8bd48a7baf06e5a4dcb583e8769fd6f8
0x14a725839184f879f3c09ce3d707e5a3e4c5869d,0x8ed1282a1ace084de1e99e9ce5ed68896c49d65f,1,0x0e0be581b17684f849af6964d731fce0f7d366bd
0x224935b9a0e88f499e8e8af01fba41e3442a7109,0x000000f20032b9e171844b00ea507e11960bd94a,1,0xd442dd1cf74dea4fde5acf148b751e2426535e48
0x832a271eca86de0039255a6a7fee596409b37917,0xd003861bbcb67b3d2a26a9e3890bd64c97bb6931,0,0xd003861bbcb67b3d2a26a9e3890bd64c97bb6931
0xf72ca04b8c059d135d77846643946aba0694504b,0x612e2daddc89d91409e40f946f9f7cfe422e777e,1,0x3e0914fc2b3b67a476142020b7d6990d01ad234e
0xf266d34572119876712d8825513f0a51a44f61b8,0xc4c313291e03aed45259397ebc55a158bd2820a0,0,0xc4c313291e03aed45259397ebc55a158bd2820a0
0x51af07d09c6f7542475902a55a382065c03f79e7,0xd08955a6a10dd9a81af166e34a3da2db3ad194e8,0,0xd08955a6a10dd9a81af166e34a3da2db3ad194e8
0x2cde9919e81b20b4b33dd562a48a84b54c48f00c,0x1247f36104f71d5849d4d4f8a5a95e56b03e7fdd,0,0x1247f36104f71d5849d4d4f8a5a95e56b03e7fdd
0x3801f5b67819c02aeacede26b020e5ac518d1e45,0x93b34003169bd7cdb3e0710fedff4cb6795a32ef,0,0x93b34003169bd7cdb3e0710fedff4cb6795a32ef
0xc4ff939979fabdc31eb55ac0c4dc1859556e2525,0x757f87fec044860191ac135362d300c06b9f6238,0,0x757f87fec044860191ac135362d300c06b9f6238
0x8600177de8856a8eb61a21c7e1bd571d75b1b424,0xf80e70004b49989544331060c9f263e496ce37e7,0,0xf80e70004b49989544331060c9f263e496ce37e7
0xeffef72dd52a225c03d14aa0a10ab53128a1f65a,0x612e2daddc89d91409e40f946f9f7cfe422e777e,1,0x026e3a7cd4ecf91a8ad116a6124880d876af3c99
0x1949d6e42ecf88cd274767289c821cff66f38413,0xe2ba0cbb6775b886103c544bf291a386fc8199f2,0,0xe2ba0cbb6775b886103c544bf291a386fc8199f2
0xf2fa8545a7e2e1e77dd26ddcb685f656b13d566f,0x612e2daddc89d91409e40f946f9f7cfe422e777e,1,0xcce8f75f58be090b53468ec31853f554228ee68d
0xbfb8a10ea886de9269cc890fd22785330b323b2b,0xe1a8f0a249a87fdb9d8b912e11b198a2709d6d9b,0,0xe1a8f0a249a87fdb9d8b912e11b198a2709d6d9b
0x719dfcb4d75ba70ba8d28919bbff13fbebff6fb7,0x612e2daddc89d91409e40f946f9f7cfe422e777e,1,0xc9c9b085e8eec56a2e8c00619f94e6f0e488b50c
0x5dc698eeae423b2909c1a1241ca3256d4b96523c,0x000000f20032b9e171844b00ea507e11960bd94a,1,0x28e9f1cc884f9ef2d1ea6743af7a306383f86138
0x99c7d410777fa71cccb4a798eebd66c630ed9766,0x699a3618472e44620dc18745c6de44fcae2e9c72,0,0x699a3618472e44620dc18745c6de44fcae2e9c72
0x3bb2b86951dd0e005ed44b9586f6c49f5d7fe7c2,0x72915ad3110eb31768a562f540ac1ebcd51d3dc8,0,0x72915ad3110eb31768a562f540ac1ebcd51d3dc8
0x67cde64fe41eacaa56b263ab05dfbab3d00f43fb,0x612e2daddc89d91409e40f946f9f7cfe422e777e,1,0x8648880327b5afb6aec1bc6c4d17ffb3323a50ae
0x43612d8516ce98971a41c6810df0b62596362a1b,0x139c8919ce2b7fb8a04f929d83b8c54c116c692b,0,0x139c8919ce2b7fb8a04f929d83b8c54c116c692b
0xf86e5ec97e728e2f0e4a1a103356685dd6cd9f4b,0x3b612a5b49e025a6e4ba4ee4fb1ef46d13588059,1,0x42ae87297488aab03111071ad45b0ab98424a874
0xb90c05564363a42f241cb6144ef9b46c5cbf2400,0x3b612a5b49e025a6e4ba4ee4fb1ef46d13588059,1,0x912e814a4b0cfc14ce81b9e5885603227e44dc80
0x281928c107558c1aa44a8b2d00a65cbb86406e78,0x3b612a5b49e025a6e4ba4ee4fb1ef46d13588059,1,0xdc323e4f92e6048ae3b4d8bb62534cb14871a559
0x48c3d5ef2330a94390a80a6a3783c7c949ae7309,0x8c322de9fce0522efb9b44c79b91844d3d96929d,0,0x8c322de9fce0522efb9b44c79b91844d3d96929d
0x951416cb5a9c5379ae696acb07cb8e25aefad370,0x4ecbac578acd7f9928a3d0f7e0b7ec0d54a7e3b5,0,0x4ecbac578acd7f9928a3d0f7e0b7ec0d54a7e3b5
0x18e04e6e3f741eb678afcbaf37a4c95f7e574e98,0x6ff7b79ddd9e490bc0bbce64a1dc37e37a6e2d71,1,0x84723e16a5762bdfd393bac63a37d882dc06d922
0x7074f495b0ae268ebd78534a6470ec9fa0e960cb,0x3b612a5b49e025a6e4ba4ee4fb1ef46d13588059,1,0x471318de977e7a9114ded2a2673e49eaf71f8310
0x0faf78f275d6228fd228e325792c2e86ac8c3a26,0x3b612a5b49e025a6e4ba4ee4fb1ef46d13588059,1,0x76634ef890bc5967bc47ea48bdc58d0576f07fec
0x0b6c9cdad7312fbc7cdf669b7209b2a05088e881,0x3b612a5b49e025a6e4ba4ee4fb1ef46d13588059,1,0x5c30b1112da5bca0d3815e820efd3580890299e8
0x543b2579513fec396fb03acc334c2d47e346a42a,0x319985fc6480e0e56e24d268041b7f6f0a194158,0,0x319985fc6480e0e56e24d268041b7f6f0a194158
0xd89239186180617cfe17e8b73b2b8bd9c96d0a15,0x874570e87027b37e626c54f1585f27b5ba62d949,0,0x874570e87027b37e626c54f1585f27b5ba62d949
0x27f972fd7ef1a3525000d694290e96fc0cee8b29,0xc01f3f09c5386f02bf798b98e5af73ecdbd1d302,0,0xc01f3f09c5386f02bf798b98e5af73ecdbd1d302
0x0a7aa2ba036c61cb4979622ec1968c2e2dc46329,0x000000008924d42d98026c656545c3c1fb3ad31c,1,0xc5077ebf61f4d6f13122f05ac1a42fdd07d73d45
0x124d6f9915c5b094edabeab69eecfd7c67864851,0x612e2daddc89d91409e40f946f9f7cfe422e777e,1,0x7ecaa7243ad55881bae3ba79d35b16155f7c4706
0x1cf302a383fafab48727a3e31735ea21d4a23ecd,0x10dec36b4ac9d3b60490dfe2799881287d4a74cc,0,0x10dec36b4ac9d3b60490dfe2799881287d4a74cc
0x84ae050b4861c59f25be37352a66a3f1e0328aaf,0x000000002c93cad6f9cfd00c603aef62458d8a48,1,0xfe43623d06853d86d192cefa6ec873c39316e6b8
0x03a5f59b431e51a5f685429dc415a068221aa15d,0x000000f20032b9e171844b00ea507e11960bd94a,1,0xd642195a87f3f74e51ee5806af115028e15b9ade
0x8ef19333ae38b5ebe1038640a8245012985cdccf,0x3f870d006185cb649c3261013fd86cc89b762f1e,0,0x3f870d006185cb649c3261013fd86cc89b762f1e
0x63dbde20a57fcaedeba255dc8f3328aa8e4e7e08,0x000000f20032b9e171844b00ea507e11960bd94a,1,0xabfe0c73f54f20e45bf33c9fcdd898a2b4395b81
0x35a189073a404ee4cfacb98817753b7642949213,0xf8c06cf338446508d496ea25eeb826fc8953978c,1,0x6b83027982b3284ba2c3d4558401c856dfc2ce1e
0x556d5ce90b6edbfd87c24f4ee9f35face7446d25,0xed9cc04454bad2abfd9f2af4839a4c1fd4196d77,0,0xed9cc04454bad2abfd9f2af4839a4c1fd4196d77
0x80278e26f64c030fdad04de8dab44a792eb3ad49,0x76f948e5f13b9a84a81e5681df8682bbf524805e,1,0x005e474e1a3b6b75f6e6aa3f7376a79f38b777c9
0xc5e230c7d9f6a7f82bb393141aaf78ef6f163bb9,0x442295de8a31d65026dbc09c29d469f6854f188a,1,0xc6f1443c4a4e33e6861d873299f69cedbed9d6be
0xa014f8d4f0fdc8558ed42dabab8cc2ad2d6e3bef,0x000000f20032b9e171844b00ea507e11960bd94a,1,0x019625a4985bbd9511157d81cf9fd5edf6c8459c
0xdac26518fe3c15d44d297d4ee2420bcd22a32a11,0x000000f20032b9e171844b00ea507e11960bd94a,1,0x6b397fa04bf5a91addea1cc337eb8b701964c5b4
0xf6ba1f5504878e41a3d94c505e77da60cf667d92,0x76f948e5f13b9a84a81e5681df8682bbf524805e,1,0x9ba60aff06042c5c0afbe3ba95dd47e4309f572e
0x330e365712d7b853e83d9784341b6829266693f6,0x000000f20032b9e171844b00ea507e11960bd94a,1,0x65d4400768a30a6ec3f00ccaf798bf050018c318
0xca2fbb01d09c7574e7bf4b34f58283d5df6800f7,0x3653533b59089251020cdd237a15ae88c2e99d9e,0,0x3653533b59089251020cdd237a15ae88c2e99d9e
0x53d176770b6d1388b5f79ea807390b24668bbd99,0x612e2daddc89d91409e40f946f9f7cfe422e777e,1,0x7af76757afbb869180dd2a0ed556afe4accd6eef
0x09ae387d98ff9ab3fc1c4e3acde0613c24eda1d7,0x7ee3acaccc605e4de444ec630083f739b3a73d6e,0,0x7ee3acaccc605e4de444ec630083f739b3a73d6e
0xb8007135c85096744c32c5cea0d64aae3fe9d617,0x000000f20032b9e171844b00ea507e11960bd94a,1,0x66ff05d208e68a7140157493c56872fcf85242af
0xfe84ec413d42e2a90b1942f4435d781e7ccacc3a,0xeea7648649f0db60cca37121d926178e0bc65416,0,0xeea7648649f0db60cca37121d926178e0bc65416
0x5dcd5f797992c3679d1e671b1c8821ea639f38bd,0x612e2daddc89d91409e40f946f9f7cfe422e777e,1,0x7af3883274bee8e59c551d8926036bd0c881e89d
0x3dfdcadaf67754a6f363a161c438a008f7fdd470,0x612e2daddc89d91409e40f946f9f7cfe422e777e,1,0xba3fd2cbdbf15afa98f9c42562e953f5f5cd60b8
0x1db9990795a7b8d5c119b9010804a0736f7a1700,0x000000f20032b9e171844b00ea507e11960bd94a,1,0xdb5f4d87fd35ae242cde948f5424ca6d533a66ba
0x65fe5056f633ea0b323511324d63d4fd552a416d,0x15f89dc0088f13ffabbc75ff3f279c9570a69c33,0,0x15f89dc0088f13ffabbc75ff3f279c9570a69c33
0x9a1b36ff6b09f02d32acaa1e2db812b8054a24b1,0x000000f20032b9e171844b00ea507e11960bd94a,1,0x49874ff5871a69f8c7dda2e5abd7ef5ca55f3cde
0xde1a172c57a134860e833b1cbb5aefb348e8dcc8,0xf03c344b6af27a13f3e747b322bf717590b44518,0,0xf03c344b6af27a13f3e747b322bf717590b44518
0x7482595b197d795b0fb3509fffb4ca95d6603cb8,0x000000f20032b9e171844b00ea507e11960bd94a,1,0x65d472172e4933aa4ddb995cf4ca8bef72a46576
0x4b6d696a7c6ffdce3518f2d21b71eb163cf6db95,0x6f966fb89efb475e38821433c8ad3051f2e898a9,0,0x6f966fb89efb475e38821433c8ad3051f2e898a9
0xed31ddc40f93b68fee36318645229dcf819d9561,0x000000f20032b9e171844b00ea507e11960bd94a,1,0xefa0323ac34f11d91e3bb1c5d6207af7e135cc0a
0x8215d264636588b5472205101003907d432f0772,0x4369cea3ea6b07fac2a506e5954d1511a2936042,1,0xfbc3b76a206f03f1edbf411f280444cd3fd9c7c8
0xfa0c2700b4d09f0a62e13d545d8da780b9ed92df,0x2e1f057303dc1941e764b7cb283c911105fb93fc,0,0x2e1f057303dc1941e764b7cb283c911105fb93fc
0x6661c7e2cbd60bb51cd2cabe6f675f07ea014fef,0x3b612a5b49e025a6e4ba4ee4fb1ef46d13588059,1,0x9fe782563d00776f22901cf11ff70b8be8a5fc02
0x244fc4178fa685af909c88b4d4cd7eb9127edb0b,0x70e833e78d70fe7d8edee4b6a4a229fc437827b4,0,0x70e833e78d70fe7d8edee4b6a4a229fc437827b4
0xc5b1ccc2245871d171431287a07dc83fcc448750,0x92baffdd6cfb11a4e57a58ffec4833b4d1abd25d,0,0x92baffdd6cfb11a4e57a58ffec4833b4d1abd25d
0x1efb6a3125b509983c1ad95e8015d1e93398997d,0x319985fc6480e0e56e24d268041b7f6f0a194158,0,0x319985fc6480e0e56e24d268041b7f6f0a194158
0xbd24a76f4135f930f5c49f6c30e0e30a61b97537,0x39bfa2b4319581bc885a2d4b9f0c90c2e1c24b87,0,0x39bfa2b4319581bc885a2d4b9f0c90c2e1c24b87
0xfdd641676c60ff511dc986eb642cc1a3870f82e4,0x3b612a5b49e025a6e4ba4ee4fb1ef46d13588059,1,0x9d9bb3f007f75646ac149cd075db30240d7ab65b
0x0833679c40a1cdab8fd8044036f7a7e6cc160077,0xb405a93d7a7d1729bf579a562eff0f341097a2ab,0,0xb405a93d7a7d1729bf579a562eff0f341097a2ab
0xa9e816c5be28c121cf038be6c17e7c49b4981c20,0x3b612a5b49e025a6e4ba4ee4fb1ef46d13588059,1,0x1f9dde7b25c87c97583d5771de13d60375aa3907
0x40dda1fe34ddea62be817ff481378c0cb54a93b4,0xd576cc2ff7fbe98fd4906b073bcc7778d3ba4c52,0,0xd576cc2ff7fbe98fd4906b073bcc7778d3ba4c52
0x74fc05697f62099ab441607538540a08fa95a0d0,0x612e2daddc89d91409e40f946f9f7cfe422e777e,1,0x5175390a516302750ccbf8058000ffc2066bb69b
0x1f88bf1f22c4eba6896dea06ff10fb9a7edd85f1,0x612e2daddc89d91409e40f946f9f7cfe422e777e,1,0xb7122ad95e3712016681fa937674ab97386a55cb
0x66f7b4201dfcd48ac97fa60bcb9773f88f0425a7,0x612e2daddc89d91409e40f946f9f7cfe422e777e,1,0x8c8146dde38d41031ee709a006da2d0a5d520809
0x5c2bb1c63d36ef80a04ac19400d896c56a359c93,0xe92689183961135f51bd5edc601a0aa123c069f3,0,0xe92689183961135f51bd5edc601a0aa123c069f3
0x115b90187d38dc0a9a9d6bdc8ec9b1f492964894,0xf74b146ce44cc162b601dec3be331784db111dc1,1,0xcbfa3c438ebb86ff17b075a0a0b6f15a08dafea8
0x50e5ac3e94b322e5a99914993643c3e522d8ca30,0x5ef53b4d8fd820f088565c79a93251c05d360325,0,0x5ef53b4d8fd820f088565c79a93251c05d360325
0x55dbd1124d64d7999a6e3db234b5eadf4b19d86d,0x49678aab11e001eb3cb2cbd9aa96b36dc2461a94,0,0x49678aab11e001eb3cb2cbd9aa96b36dc2461a94
0x5a06c2f63875fd87e8bad8dee6add9b0a5b96191,0xe83f2407fde900d7b0c2567568d695ed723d47c4,0,0xe83f2407fde900d7b0c2567568d695ed723d47c4
0xc56e2267e286a9cda187f4f392a87864997a2cb7,0x04e30f733acab45bc068005fdbff11c08bfc76d7,0,0x04e30f733acab45bc068005fdbff11c08bfc76d7
0xe07d7dc6cc730ebea9edcf78d05d47cabc8d9a48,0x9af7edc48bc8db5e4afd3af95df143ea29e2e2d6,0,0x9af7edc48bc8db5e4afd3af95df143ea29e2e2d6
0x4ef0f0aac43ecb053e91000240670d4d07ffe869,0xd3441e44873582246bb434d0be427a920faf78ac,0,0xd3441e44873582246bb434d0be427a920faf78ac
0xeaa9759cf6a538b4bcc4d4ae1df12fbb61382b53,0xd64c7db7aaf6e2e2651367aec4dde582aa2d5e1f,0,0xd64c7db7aaf6e2e2651367aec4dde582aa2d5e1f
0x9319463476801c7f6fa8166d7f4b42595544e6c3,0x0b65591bb8a3893b11b3824ac90802c7e2ae6094,0,0x0b65591bb8a3893b11b3824ac90802c7e2ae6094
0xa0f948ff7232e426755b5808ce64f95d2f60d0a4,0x612e2daddc89d91409e40f946f9f7cfe422e777e,1,0xb531953899f0815e88db92e4c654a9fccace8b17
0xc10d56a22e6cf1cd65c0123d9158f2f86d322509,0x612e2daddc89d91409e40f946f9f7cfe422e777e,1,0x97bcbcf5d8a94914d302dbbb01b2475774ceafb5
0x30a159b25dfc41a839d840980ec1865f55f50d65,0xb267bc3ed2a31cdf793fd85d0f5eb5baae6cd9a3,0,0xb267bc3ed2a31cdf793fd85d0f5eb5baae6cd9a3
0xf7e246cc25e752eb8eda98d828fab0f14e85b96b,0x3b4defb87de78b64ad18e037cec954b4108758ca,0,0x3b4defb87de78b64ad18e037cec954b4108758ca
0xb51b1f3b09e356942ee1e29717d7b4907e8b4b6c,0x5dbc7b840baa9dabcbe9d2492e45d7244b54a2a0,1,0xff1896cfc912ceda37319eba452906dea8cb343c
0xe6d5667b269e308df8dec230f397d9eb0613f55a,0x8f4dbe215b58427afe837f06267c8194deefbe19,0,0x8f4dbe215b58427afe837f06267c8194deefbe19
0xa63f4825a7b9e66d9400e534049e994834f36c22,0xaef3e8c8723d9c31863be8de54df2668ef7c4b89,1,0x3554cf19951677625ef80c3426f80b1e44f8cc37
0x66ebf8f60171618ab0c1eb0e0fa3bcf68bcd0c5c,0x19ac39bc37ef8a9a019b2d244f69e5ab0c97afb0,0,0x19ac39bc37ef8a9a019b2d244f69e5ab0c97afb0
0xe0d9221117a6c17715703b7888b24abd2471efbe,0x0a33af57e283fbf72d2173f89cd7cd248333d983,0,0x0a33af57e283fbf72d2173f89cd7cd248333d983
0x6eae04184dd12894d5725644faec18964bc856b3,0x612e2daddc89d91409e40f946f9f7cfe422e777e,1,0x533c4b8a80cfe82714da2904d0d8d8e2c4aa203c
0x9fef032313cfa2e1825202704a6e89d0e1a52388,0x88881a8a21ec61e86dafd32bf51f198f8a666666,0,0x88881a8a21ec61e86dafd32bf51f198f8a666666
0x4a272d040a11a6c96507afbd6b40cd46dfd964a3,0x000000008924d42d98026c656545c3c1fb3ad31c,1,0x4f30a2c1192f54ea8d8b6fe9ee382945f45abe2a
0xda1dbe1a48605d155c43de17d18d94665484c5ff,0x732bb12525961f5853154deb9d0a4aacd2eb240f,0,0x732bb12525961f5853154deb9d0a4aacd2eb240f
0x7d88e45a393858d8cf2ae68130e3c1d44f0f0602,0x2c325156416cc7b701151dafb6d4c0bdf0d398f0,1,0x181533783ccf48e63490a7eabd87a4c63016456a
0x6001881af8047b8dbca90f59de736bedbe203b42,0x612e2daddc89d91409e40f946f9f7cfe422e777e,1,0xba3fd2cbdbf15afa98f9c42562e953f5f5cd60b8
0x1cc6cd96be41c8aa87dda275f02454098fbe8538,0x7d84bbce0ba8e90354abf1722b58df829d684df9,0,0x7d84bbce0ba8e90354abf1722b58df829d684df9
0x264fbf5634bdda8229c5aa84d8360697a27d7fcd,0x0485362cce28f24687b8416bb2746ac2bc19c7cb,0,0x0485362cce28f24687b8416bb2746ac2bc19c7cb
0x507d7f014746cbe496b2154751ff8d9166b00f74,0x4271e15d9cd7ca2ea8fbd87bd2a4eb497adb5ed0,0,0x4271e15d9cd7ca2ea8fbd87bd2a4eb497adb5ed0
0xed71bdd9750836e9d7b3706dd6e91df4ef666c33,0x0000000000003d61b3d0a96b70b9c9006947759c,1,0x79603115df2ba00659adc63192325cf104ca529c
0x3b39abdaec0aca2a0a7bf88e43e41272fa20bdab,0x4761f52ba2d2b59d602feb26d01bf7069975df05,0,0x4761f52ba2d2b59d602feb26d01bf7069975df05
0x8870504e927b5a3e38abec052b9745749b5be2f8,0x000000008924d42d98026c656545c3c1fb3ad31c,1,0xd7c2acb716283ccd72e35db423c36184601b70de
0x12a445430b8ec7bd9975da6c39ff5daad281c747,0xf8bf0fa86c8ad5dbb44a256accbb2622ba56bd69,0,0xf8bf0fa86c8ad5dbb44a256accbb2622ba56bd69
0x60b94a70a611849d81700e823cffdf06e7aac950,0x7354936bc7a72c8baf5a2f9262e70a52c427be4a,1,0xa3fc577cf29eae5dda634efa5b33de96782c2f81
0x6316969b60ffb2e43f103a05e949c971843957fa,0x1ca2007d4f2bc0ec2a56ecb890e56e05f36182df,1,0x8180b32102a2e41d18e8e3c2b23e520874df9c0c
0x5e887a0d2fa498c6163df21b898bcf5f679b07a8,0x000000f20032b9e171844b00ea507e11960bd94a,1,0xd13d4d8ed9c252f75f25873f0f26fc6dc7eff45a
0x2e05248431abea5f409f75e98ed6c15a16b6cd92,0x612e2daddc89d91409e40f946f9f7cfe422e777e,1,0x1d3dd9c797b70118fb31c478256a4327b950ac98
0x7e66b5d3eb0b7dc34dc50e17d0be16fef300e1d6,0x000000f20032b9e171844b00ea507e11960bd94a,1,0x092dfccafd0f04c2fa856de38aaf585fc1b8f8c2
0xf4853191973cd709b9713ea18e9590af3e99835f,0x0326a9f9e406ce35f29817ac2560c248ebd0c7bd,0,0x0326a9f9e406ce35f29817ac2560c248ebd0c7bd
0xd1502a7659eaad60278ae3ef27edea849504f4da,0x2c333bd1316ce1af9ebf017a595d6f8ab5f6bd1a,1,0x7ff6363cd3a4e7f9ece98d78dd3c862bace2163d
0x500bc9b29042a1e0f88c39aaa9eb221603b86642,0x000000f20032b9e171844b00ea507e11960bd94a,1,0x8b086f71e450b230df8891ba242c8a3b5419a212
0xcfceef0769ecec817c37379b4f5a4695a9b0a0ad,0x612e2daddc89d91409e40f946f9f7cfe422e777e,1,0xaa0e772d7a24c287bc728b49eb909b52c4472830
0xec19980c93444f66affac2a10be46d47f018c44b,0x63dd4ca1ae7e357bd9466dcbd7196dc46f371af6,0,0x63dd4ca1ae7e357bd9466dcbd7196dc46f371af6
0x19e755795384c2993f4705c529c9b075262136fd,0x612e2daddc89d91409e40f946f9f7cfe422e777e,1,0xe1fd47053169333e4300e528d89b7a235cd88922
0xf717965655dbc357c1a28870ceeb4d7355ea0634,0x612e2daddc89d91409e40f946f9f7cfe422e777e,1,0x9fa2ad6eb6a55697fd90f3b908f7cacd5ab2f454
0x608c2fa90346233e6aa3618a8a684175b7afb75f,0x378f18b1e9070d0729359cf0829884831dd344f9,0,0x378f18b1e9070d0729359cf0829884831dd344f9
0xd90955352d29a89420665a44b1cf94afa5f3f9d4,0x448c979d8661e658f40e722812d84b780fa0c0ab,0,0x448c979d8661e658f40e722812d84b780fa0c0ab
0x995727458e4403737037049255972c397e935519,0x2296e706d9d677d950d338673108b830179f1146,0,0x2296e706d9d677d950d338673108b830179f1146
0x808d6b7ecc002dbfbe6276297729aaf9f8d7d791,0x612e2daddc89d91409e40f946f9f7cfe422e777e,1,0x580e995fae05482f82ae444e60a0984f23b8daf9
0x2560fcff8cb6035a2708d4f5e9d18184ca711f89,0x6b001a79ce5710d1299e2a1a49c050302223f578,0,0x6b001a79ce5710d1299e2a1a49c050302223f578
0x986c0bf34a714d0a54012799f3d3950b6d80088a,0x000000f20032b9e171844b00ea507e11960bd94a,1,0x33457731b4c88c138c69cc9d3d3957b1a1d45356
0x23553383b1f448a107c4e66674431d59638fb9ae,0x8cac39486c2c80e9e8169fd91ca7b3cd1e72e258,0,0x8cac39486c2c80e9e8169fd91ca7b3cd1e72e258
0x98317e7b9c209a49f9c3138b2efead7c4491b558,0x000000f20032b9e171844b00ea507e11960bd94a,1,0x9bfacc72ceae28bc0295a21be5245db495557974
0x0c6a09e2f87b2f0bdc96270493008264c0607da6,0x89e5d091b22892a510700f56438ca23e424a4260,0,0x89e5d091b22892a510700f56438ca23e424a4260
0xd3afa360580a9b114d387369796fb18eccd13ed3,0x000000f20032b9e171844b00ea507e11960bd94a,1,0xeadadbca248db39f6c6718c0729c948a8d8467f6
0x8524e1f185886a11f76b5b3f14cb1c06656f166d,0x89c6cbf0ad3c3b7dd24dbec7fd2f96ef08788d07,0,0x89c6cbf0ad3c3b7dd24dbec7fd2f96ef08788d07
0xd94d0e97307d97ff99bb22b3308da94fc37dff7f,0x000000f20032b9e171844b00ea507e11960bd94a,1,0x0b7f094f8ec4c7180fed108fe6f66d2c4f2c431c
0x23ce3a7cb04c9284d7f8bea55d7c12afb4010787,0xdd7d14219449a39a26db6419a63c96d5a44fc17f,0,0xdd7d14219449a39a26db6419a63c96d5a44fc17f
0x35ecf37c0dc25d4c090b78c0ae3f994d5f2feb71,0x3b612a5b49e025a6e4ba4ee4fb1ef46d13588059,1,0x9951eca4d195b5185123cb3606949e2973bd90d8
0xdba4b29aa72b21ccb4d6686befd97e9556146122,0x3b612a5b49e025a6e4ba4ee4fb1ef46d13588059,1,0xcf267df211f3c6218a7349bf523bb1b8d63753d0
0xe4a89c50d52d46b56aa2ebd5683ef8dd06ffb256,0x4ddc034cd5294049570d64d08193c746d4d0a271,1,0x9b1349043013ae05978f064d604494db2cbf139a
0x5e2454f33c3da3aa30eabc502255f66a6d72adc8,0x593b94c059f37f1af542c25a0f4b22cd2695fb68,0,0x593b94c059f37f1af542c25a0f4b22cd2695fb68
0xa0b9356bee63d2488e6d1146e90c4a85fa5fb9a1,0xaeb000b61e0dbb37db114636b957c13befd0df4d,0,0xaeb000b61e0dbb37db114636b957c13befd0df4d
0xa680e9ecaafbd5d0e1409851df8143fc4865b9f4,0x3b612a5b49e025a6e4ba4ee4fb1ef46d13588059,1,0xd9b8703b6cf2251253624d024c6e5239398eff44
0x477dff6b0aeb8c0100f86b879f6209d9ad947407,0x3b612a5b49e025a6e4ba4ee4fb1ef46d13588059,1,0x518151b2dad36560227183e149b11f774d9f9875
0x1fe796884bb701deeb486c6b90b95f66305d15d5,0x862464bbd83d5743f9cf873c6ea3d187d0f909bf,0,0x862464bbd83d5743f9cf873c6ea3d187d0f909bf
0x022d9cce4bd5d8b7f270f971137b6e7096abef75,0x5dbc7b840baa9dabcbe9d2492e45d7244b54a2a0,1,0xfcfb33c0f77f4413af501df32f4ae1dfd923069a
0x8aae2a98de0edb4d0e769d1708ca44281b837036,0xee2dc7e30dfd519c93a2b6d3dbd2d969ecb8c312,1,0x459c5208b36383172107fe3e4a3b49196b759820
0xbdd8f4daf71c2cb16cce7e54bb81ef3cfcf5aacb,0x67c569f960c1cc0b9a7979a851f5a67018c5a3b0,0,0x67c569f960c1cc0b9a7979a851f5a67018c5a3b0
0x843e2f2ea4ee5ad4e9ca5cc8e3e96b682a960829,0xc0815c0d9675d17d9471b7a9af1175af0cd0ca5a,0,0xc0815c0d9675d17d9471b7a9af1175af0cd0ca5a
0xd3e88ad68f6e8e474bc452b73fa1b25e43bf6a86,0x000000f20032b9e171844b00ea507e11960bd94a,1,0xaed9a34de994b20d16f76c110c2f0f4bad7e0cf1
0x063c1ee939b6a66698b4ee4f5c72ffe55f9ba423,0xe0e040f1dd2fe41d0d6a687a99b388306c1deeae,0,0xe0e040f1dd2fe41d0d6a687a99b388306c1deeae
0x3faccda6469b0f27211f59d09612e906c8e21c99,0x000000008924d42d98026c656545c3c1fb3ad31c,1,0x5d50450b8faef6a5eee8df2d6d540d4d83315259
0xeee51b4c84e6fb8bb9575ec21abdc904e7a7ef2e,0x612e2daddc89d91409e40f946f9f7cfe422e777e,1,0x3957740d23a699e64676bcb7cea23ca585039553
0x3b994209b3682f261f41709b16510a67eb3a587d,0x58add5015bf447ed729893a9af6f60d8bb62504c,1,0x4365d370348232f40b46bab1edd298cb0ce4aca1
0xaf295fd6517c0b0ecba8e4133019afeae4099dc9,0x7420867b40fd308dcc7a8f0d2ab44ffd00b31d01,0,0x7420867b40fd308dcc7a8f0d2ab44ffd00b31d01
0x0acfd649f60393884cc93fd84a4323f93bc2f030,0x000000f20032b9e171844b00ea507e11960bd94a,1,0x9e54480f284557b32f93bc4409bb8549e37ee9d1
0xf62d488c2dffb983921e11d05d6a402cb1f6a159,0x000000008924d42d98026c656545c3c1fb3ad31c,1,0xc3d909683270f33842dd8f566f8f960ca219875d
0x071b37a509eaa362f5bd7d8e6653fad7a1807d00,0x612e2daddc89d91409e40f946f9f7cfe422e777e,1,0xe87f08dcb2e4883c26eba5c4c0465568055a2b01
0x4d1d4407f1026692ca0b6b45ae3694be737cd6a2,0x39b4fb623bac8746fcbd8af0609c96606a0b9e4a,0,0x39b4fb623bac8746fcbd8af0609c96606a0b9e4a
0x04d0ca4fd1bcb0395e1c1479d2dcd73a38dc5723,0x000000f20032b9e171844b00ea507e11960bd94a,1,0x5fa102fdade307538e33fe0807040ba00b8045d3
0x23f1f3690d52092a66ef7d7b2265201ef6214db8,0xd08bfa318597cd5a7532d1b5f25693d8509181f0,0,0xd08bfa318597cd5a7532d1b5f25693d8509181f0
0xa2aed2bc047c624dce650057aaafdc28a0733b85,0x442295de8a31d65026dbc09c29d469f6854f188a,1,0x2e09bf316affb39ca89a1517e5f571dacffbab26
0x5da473b7dbb9d4ed015ceb3d7b7ff9ffd7e22fde,0xdb76d742488691ce76c1b8bc326fb0c8d397a2f1,0,0xdb76d742488691ce76c1b8bc326fb0c8d397a2f1
0x712a405625d25c05fdbb11d9cdb69708dbc4e130,0x442295de8a31d65026dbc09c29d469f6854f188a,1,0x9bf01b313d76ee9aa856d35c09372a591547aafb
0xf7b235d389b6a5020825d8b09f99e863c7bf0930,0x612e2daddc89d91409e40f946f9f7cfe422e777e,1,0xbfcd1a461eed3649d9d92e77d7d848b2c577f7e5
0x9d60d81de3b28c2d57dae4b7c7859f1c67c7e203,0x000000f20032b9e171844b00ea507e11960bd94a,1,0x7d1258182ac3234972f264a58dc9ee3e64fc0b9f
0x2cbfbbacfeefdee742de5363530b0b65207db013,0x54050b20120520dcbf9f94e4921525d31f7408ae,0,0x54050b20120520dcbf9f94e4921525d31f7408ae
0xdf0d2c4498d87ba325edb42b9a6330ec6b152cf3,0x733cf2b788daf29b9095763c78bc0aa4147aceb7,1,0x1b77b2174054d197fce4db3f63e2d8ffca659835
0x4d5fe4cdfeb252832dcea5e4f8402a16770880e1,0x000000f20032b9e171844b00ea507e11960bd94a,1,0x5c374e07f1154e488286bfb3f1a2b561200054d0
0x325fe7cb8a452171f678e9158bb46dd978cab66e,0x612e2daddc89d91409e40f946f9f7cfe422e777e,1,0x45ed2481206d9c5404e9e112e00df491af897329
0xe976c921f2ca35da1e2e25a0f811d611fedad9a2,0x76f948e5f13b9a84a81e5681df8682bbf524805e,1,0x9ba60aff06042c5c0afbe3ba95dd47e4309f572e
0xd392da22780654cc0cccf2ec8f6404fac959b111,0x612e2daddc89d91409e40f946f9f7cfe422e777e,1,0x539570468e6319abecc58f55f02f30cc483a20bc
0x8632078ec3993330575b8243b8c9c764d1ef0126,0x000000f20032b9e171844b00ea507e11960bd94a,1,0xaec70a008cd7a2e84a1ed51641be64f1dc65f805
0xd63c3e36dc716b99a10c0646edd184b9ed06dae7,0x6a8cb5f54ab7dbbb6ef3b669ba1143d7d49d5e85,0,0x6a8cb5f54ab7dbbb6ef3b669ba1143d7d49d5e85
0x835d4ca383f9f5248b14dadef7d93d085b5563b6,0xbebe33247b1947386d1f44684bb41e8712cac036,0,0xbebe33247b1947386d1f44684bb41e8712cac036
0x0cb18051697a124e62c7c0928a4c99edb5ef542d,0x000000f20032b9e171844b00ea507e11960bd94a,1,0x6e5511cb7b8054757e5b6a249be019fece7df784
0x6a99c27fefbabf9a717879b7ecaf4bf33d7200f6,0x000000f20032b9e171844b00ea507e11960bd94a,1,0xd69f71de914e2dbb70e41f7b9bce828b748f455d
0x539be3731c629c68644dfba96bcd7d40746394a3,0x612e2daddc89d91409e40f946f9f7cfe422e777e,1,0xb432cfca03a7ddd34f9469092316a88d01ba80fc
0xf42e736f165fabc31554e30e49e049fbad74d0ae,0x612e2daddc89d91409e40f946f9f7cfe422e777e,1,0xb432cfca03a7ddd34f9469092316a88d01ba80fc
0x83809bcb02eba318f76310a65b95e1f1a75ce636,0x612e2daddc89d91409e40f946f9f7cfe422e777e,1,0xb432cfca03a7ddd34f9469092316a88d01ba80fc
0x331bec41009dfd3811234356fc14001cf6112508,0xd9ac5e708b72874f6097fdec7ba4e8a9f124836f,0,0xd9ac5e708b72874f6097fdec7ba4e8a9f124836f
0xf54ecdaf7dd0fd8d820e5f11ca05bcf96034c0a5,0x000000f20032b9e171844b00ea507e11960bd94a,1,0x8155665b75b5882ffe4970d1111a62dad6b26ffd
0x959e104e1a4db6317fa58f8295f586e1a978c297,0x424661dd9505f77abe0df5f01823af086f5729d0,1,0x8c0928cf8cddd28bc01d0c9b662d7092253b8574
0x4764bc088a27f490353e8cf1558ba02fdc418c65,0x14ee3a876e85dd9c8b352a4e83044ed06fc7a0db,0,0x14ee3a876e85dd9c8b352a4e83044ed06fc7a0db
0x0cfb5d82be2b949e8fa73a656df91821e2ad99fd,0x8fda7f45b1427f2d4444f4c6d44d2b5d1cb46b53,0,0x8fda7f45b1427f2d4444f4c6d44d2b5d1cb46b53
0xb76fbbb30e31f2c3bdaa2466cfb1cfe39b220d06,0x25025e203f892f50c357bc0703eaf258879a8def,0,0x25025e203f892f50c357bc0703eaf258879a8def
0x0a239450b2dadfd7d1c5e7f9a2a31b4ed6a417c7,0x4bc4f448660e12315fcf0fe0d9d60f4e2b169efe,0,0x4bc4f448660e12315fcf0fe0d9d60f4e2b169efe
0x12fc36fde2d63284b4eb5aee643c2603e24ff20f,0x3b612a5b49e025a6e4ba4ee4fb1ef46d13588059,1,0x1423d7ba74817a2617fa3e69b609a54e4daf6f79
0xa556157eb576d59482e6146846e08f67ade26c21,0x6b6881831314b33fad2d470509a60692fd5b47c0,0,0x6b6881831314b33fad2d470509a60692fd5b47c0
0xc7e45a0bf5cee4278493328aa0b64f3d669c8556,0x3b612a5b49e025a6e4ba4ee4fb1ef46d13588059,1,0xd22e0770e1c8e31f2966b60f98d77aa55bc71f65
0x2b5f9d2b94859865c70530e446be33cefeeb38e7,0x3b612a5b49e025a6e4ba4ee4fb1ef46d13588059,1,0x1c901aa311dbb319c1062f37b1a38927b2c68a37
0x85ed5afb3e2d8d5cd8567ca41b0adfa5a2b40fef,0x3b612a5b49e025a6e4ba4ee4fb1ef46d13588059,1,0x1c0c531442d0a7c0ced2dbda9ea02f43a0c0ccc2
0x7a610e207c5ab1d5503dbf4088d008b652f4f8b6,0x3b612a5b49e025a6e4ba4ee4fb1ef46d13588059,1,0x54d647a236f2997f8bbc412e762a14addf44d3e4
0x427b8efee2d6453bb1c59849f164c867e4b2b376,0xbfdfa0635f4ed06080b0b87d8838496717210618,0,0xbfdfa0635f4ed06080b0b87d8838496717210618
0x0ef3dc470414583e78bc215ec520844721b8c4a5,0x3d5409cce1d45233de1d4ebdee74b8e004abdd13,1,0xf5c28ce24acf47849988f147d5c75787c0103534
0x99bd83754a83a48bf73ad3b284995104ba6a9728,0x740cf202c71bfc4da5cb8372e79ad88214df1a05,0,0x740cf202c71bfc4da5cb8372e79ad88214df1a05
0xfbf591f2f45dd28e4ab487f82bf2c4cc798ab235,0x35eed42be404fe4eb70c0a4bc0d5b80758f5bb2d,0,0x35eed42be404fe4eb70c0a4bc0d5b80758f5bb2d
0x122274f5f87bed09b45646b4203b5a2724cbec50,0x612e2daddc89d91409e40f946f9f7cfe422e777e,1,0xf93103ca00b14599603b1fee007d2a4f9b70eff9
0xfe2df2f2c13084122064cf1017cf0e40b8c4bb2e,0x4348b57916e6674bc2c9efd3ab84cede61e1dd46,0,0x4348b57916e6674bc2c9efd3ab84cede61e1dd46
0x4e9ed8e38b7fac3683ec2e183e79f15365d86e19,0x0eac5a2634483d1e36a7f9adb0f40bbe842a4954,0,0x0eac5a2634483d1e36a7f9adb0f40bbe842a4954
0x7297ee8ae9dd0349d19a3f6267e2aed673863f73,0xaac85ed1d17242d00d382251000693424614c67f,0,0xaac85ed1d17242d00d382251000693424614c67f
0xcbaa32f436e00069d9e13fbb16086836c4ace3f9,0x8e76ad190f259cd5444a642cd897896e6511d215,1,0x8662b4a72d5544ba34c307a771ea2853af9778eb
0xdca91409018ea80b71d21e818f00e76072969861,0x2272ecf43a7481088fa2d4ba9109804ed5a31901,0,0x2272ecf43a7481088fa2d4ba9109804ed5a31901
0x34aa4854fcd3d4bcb707eaeed43e5ae312f64a95,0x99999990d598b918799f38163204bbc30611b6b6,0,0x99999990d598b918799f38163204bbc30611b6b6
0xd7648514798dd18591168dad0bcde4b0b736fbf3,0x53c58669c79cbdf8445342c7a03caf9f3c5822fa,0,0x53c58669c79cbdf8445342c7a03caf9f3c5822fa
0x098c9a48f44a94b6fa8b2800027be7d608923811,0x41e12756498322b479f889af2b2f4b29a85d5605,0,0x41e12756498322b479f889af2b2f4b29a85d5605
0x4c82a8502dfdfeac0200e2d914065147239e8fb0,0x81c77077f7efac072fc4eedebb6ffdb9a0a337a5,1,0x2f65af414ab11e05a4cf3b46a2a77bd067a520e7
0x8f45dd381dac50eb7bf42e9f5cd0ae265e77d905,0xb3b2ae6540c4d94aa2b14ac9546bf57c1c3e17a9,0,0xb3b2ae6540c4d94aa2b14ac9546bf57c1c3e17a9
0x51a8e85ae76beb80cf393b001efd16aee4b334fd,0xfeac6fd5ba458cab7b8597bc8510b39c67cde3e1,0,0xfeac6fd5ba458cab7b8597bc8510b39c67cde3e1
0x0c8a5f26d030fe50b4031f53606eefc5db00b2fd,0x612e2daddc89d91409e40f946f9f7cfe422e777e,1,0x1f6e1928dc0204bc3e60776b1918ce71c17f8bb3
0xb22e633fbd2024b79381c40b5bd0a34e1aa68475,0xaef3e8c8723d9c31863be8de54df2668ef7c4b89,1,0x24a0e4ee348f33252e83fe1e824499381dd21aa9
0xf123edc2e102503b039574c382c888e3d92e2f4b,0xffc939ffba2598b1f0e4e8e2488838f8e06b9486,0,0xffc939ffba2598b1f0e4e8e2488838f8e06b9486
0xe47d9875c9d19d90f62bbab26b7d4e56ad48d65f,0x612e2daddc89d91409e40f946f9f7cfe422e777e,1,0x09580cbd76112ad2b58b361be815e90f0b52e530
0xa5a7f307bab0231d7f31c158ad6fba7bae7fa48e,0x7b9d1164f125fc33858a8f1a8090ec942259bd3d,0,0x7b9d1164f125fc33858a8f1a8090ec942259bd3d
0x5eac8df1e74fc1c359973fedd00fd616e33ee3e3,0x4e141cb94e72abfa2be3e962a48cff7d298dd0ad,0,0x4e141cb94e72abfa2be3e962a48cff7d298dd0ad
0x09f66a094a0070ebddefa192a33fa5d75b59d46b,0x837b4d8075496ea02945510a31e66b8a407347bb,0,0x837b4d8075496ea02945510a31e66b8a407347bb
0x33d79e8c71245be0c64d11a342886699e4021bc4,0xec3b1651ab7242e8bcec974b0b8d6b962f745e4a,0,0xec3b1651ab7242e8bcec974b0b8d6b962f745e4a
0x9cd4bf2bbf1f6de020af64b0c61d88974831d7d5,0x612e2daddc89d91409e40f946f9f7cfe422e777e,1,0xa0167795a31303d74bc3ca9302832557c1620155
0x30dfc9b26e4316271e2f605caff383f0ff457887,0xa7d4b90aacbc39055a66c2c251db8a63bee2a047,0,0xa7d4b90aacbc39055a66c2c251db8a63bee2a047
0xf8e8f584510e15bd9ad22cf47f0d80e6341fd61f,0xed0822a7ef145baf1065b500e89420ed1bdef243,0,0xed0822a7ef145baf1065b500e89420ed1bdef243
0xab1a5eba023dfef9f8cf3f8d698857be14bb7088,0x73c30bb094be19ba325c59ee4a12ff4437d41d34,0,0x73c30bb094be19ba325c59ee4a12ff4437d41d34
0xa1a43ba515327a507e272bf370e448b5821fc57a,0xb075da04b18b6a6ab4a581133428076e25fc43af,0,0xb075da04b18b6a6ab4a581133428076e25fc43af
0x47eee4c9f657c21d6e0b55ee24379cac131911b5,0x245b9d7c253a12eee3831eabf8bf00c784c625f3,1,0x8c52e0716faeabbc8a65603e6f157e8971308517
0x429af1f7bb2e914bd6ae98ddfc3c82e344b9360b,0x905347ed3254d679a157151bc20619a635c516ff,1,0xca0c580970143860a89193d867be5166ee2d4e57
0xf7f9c097eabf928fbd8df6e056f9a01cabafb54d,0xf74b146ce44cc162b601dec3be331784db111dc1,1,0x387a161c6b25aa854100abaed39274e51aaffffd
0x2a0b632bdf80846b75b61d6a4769de575d9c4853,0xb71b50ed3cd27588888ab40062d11be71f19088e,0,0xb71b50ed3cd27588888ab40062d11be71f19088e
0x611bf1dc4f11f7f8bfb3a403f5a260d082405be6,0x000000008924d42d98026c656545c3c1fb3ad31c,1,0x699a3259b25d13d5e6ee108e6c14af96306ea0b5
0xe32dd9e023d07283615a98be8e5e9b26d9b58ce5,0x70bd1ee723a163b654011163e2a372dff82cce79,0,0x70bd1ee723a163b654011163e2a372dff82cce79
0xac3aad41b49b5f86e6b3e7b968cde34d952f93d5,0x612e2daddc89d91409e40f946f9f7cfe422e777e,1,0x2a34444ec8fc853035563a5e1e7f9a4792454014
0x537b4fbe3f422733da065e14da083d1d90b57167,0xb68c00544c9fbc37192564bd9121c7d247aa2337,0,0xb68c00544c9fbc37192564bd9121c7d247aa2337
0xee4036fed217de7af7f4505a8378619d95c5daef,0xf4d0e60ecef4d9d27b23a044d02a26068990be30,0,0xf4d0e60ecef4d9d27b23a044d02a26068990be30
0x1e4ba1144483ef8aa607f2a79c9c9c568a843d8c,0xb23072040b02602a6c2f6cb8d3cff92ad6b904f6,0,0xb23072040b02602a6c2f6cb8d3cff92ad6b904f6
0xe540e6350a77488d5dd4ad394b1db4a3b1092c0c,0x612e2daddc89d91409e40f946f9f7cfe422e777e,1,0xf10d0f263e2d3d86c1784c27f1087a05969f07fc
0xc89b637b1a686fcb8bc33aa3597def313b0274cc,0x3cf3bf06e63ac746bc41f6fd910d6791742613ce,0,0x3cf3bf06e63ac746bc41f6fd910d6791742613ce
0xcaad281a8eae4abe690dd8662472a5190f55c78c,0xe3cfbf8fb378f5c4cf780077ee5c2ffe7aaea6dc,0,0xe3cfbf8fb378f5c4cf780077ee5c2ffe7aaea6dc
0x2e36a4a9510a4015b89cfa5b9b28de4bfa6024b3,0x612e2daddc89d91409e40f946f9f7cfe422e777e,1,0xa7d0898038973b151cb532061a2ea7c4f9c6efff
0xa8370b18b07e7d213ad1d519f92f68d08fc62922,0x000000f20032b9e171844b00ea507e11960bd94a,1,0x5e2edc210e572812976151c2da9d2c1c5f10ef85
0x84432f6164fa0af1441ffb88096834e606dbe2f7,0xc54b6a65f0f6d9034a63c0b885e9f07974543945,0,0xc54b6a65f0f6d9034a63c0b885e9f07974543945
0xed048eb7792560cef770ed1294bcc808a37d4e42,0x000000f20032b9e171844b00ea507e11960bd94a,1,0x5e186a21d7c61ef961431f528630af583b907e4a
0xae8bd1a2584659a4d949e72c963448a66a2f6a58,0xbb7a17b6ccfb6dcd152e098d7c8519f0b334cd13,1,0x58f0d3b2e868cf6ec44508b90c5fae91bb6b606c
0x2fae55f8014c25f6ffb78f97dd0cf010cf1e67e1,0x612e2daddc89d91409e40f946f9f7cfe422e777e,1,0x077829fd20cce1f05a3782039fd509d82476ec15
0xec836a3071048a4065b0226ff97d2da24883af0c,0xd921abe39a09a9e442763a756154f46693639c07,0,0xd921abe39a09a9e442763a756154f46693639c07
0xcd6abcf94584910cba44b853f900e1ec4b6a6130,0x612e2daddc89d91409e40f946f9f7cfe422e777e,1,0xe978c83cc8be864b5eecb01b225cc4dfc84ea01e
0x716c01b7a3705b9300df53ee863b8cc5460ddce0,0x612e2daddc89d91409e40f946f9f7cfe422e777e,1,0x3fb4afdf7ddc94750f811feac82c43f655b5ca42
0x512123ed3f38eb461a3b146a4031b7cfc683cec9,0x76f948e5f13b9a84a81e5681df8682bbf524805e,1,0xfd0aad47f085d0783d94ea75c9d524bad165f8bd
0x1c3c385fdfbae22d6d715f272f99e4457caad11e,0x905347ed3254d679a157151bc20619a635c516ff,1,0x2fc676ff538d992e572dea0e9fd72872035592f0
0xe178c74f15033d2c3347cacaf58822c0501af932,0x19478179ef8bb7c4792a4041903080e097d137dd,1,0xf73999eab52227ca4866681d1145a018a16775dc
0xe72c2eedd3eab8b12eabfec5d949be2eb941f36e,0x612e2daddc89d91409e40f946f9f7cfe422e777e,1,0xf781c2db818680967653ca3dd02cf9de79838434
0x333a9bdc6fee33542f09e7d31e69bad0b678dc2a,0xd87d8c58455b977c211a3c4c54cdc41ea3326b80,0,0xd87d8c58455b977c211a3c4c54cdc41ea3326b80
0x73cb7b7eb07498b56bb73422628d18db32301013,0x612e2daddc89d91409e40f946f9f7cfe422e777e,1,0xb7ade4e9c2023ea68e7a2f1a0f62c16423ba19f6
0xa69b0b9a854f732b7b7033571ce9c397358e0ff9,0x113eda13cc8f3597e2e42be6f13f2c0ea4d086f5,0,0x113eda13cc8f3597e2e42be6f13f2c0ea4d086f5
0x43f4f1c55e90f419767a7c23dbdaf055186ee2d5,0x3377a47ee263188eaddc733d7ea663ddad681d84,0,0x3377a47ee263188eaddc733d7ea663ddad681d84
0x4b3fb2ed7e01acd545cdb6826e01fca327424d26,0x000000008924d42d98026c656545c3c1fb3ad31c,1,0xe894a9e110ef27320ae58f1e4a70acfd07de3705
0x34b08933bc0a897c51be6c9365ec4ebd8be63021,0x18c7e1a6d66ae29ed6c540c359f1da39a9d71f99,0,0x18c7e1a6d66ae29ed6c540c359f1da39a9d71f99
0x7d5706f6ef3f89b3951e23e557cdfbc3239d4e2c,0xf8a86ea1ac39ec529814c377bd484387d395421e,0,0xf8a86ea1ac39ec529814c377bd484387d395421e
0x65a926feb70dacbc31e22494026b1c8a1a11ca47,0xe0d4c9d208eeb4b151af6b4b3bddb3717358cfb4,0,0xe0d4c9d208eeb4b151af6b4b3bddb3717358cfb4
0xbfe5e191f0f40117452c1bc07d77d89c10a8a326,0x7354936bc7a72c8baf5a2f9262e70a52c427be4a,1,0x58cd7a7237d3c5542abe3a1759ba1b578c4b5b48
0xb8f4c57af34e0239d704d715c43d6f7ce0b7e110,0x780d5ef9b1853cf1a68ea855c8cf866250875c2e,0,0x780d5ef9b1853cf1a68ea855c8cf866250875c2e
0xce0d5d50adb8586895187107c7c28eb4681bc5d0,0xdbd8fefa7f919825c22ab1a1ebfc5ce51340f1bb,0,0xdbd8fefa7f919825c22ab1a1ebfc5ce51340f1bb
0x0164fb48891b891e748244b8ae931f2318b0c25b,0x52c45bab6d0827f44a973899666d9cd18fd90bcf,0,0x52c45bab6d0827f44a973899666d9cd18fd90bcf
0x549235924b3c961c9b9b6c8e59274e825ee82654,0xfb6a2267f6cf9c98a121c13cb7545c2fae295fea,0,0xfb6a2267f6cf9c98a121c13cb7545c2fae295fea
0xe3ac19101436a3b69f25cba9d77fe037cbe73631,0x21e0da7e1d18f312de341d8f61bcef1ce50480ec,0,0x21e0da7e1d18f312de341d8f61bcef1ce50480ec
0x9ecd98d3e25c8844604526dfc5c03606230b34f8,0x3b5359709945587af3d800aa174b3e2ddc92d38d,0,0x3b5359709945587af3d800aa174b3e2ddc92d38d
0x9a3611cc9654b8efcf458ac6d79889aa0a30ca57,0x69086515b70589326404962684d2c24b6f82e366,0,0x69086515b70589326404962684d2c24b6f82e366
0x2c6a5c8f3896dec65f207dbbc58c0a775f99c5b8,0x612e2daddc89d91409e40f946f9f7cfe422e777e,1,0x9b2cdedc2c9ebc2cf6a7ce809e1445193ae9c940
0x9b3b0c7ce64c1159ee502a1d05cd77464f5188df,0x420d4d3c72cda8726923c68538ac09f63ee720bb,0,0x420d4d3c72cda8726923c68538ac09f63ee720bb
0xc3d8c5faad77fa27266a12e44d372bb4529b4820,0x19478179ef8bb7c4792a4041903080e097d137dd,1,0xa3b7b71bbe552791d2296a7ad7506a825cf812cd
0x89035e60bd50949c56a16b6d96a718d2fa320ba5,0x000000f20032b9e171844b00ea507e11960bd94a,1,0x0ac6c5b0ebcb8875b1d54f98e310178bef4039b3
0x3e34ff1790bf0a13efd7d77e75870cb525687338,0x39cc9c86e67baf2129b80fe3414c397492ea8026,0,0x39cc9c86e67baf2129b80fe3414c397492ea8026
0xc812cfdbdd82a44c6b3a1e86912abc9a36360a28,0x000000f20032b9e171844b00ea507e11960bd94a,1,0xe45ca01e92f70e66ff1c3e63965cf495ffcb31f4
0x91c6c65fa4131658ce00bbc27bff19ccc0cc72da,0x612e2daddc89d91409e40f946f9f7cfe422e777e,1,0x8f3a658a9736530e89c242ef572d7198cfd540ea
0x5ac688c6f2d1c38b58000df884c62754bf5742e1,0xe981e1060d44debbdb851efc63ee79db24c2b6a4,0,0xe981e1060d44debbdb851efc63ee79db24c2b6a4
0x84e238dc8a93fd6760ec8cd87f6d41d5665b5397,0x8f049f77f04b5ecdef56fe0de2ed1d1c9019e83b,0,0x8f049f77f04b5ecdef56fe0de2ed1d1c9019e83b
0x40389b85269532f0895354b30cff025a9a5491ba,0x000000f20032b9e171844b00ea507e11960bd94a,1,0xd43bfc0478dc9753c281b98a3b60cc38d4ac7cae
0x0f59c28e5115e575095b82ff4a2fb667c9e32e01,0x612e2daddc89d91409e40f946f9f7cfe422e777e,1,0x0d6ac85a4feaaed57dbf0ee4c461365454a18dbc
0x54aa103034ce0169c21e2db4f6cd09a45838a6e0,0x000000f20032b9e171844b00ea507e11960bd94a,1,0xffb4770feabffd05abae3f43b8f2a0e710dcf444
0x94d4cd06790fd69b34d63fee97eb7f2577477525,0x000000f20032b9e171844b00ea507e11960bd94a,1,0x75bfb24b421442054923348c1fe6ff470b1223ce
0xd2a14243a0be6f6f47ab07c359dfbc7873120c8f,0xf4f58f634a53f02c23f07dc2c04d5e1d9c9d4391,0,0xf4f58f634a53f02c23f07dc2c04d5e1d9c9d4391
0x7a347e194042e3b0aef182c5cd9ef1ac98b0aaea,0x000000f20032b9e171844b00ea507e11960bd94a,1,0xf0affaecd392917eb427d48ed08b2c8c5e42816c
0xdaf7a546c96a928032f339ba02e38a3e477633b7,0x289314cd8d5147e32ce3f32fd030467df92d57a7,0,0x289314cd8d5147e32ce3f32fd030467df92d57a7
0x61a6d98fc97722a2a849f7d040f43a60ab777a1d,0x000000f20032b9e171844b00ea507e11960bd94a,1,0x61e484b8ba9105f753fc20206e625c86b9ba6830
0x16443d109555e5cc90c7c7c1a4ab9664fef26da7,0x000000f20032b9e171844b00ea507e11960bd94a,1,0x55c05591a2d1a7876f3edc67acbf9a8a0754b6ed
0xda4ffe097d37e26ade14b14edec7ebdf1d047285,0x5ec9553b7c8c38649284d5f52c51c2da90ee5cb3,0,0x5ec9553b7c8c38649284d5f52c51c2da90ee5cb3
0xfd72d9afc53c1e886ad1587fabf97d62f8fc385f,0x000000f20032b9e171844b00ea507e11960bd94a,1,0xe892adf087b7b1384db549198c0d4beaa63436a1
0xe7a378c3a245fce4bfead8766c3e17c651c7bb61,0x000000f20032b9e171844b00ea507e11960bd94a,1,0x0d6576b2b88cb858a2ece03ae77f940594183d02
0xa5fed38b189a27596ce0b1e603d6ba3db211cff5,0x24655994252b3aa038aa2ae9feb6049f2b772a39,0,0x24655994252b3aa038aa2ae9feb6049f2b772a39
0x4464cdfee5eee6ed96a023244ea57f860c565368,0x612e2daddc89d91409e40f946f9f7cfe422e777e,1,0x5b535c3cdcaeeb1b63c54dcc3b6dd481838722bc
0x2c77de6d145bfefa894cf6df929b279e0ba28091,0x000000f20032b9e171844b00ea507e11960bd94a,1,0x1768e903969025a01faa48d13f9aff92a609f08f
0xfc83bf239ef74d8dbe19f7d783a254ebeda38585,0x000000f20032b9e171844b00ea507e11960bd94a,1,0xc24494b96a9f1fab8f4a040760d5fd7201a44e08
0x37d96cce4407c5f6df4b563dbaf6913af7a62266,0x9bcd78ae10965c28ed1d60f1963ad55f245bd353,0,0x9bcd78ae10965c28ed1d60f1963ad55f245bd353
0xd153d387e1defad091548d6143497ef397a16cc2,0x000000f20032b9e171844b00ea507e11960bd94a,1,0x35f66ca28b94cfaa19ac4866061e06335ddf4849
0xa3b1926a3f52d463fae3c0fab3e863d516f627ca,0x843d0358b5c811c4923edc8353b632a319019a46,0,0x843d0358b5c811c4923edc8353b632a319019a46
0x0305fd8703340a4cd163290d1e430ff13f03706c,0x000000f20032b9e171844b00ea507e11960bd94a,1,0xf17ac71c2789a150d345a6c5ca7b66103d125b2e
0x21c030c22a6a2c10068707859a2ae54405985fbf,0x236bcf477d204de10abc2e652e6a8bb68ee8e2ae,0,0x236bcf477d204de10abc2e652e6a8bb68ee8e2ae
0xc8c003eaa89a89479fac61783197f812e94f5596,0x000000f20032b9e171844b00ea507e11960bd94a,1,0x8f69e85e102ced14cf1f1f618648519e59e51bc8
0x822ef17f200566ad574b546078521276f37cd11c,0xb2019531de3bfda451668acfe40fb3aee59975b5,1,0x88619ff0cf0985eaceeb27aee829b11801de17b2
0xc2da74cfa1ade8a5e38b02c914a9400fa449f979,0x000000008924d42d98026c656545c3c1fb3ad31c,1,0x76b411f4deeab80f5e0341f2314477a8448aa546
0x66b70dc4abbc501c533aaa98bc4ab20cb976164b,0x000000008924d42d98026c656545c3c1fb3ad31c,1,0x7f5c80fa473e63a8c1ab6aa3b3872a3383d78e2b
0x63c9fa23f14c17c5a6f8a0f706bd105bb635e339,0x7049871039097e61b1ae827e77abb1c9a0b14061,0,0x7049871039097e61b1ae827e77abb1c9a0b14061
0x236e7af5fcab94770e621c97a1e58b4d0143e95b,0xa49c0d9a786e659a0557281b4fa72cf8cf08f6cf,1,0xb9d5c93ec9aba93180ddd00a628e8facc3103039
0x46ee7947cd4fc601b4ab39d14bad260806d33a87,0xa49c0d9a786e659a0557281b4fa72cf8cf08f6cf,1,0xfbc3b76a206f03f1edbf411f280444cd3fd9c7c8
0xc9154424b823b10579895ccbe442d41b9abd96ed,0x3482549fca7511267c9ef7089507c0f16ea1dcc1,0,0x3482549fca7511267c9ef7089507c0f16ea1dcc1
0x6f91e5c7bae35c5074bfe463ccebc1f7f48316fe,0x3b612a5b49e025a6e4ba4ee4fb1ef46d13588059,1,0x6abb96ff62603b0646624f2cb517476194263fc8
0x620b70123fb810f6c653da7644b5dd0b6312e4d8,0x2b3ab8e7bb14988616359b78709538b10900ab7d,0,0x2b3ab8e7bb14988616359b78709538b10900ab7d
0xf61913ef7dfaece26d85647583ca48349d6c6d53,0xcf292e8d5ed089d63c3dd6fb1cb4f039b3ac7554,0,0xcf292e8d5ed089d63c3dd6fb1cb4f039b3ac7554
0xfecb354c387e088e616c541c8c64c052be426c18,0x3c1ec0cb0c4bdec2df5731fc7aa454e07856861c,0,0x3c1ec0cb0c4bdec2df5731fc7aa454e07856861c
0x3cef11e8ac51d29383feb064b79c53e0531ae242,0x3b612a5b49e025a6e4ba4ee4fb1ef46d13588059,1,0xf27910a8c90f5ff864843e643d55af1ea0221206
0xc29cc6c635564bb4def5ae0c9239e6aa9c6232b0,0x2da903666829f302b0501f76144339213259c260,0,0x2da903666829f302b0501f76144339213259c260
0x2895a7b4df00545fa607c2be9414b07932865c5a,0x0e5a03c42605525310b6c7bbb6b8bfec1bede41f,0,0x0e5a03c42605525310b6c7bbb6b8bfec1bede41f
0x9e0d99b864e1ac12565125c5a82b59adea5a09cd,0x9989818ae063f715a857925e419ba4b65b793d99,0,0x9989818ae063f715a857925e419ba4b65b793d99
0x6d77fb2bb8d7d9fc66c5e5ab758df382823a9862,0x01808542d216fa2878c9e3481a1b9a85167fd239,0,0x01808542d216fa2878c9e3481a1b9a85167fd239
0x41320d2d92dc71ef4ea40455cbbd2be91a0f1c81,0x612e2daddc89d91409e40f946f9f7cfe422e777e,1,0x4c0394397d1573596f5816ae31158aac49763f8c
0xfbae39320aa6e4aee6829489aed6eb2cc32a6459,0xda5bfe0bd4443d63833c8f4e3284357299eae6bc,1,0x4f125e835bbc9bbb77607c66de6d0d32339b936c
0xf55feca9577083cd2516ef766226a39cdce978d6,0x9504f0d327102d8db5758bbbb19faace5d0c2bba,0,0x9504f0d327102d8db5758bbbb19faace5d0c2bba
0x6bc0ef40b5f7a0e72add791f8ef1f59d1f596411,0x8f7141213adc26a54766ba783cc8f9e98c603723,0,0x8f7141213adc26a54766ba783cc8f9e98c603723
0x8e8e573399db50e229a3058922dacacfcd0c8ff3,0x3e73dd797df5ea3c36457e6f8777ae8a1104d7ab,0,0x3e73dd797df5ea3c36457e6f8777ae8a1104d7ab
0x58b671fb6a3a366c376628b71bda60c019d757a7,0x3e73dd797df5ea3c36457e6f8777ae8a1104d7ab,0,0x3e73dd797df5ea3c36457e6f8777ae8a1104d7ab
0x007e9a6543247e5360b8cb85e9d96228d387fd36,0xa71d3c1947168b05cfb8fe0e9143b49bfbbccbb7,0,0xa71d3c1947168b05cfb8fe0e9143b49bfbbccbb7
0x81c49fee9e7e2d403617b023a3e95519ba9628cc,0x7382ee2175cbc8cf394aad2492c14d7197c973c2,0,0x7382ee2175cbc8cf394aad2492c14d7197c973c2
0x3d814b9212374b3828161c7382f8e6af43dda035,0x66cbd5aa2e0156368239aaef19aceeedefa8b01f,0,0x66cbd5aa2e0156368239aaef19aceeedefa8b01f
0xfd43af6d3fe1b916c026f6ac35b3ede068d1ca01,0x8d11df0417abc82de749632ee6be17734302fab5,0,0x8d11df0417abc82de749632ee6be17734302fab5
0x0595e859df5161bd66ce956b3819b7d043bf8608,0x21dd27d022af7dbd6fcfbf0cb94dfdf6ace7aa86,0,0x21dd27d022af7dbd6fcfbf0cb94dfdf6ace7aa86
0xd4c70dc5d3b108a627346dab16d4da402e6aedbd,0xf38011ce0df3989abcc001a1d388672724da071a,0,0xf38011ce0df3989abcc001a1d388672724da071a
0x1783f6ecadf7ad1626428a103a88c1c678ca1a78,0x26bf34d4b0a671f3b1627b9ff58d627f68cff7b0,0,0x26bf34d4b0a671f3b1627b9ff58d627f68cff7b0
0x888bed7a0eaa4b620d1c4a50c8c0ebc41f23d7e1,0x040df97224a2d65df277ab4adb58596a42a9698c,0,0x040df97224a2d65df277ab4adb58596a42a9698c
0x5e6849d2c619ad58e3782657103f509e067a037a,0x542e26cc8ffa032ee0f8290054c630daa663585f,0,0x542e26cc8ffa032ee0f8290054c630daa663585f
0x5d14b27724acd99be7e0025aca7bd7d590eceddf,0x5d9f289336c664d24df78551262aa5a33ee33b5f,0,0x5d9f289336c664d24df78551262aa5a33ee33b5f
0x95a635dd4d9dbea80127ffafc47d76e2b22e112f,0x81eb2d87f8cf871ead62d4ca5c4829e76e3915d9,0,0x81eb2d87f8cf871ead62d4ca5c4829e76e3915d9
0x60c1afadad93b3b51819b2eeb3279d6b0e595930,0xe59785306b6656401663564c92ce3fd221d0c27c,0,0xe59785306b6656401663564c92ce3fd221d0c27c
0x923486026713106d9516f2b9172d01559c2e05fa,0x4bd6139bd1932f5d5175a2a596dedc7c0b4067c9,0,0x4bd6139bd1932f5d5175a2a596dedc7c0b4067c9
0x7ab73c2f083b2725e5b6e245e6ea945d5f3caaea,0x84a74cc52048dd8421df4a9eb139d91bb7744b4e,0,0x84a74cc52048dd8421df4a9eb139d91bb7744b4e
0x8fd1999787a319e267e546e366c11b0fda09ecbc,0x26a186f21b291421aa8bbb42068062f04231a763,0,0x26a186f21b291421aa8bbb42068062f04231a763
0xe5cc8d034a1f790f765b981288bccbd11b584376,0x0f5ad36cf3bb8e98cc185e7385ba063fe4cb2018,0,0x0f5ad36cf3bb8e98cc185e7385ba063fe4cb2018
0x205b87bcef170545bfb37cc82d39b162f43e8d58,0xf74b146ce44cc162b601dec3be331784db111dc1,1,0x3e4c0e5136c5264c210ce6aa889854d0b8380ca1
0x4e15826a7fc5b056e73a1bfcbe4b715b88472857,0x7bc5175934cfbbab096e5aee3efc0f2ea7001482,0,0x7bc5175934cfbbab096e5aee3efc0f2ea7001482
0xbc62567dedb84afa182b52fd426421625961cebc,0x33eae5b5cebef1fc4a8f1fe46859e9f51d54e59c,0,0x33eae5b5cebef1fc4a8f1fe46859e9f51d54e59c
0x9cda2e752281edb225567e11ca4b49f45d0a9b20,0x852c03de41993cf180bb8bba83e232a99e2fe635,0,0x852c03de41993cf180bb8bba83e232a99e2fe635
0xa59f0800be8433a65839e97201ac41c3286f492f,0x612e2daddc89d91409e40f946f9f7cfe422e777e,1,0xcb4d076603b6177978f348ac422bb0bfb6d3cec6
0xe071c1d0db8f138e00bdc6a1129aa1fa6fc7bb19,0xe800cda92e3c434bf3b6412ec620f349f37fe4df,0,0xe800cda92e3c434bf3b6412ec620f349f37fe4df
0x9a3b5fee68ba47a49d4d560f7f8eb816a67f969b,0x3b2d699110aa1788b2b1cae336e0ba8ff942a390,1,0x16ea92f99a8e598b981295f3c0076534b27d3e7b
0xf62d291a22886fa0b81e5b13c7b6dab2d4c33f31,0x050e6d8adb6db57ed9537df434b5675171d5c9c4,1,0x60874f721a66a2b9018c7cacc46151708864f52d
0x896cab08ce709a3f16a8f9b645f53f45db0efbce,0x2dcf36654f68149535acf348ebf9f876ad354cb0,0,0x2dcf36654f68149535acf348ebf9f876ad354cb0
0x3660f04b79751e31128f6378eac70807e38f554e,0x5beba4d3533a963dedb270a95ae5f7752fa0fe22,0,0x5beba4d3533a963dedb270a95ae5f7752fa0fe22
0x889edc2edab5f40e902b864ad4d7ade8e412f9b1,0x8ea83ad72396f1e0cd2f8e72b1461db8eb6af7b5,0,0x8ea83ad72396f1e0cd2f8e72b1461db8eb6af7b5
0x3f3a4db29b3ade5b8890269502a1bf7a9641d1f4,0x612e2daddc89d91409e40f946f9f7cfe422e777e,1,0xe8ab83e04ee01caa79be09a6d0a40e8ad7f25eab
0xab023497eb2390513b81b60a6d1975fd45c1b822,0x2ad92da450f86939e2b8bbe9ed7c389c4c0d45f2,0,0x2ad92da450f86939e2b8bbe9ed7c389c4c0d45f2
0x334af25dbd2cd6b1bc99dda88f77a46e6091e957,0xb4a8955a0e3e447f6e223db7d03a911e25280d6c,0,0xb4a8955a0e3e447f6e223db7d03a911e25280d6c
0x443313e7db0551ac9c8b6b89c12986f6ab1851a5,0xaef3e8c8723d9c31863be8de54df2668ef7c4b89,1,0x0d08ec62b556d3dec321a6097ab43c8488f9dfaf
0x740270479cff9166295e319a61281b7bba4d8864,0x612e2daddc89d91409e40f946f9f7cfe422e777e,1,0x2ce33028369b022018ef762d844d522267512670
0xb5d27cd23b972fcfefb1c6955e90ea86bffba82f,0x10817d0c52d32056ca7b9be7c8e10e51813f92ec,1,0x7017baf32f5c0183d5e5ecb0358a192168ce298a
0x5087c33655a442abf4821e06d1ff98401228a026,0x612e2daddc89d91409e40f946f9f7cfe422e777e,1,0x49675f5a043703b6662e2c7961a37e421e33b6a5
0x51d26ed2df335ecbd12fa6679b7ebb070f75b400,0x19478179ef8bb7c4792a4041903080e097d137dd,1,0x3f02ed6cc206b07002b3d066935a9649a7dd2097
0xc2c2e789fcdb8584a2c8e7b7df6e553ac3f0daf7,0x612e2daddc89d91409e40f946f9f7cfe422e777e,1,0x91df4db526d43e8a9f8dda089e31ec3758f7c039
0x695bce11abe0ec88e83ad67a0e7e64d21e26f71a,0x72774bc572ef9a2dff47c3f8cc200dc2fe3830c0,0,0x72774bc572ef9a2dff47c3f8cc200dc2fe3830c0
0x868ef99b82c243c79f51e0a291f8db024dd4c919,0xbedf33b3f97b30464f993ddc429b2336b8c12e28,0,0xbedf33b3f97b30464f993ddc429b2336b8c12e28
0xbf82d61b38408ce37d40d484be3dee8464d54ab9,0x1ed826b8d24570db1a991c3e170177dcd1459a2d,1,0x72b1641db11e7ea1d479cfb063c0350f4eab1e70
0xa8e5ec62bfec3906817cbb56728523e65e2e681d,0xb4ea9a0c1edd5c41585cd3715a1269b9dd3105a5,1,0xd587ffea558ae6c5163a4330dd21ae797b209907
0x34c6359eb8edfdeffcf8694853467aab469b2ade,0x000000f20032b9e171844b00ea507e11960bd94a,1,0x0520cfe285a58ca773609642849e3c3ec3bf590d
0xe1fa6449f1e453abc33bdc3f90fb806954f627d1,0x000000f20032b9e171844b00ea507e11960bd94a,1,0x2b97b1ac7fdc2ec487f0f4a8d15dd3de8e82968b
0xb97bf2a723847056736a5fa6615f2fcf4eee453f,0x3e070155c3099e557847154c9637ade3510cbda0,0,0x3e070155c3099e557847154c9637ade3510cbda0
0xbbaf02809fa0de19b6379f4134b36ee4bffd18f0,0x6faea455ea5309259cdfb076caaf779488ddf8de,0,0x6faea455ea5309259cdfb076caaf779488ddf8de
0xa89d4ffba09e3f101d3c8a64527e44bae85e4f4b,0x612e2daddc89d91409e40f946f9f7cfe422e777e,1,0xd9269c993d0ed2688fe20a3dc45ec9e51b7ba2ba
0x226ef92ca9c42ab3a786e434f19c8148efa6ccd8,0x23c4602e63acfe29b930c530b19d44a84af0d767,0,0x23c4602e63acfe29b930c530b19d44a84af0d767
0xe5a4e510d29d8862169ececea9b28297491d1d35,0x612e2daddc89d91409e40f946f9f7cfe422e777e,1,0xdf7c7615d430ccb197664e44eeb32719c3377583
0x94a9309cfee6b681694aa5a4a54614cfc7eb7679,0x2ff2bc16b78cfbc968ce5367256d1c4b065c8e3b,0,0x2ff2bc16b78cfbc968ce5367256d1c4b065c8e3b
0x7e964fb96488abe4790610f6e146791fc7365511,0x149048cd0f78480cf005489c8eeeec6bfb915a41,0,0x149048cd0f78480cf005489c8eeeec6bfb915a41
0x20aac8c0dd84cc6454b558725f20bd954b872cd2,0x612e2daddc89d91409e40f946f9f7cfe422e777e,1,0x33240aa1f6a7b558429cf34f7d88a2834ce8c89f
0x7fef3bfe1888f2e7e365def91cc7cfaede078c2c,0x612e2daddc89d91409e40f946f9f7cfe422e777e,1,0x57e9332d95a94ed426a4ca9753e3e464fc3ef313
0xd5ec52c95c3b548f261704349eff0f4195715553,0x612e2daddc89d91409e40f946f9f7cfe422e777e,1,0xaa6f81a48768f1eb8c6c63dd349aa115e08b117b
0x6f784f596d62fd092a8d4e9f389c2db29de6c95e,0x7ccd2ee72a75f7e4776f598c1be11a119fd8d191,0,0x7ccd2ee72a75f7e4776f598c1be11a119fd8d191
0xbf4f2bcef392f38a4548aab281e22ccd7d396423,0x612e2daddc89d91409e40f946f9f7cfe422e777e,1,0xd19029e24eacd9be3def6344fbbcf29b0a000b42
0xb2c23ee0abf754f9fba80f7301ca269e706368a3,0x61b8ec618a7e5d5909cd15ada7428dffa0e43a60,0,0x61b8ec618a7e5d5909cd15ada7428dffa0e43a60
0xec8a309bda22c2fb53d0bdbbdf6d43aa0b602683,0x68b8a01db195efc9a9b0c3b70a3c30ffa550f6bc,0,0x68b8a01db195efc9a9b0c3b70a3c30ffa550f6bc
0x7f44698c7d94ea548f830f156dc71069cc36bc38,0x36274414d89b38d0292fb54e8767af79f29fe00b,0,0x36274414d89b38d0292fb54e8767af79f29fe00b
0x7e1b26dc9e756eb4b6c966a5199ec3bf633d1ab0,0x3b612a5b49e025a6e4ba4ee4fb1ef46d13588059,1,0x3929eff8e0feb3166992942d8b9030d95646c3ce
0xaf8cba11cdab2f6979d55a368016850c83bdd25d,0x81c77077f7efac072fc4eedebb6ffdb9a0a337a5,1,0x8311a2d0adc75f96eb167791c2f10b40c4b63bd2
0x58f62d5ee089defa973acfa27a8ba3f29ac2c43c,0x237e3ac15ea489a05593ad34513c3b1a7dd1d213,0,0x237e3ac15ea489a05593ad34513c3b1a7dd1d213
0x3984e34ab986c03cd1bee095202d8da84d652dd5,0x3b612a5b49e025a6e4ba4ee4fb1ef46d13588059,1,0x91564113eab663bd763a42ab3dce034f77323aa1
0x8f98a989f7d0218d0bf6defa0a46ed59c0d76772,0x3b612a5b49e025a6e4ba4ee4fb1ef46d13588059,1,0x292276fe81ca1c1e6c0fe61074d810cfb26fee31
0xe243cc1f37eeb9348d53b9b06cc46d34454eec37,0x322c38c3a3297614495a975ebd1a075027012794,0,0x322c38c3a3297614495a975ebd1a075027012794
0xcf2cc4994fe9e411a6adc30d0a11f20cd4d8d2ab,0x79d922dd382e42a156bc0a354861cdbc4f09110d,1,0x868964fa49a6fd6e116fe82c8f4165904406f479
0xb987bcecf6784672c6015be6e7d45854a3ba6278,0xd2a3f9c6fbe4c13d979898e603d64561264a6b35,0,0xd2a3f9c6fbe4c13d979898e603d64561264a6b35
0x04e8a45fe2750ac0a3b07deaadc6fcb7f893ed7b,0x000000008924d42d98026c656545c3c1fb3ad31c,1,0x081e83ed251ac446183f8a89e8e05712689ced4d
0xabfcdcdd9fa09a4bc1f3ccf78f0ab74c0e632ca7,0x9b4fe7c6ea50cf95bce2bb29e0d4ebb210df3179,0,0x9b4fe7c6ea50cf95bce2bb29e0d4ebb210df3179
0x4ef0a48c4467384ecce8493c8312e8609f19d3e5,0x00b4347ce0716e16130e8c4cc09f81ef0d9254c6,0,0x00b4347ce0716e16130e8c4cc09f81ef0d9254c6
0xd53342b482bb0c4c61451706ff91e281f4c5eb12,0x98600f9fcc9c85af84fbf139d1f88f17edce1d0f,0,0x98600f9fcc9c85af84fbf139d1f88f17edce1d0f
0xac4a8322b1966e66a2df216a60e0da8ef1a3e5b6,0x76f948e5f13b9a84a81e5681df8682bbf524805e,1,0x962c28861cc7acf87aa08ef52c317412f65f6745
0xadc47dd9017f3cdddf25658116285eb69c685be0,0x000000008924d42d98026c656545c3c1fb3ad31c,1,0x7a88a6e99e2497c4e30521683866112474d9d04d
0xb356e88aa7abac135164a23055dee6171c466b04,0x16d0e97b0db1072ef013b43e4ca59a5c90ba85fc,0,0x16d0e97b0db1072ef013b43e4ca59a5c90ba85fc
0x6710b24268549c49952944009aa1175ba03b55ca,0x76f948e5f13b9a84a81e5681df8682bbf524805e,1,0x42fa50e1599508c17fb1a020c2e1fd45b25d0f67
0xdeda8a08f879418aad7827d16b0327460271239d,0x000000f20032b9e171844b00ea507e11960bd94a,1,0x23437f818859f9e913b4cd82306e840935a8e593
0x1d35d65024ae06d352a173fcdc3269d933052c94,0x612e2daddc89d91409e40f946f9f7cfe422e777e,1,0xf0e3e3daa71011785cf1b57740fa6a8fb7b946c9
0xf7462bc8cce9992823390d16069591984b42c549,0x000000f20032b9e171844b00ea507e11960bd94a,1,0xcf132cb27ba7b2ac495746726ab7ac327e39ba2c
0xea80845797f30ca73d0a3232494e973ad64e39df,0x000000f20032b9e171844b00ea507e11960bd94a,1,0x851ba21ffda05cbd9de284f31b251a968c863d8e
0x38ab3d5b55bd6107dd4daa26cbf5cdc459dcc196,0x000000008924d42d98026c656545c3c1fb3ad31c,1,0x03d9c70a40e016daac78b85d3a32d83dbf0b1a2d
0x59b992d1d4c0a7e78aa0d6db763788b8dd4d62d4,0x612e2daddc89d91409e40f946f9f7cfe422e777e,1,0x57c1e1a4d4d7c1186b1bbf82227078fd769cbe6f
0xc4a3757ba961b41bf8d520a6a1770a8078538a87,0x612e2daddc89d91409e40f946f9f7cfe422e777e,1,0x56d99f6ccfab68fc9f0de1bbd132439436475a6f
0x1b177d08f4334e8313947d41ae995c1b7b2db3ae,0x000000f20032b9e171844b00ea507e11960bd94a,1,0x98a6393ac72c30aca7899e15aaebd3b02e3419b9
0x39dd53e4c3a7269f32955f7bfa77b4f1ab78d53f,0x000000f20032b9e171844b00ea507e11960bd94a,1,0x2a76570470855fdfe18d46af20f127834fb8b40f
0xdc7514c657ff7b6bd86e88068c80393d475fea89,0x442295de8a31d65026dbc09c29d469f6854f188a,1,0x0b4a2875bd7f68b81e650a4833291098b811362c
0xb14493b7b5ec2f53e37268de3b778ca18674f18a,0x000000f20032b9e171844b00ea507e11960bd94a,1,0x6cf139a26cbb03bb866504121d3e5751bc8eeb60
0x43fe884e2db28b4b6389cf208c1702c1a58df093,0x612e2daddc89d91409e40f946f9f7cfe422e777e,1,0x57ddf91b468d5b07fd19c4ebfea5bcae01e8bb07
0x4aab9a5609118ea7162d0e7c9a3a6df69013d152,0x000000f20032b9e171844b00ea507e11960bd94a,1,0x79f5cb9f264f72f5c3e9204b40ffc0c828168b4f
0xdcad07b6543cbe2fed7d59e762f8dd995ee34bf8,0x612e2daddc89d91409e40f946f9f7cfe422e777e,1,0x48c323447baaf17e8b36fccee9285129743b6d58
0x885237beb426895ffd23b0f5ca81d4014690918b,0x76f948e5f13b9a84a81e5681df8682bbf524805e,1,0x7a3a08f41fa1a97e23783c04ff1095598ce0132c
0x8b125790099bbbd9d33a49f84b38589591bede85,0x000000f20032b9e171844b00ea507e11960bd94a,1,0xe7e6823df420bf3523802647dd1c95fa13314f9c
0x7c98748d0f5b61533e5e4ff1f907edda3feb3e3a,0x241948a38a0552f7cbb03e9181b951f99b013a3f,0,0x241948a38a0552f7cbb03e9181b951f99b013a3f
0x1bc0720407442e4c0245b5a6c988c0b41fcdec76,0x30ad401d9c1182e50bc0104baf31fc84d97405f3,0,0x30ad401d9c1182e50bc0104baf31fc84d97405f3
0xafb979d9afad1ad27c5eff4e27226e3ab9e5dcc9,0x4e59b44847b379578588920ca78fbf26c0b4956c,1,0xb1bef51ebca01eb12001a639bdbbff6eeca12b9f
0xa834982be1c38e82a93913b46ea7c556272c5a40,0x000000f20032b9e171844b00ea507e11960bd94a,1,0xb430d748c4961a567a484b107e4fb822b42a6b9c
0x9722611382ab594d7957dfcb84a6da7024f0746e,0x7354936bc7a72c8baf5a2f9262e70a52c427be4a,1,0x570b703f536e0e48c3dbbb06c77db996d79f48e4
0x3f4a55bd3caa78e7abe9bdc5df10131170834029,0x442295de8a31d65026dbc09c29d469f6854f188a,1,0xa5939a59d560d0b34fce58971edaf29fc090085b
0xf6845341e8fed5a9665820207175a0a5062dbf41,0x000000f20032b9e171844b00ea507e11960bd94a,1,0x714db4e6b0627f0d517a79f68a64437e3e5d5fc0
0xa55405ef13174ef1a59a1c4294ad707603b2e73d,0x000000f20032b9e171844b00ea507e11960bd94a,1,0x68aa551182ed6614ebcc79fd71fbdec8ee0e958b
0x213a57c79ef27c079f7ac98c4737333c51a95b02,0x19eb7ffdcd670ca917110bd032463120a5e58c8e,0,0x19eb7ffdcd670ca917110bd032463120a5e58c8e
0x960b7a6bcd451c9968473f7bbfd9be826efd549a,0x5f9345fdad91bf9757445adc82e477b33fd3349c,0,0x5f9345fdad91bf9757445adc82e477b33fd3349c
0x0615bc9732987a884404372799ec35450a62f78d,0x3b612a5b49e025a6e4ba4ee4fb1ef46d13588059,1,0x56bd0706656589f6b3d8a7badd085378bd97447b
0xd95be0e49472927adad417e5e62e2f087b8e210c,0x2e41780f164d8e2b1cd8e99579f599a65b421fbd,0,0x2e41780f164d8e2b1cd8e99579f599a65b421fbd
0xf21ec4710b2783ba21ded3570f0b2fdf09b0db18,0xdb32be082722a336ba94818a6fc4396c75f96789,0,0xdb32be082722a336ba94818a6fc4396c75f96789
0x41f2550b2faafde96218d182091df6e1dab06963,0x58477080d02d8ef9715cb2381c904ad449887418,0,0x58477080d02d8ef9715cb2381c904ad449887418
0xd3f011f1768b38ccc0faa7b00e59b0e29920194b,0x41bc231d1e2eb583c24cee022a6cbce5168c9fd2,0,0x41bc231d1e2eb583c24cee022a6cbce5168c9fd2
0xc412abb6867550654947f6b20d7a38eb964177d3,0x9ebe1325a825f4f7505be74272cadedcab8f939f,0,0x9ebe1325a825f4f7505be74272cadedcab8f939f
0x7efb89d332f1560f682c623ee0e15c1aacf81ea8,0x612e2daddc89d91409e40f946f9f7cfe422e777e,1,0xe9f595099f1260eb723a5447bbc53ac9fd11cf4f
0x3dbb10bde369a8272f7106d88c510829af49c813,0xb67c0cde9974275836e77fac65bcbb5055d356e9,0,0xb67c0cde9974275836e77fac65bcbb5055d356e9
0xf59eb3e1957f120f7c135792830f900685536f52,0xef60fb8d56962277aed8db6d6625b1ac7767fd08,0,0xef60fb8d56962277aed8db6d6625b1ac7767fd08
0x7183bb21a9fd0cd2af098895c0e470b7f61c4a17,0xf74b146ce44cc162b601dec3be331784db111dc1,1,0xf3f71b3c0932880f333c6bf7be4ff18815be1e40
0xa1829901090ff9364881ee75d008e5ea7e0e031a,0x7ff2e5d244a4b5b72092f632ad8cb05ad1873d24,0,0x7ff2e5d244a4b5b72092f632ad8cb05ad1873d24
0x27ec75f31802620eff833e05951df916fac225fc,0x612e2daddc89d91409e40f946f9f7cfe422e777e,1,0x047d746e450516ab68b5f3c3fdeac95ad1ef20b8
0xe2a5bfbbd797689819067ed50348a0de8e1db018,0x7a195e1d1d09e9a3bfb3e3be4e2d3b1462f7c6c8,0,0x7a195e1d1d09e9a3bfb3e3be4e2d3b1462f7c6c8
0x95627b25313ee2ac5b462a36ff475be651851144,0x88cd61060ec1653d08329197ca0c53d267675f87,0,0x88cd61060ec1653d08329197ca0c53d267675f87
0x97abea635efdaf4cdc844b8677623cac8d776814,0xf2dfcf5d9eb2fe00ab0e0a514530c1c5657ff39b,0,0xf2dfcf5d9eb2fe00ab0e0a514530c1c5657ff39b
0x31b4c124e8e021402a2b89f8ec1af54f68fd256d,0xbf489dde9267bd49a029499a996a4ed66555de88,0,0xbf489dde9267bd49a029499a996a4ed66555de88
0x03d3b472e27f2ea00f301eaa2c50598af23b1bb4,0xb805be0861280ac7977704795e6be250486d69fe,0,0xb805be0861280ac7977704795e6be250486d69fe
0x76da061822d9ed2dea9bb3bb0d29482625e7516b,0xa7565f66bcde90d62dbb257ac3d8fc3dda7c41e8,0,0xa7565f66bcde90d62dbb257ac3d8fc3dda7c41e8
0x046a0c775e5308498d0dfa2bba72d4bc4b13c423,0xce417118275171e1f2ce1ca5206b897be17f0134,1,0xe0c5a47e42c36cd3bf3a80af30194eb12f234d40
0x434961ea495561ef8361eb0ba7b0b2465d537c69,0x612e2daddc89d91409e40f946f9f7cfe422e777e,1,0x52f9624409e9aa19a6ce397d8b4cb9d8de92c247
0xb4c86f8d56c59179ec9b81245305bc9f3a8151d3,0x612e2daddc89d91409e40f946f9f7cfe422e777e,1,0xe51886410943c567d575f26ddf19a25c04fa6a82
0x333e963a1a9e9489188034f9c19452a5cd3679ec,0xaf0e9bf133709dfdc53a7e95e8fa3ebc6c5b4008,0,0xaf0e9bf133709dfdc53a7e95e8fa3ebc6c5b4008
0x891a5c17bdacca7b37fdc9156353fd0416b48ca7,0xfe41948cb8467e835b0865837b354134bba4c5f0,0,0xfe41948cb8467e835b0865837b354134bba4c5f0
0x98e3f0cc4a6325227576c166d4a977a80675bce9,0xd72166111abc841ca922755e730244ea8ade27a2,0,0xd72166111abc841ca922755e730244ea8ade27a2
0x065d630ecb814653dd1dc202e5a081cd021927fa,0x79d922dd382e42a156bc0a354861cdbc4f09110d,1,0x868964fa49a6fd6e116fe82c8f4165904406f479
0xd124d5200c95648c9d1eb958a51e610b2a395351,0x866cfda1b7cd90cd250485cd8b700211480845d7,0,0x866cfda1b7cd90cd250485cd8b700211480845d7
0xb88143d766a2e966b1a9b2774f6f11d7458c21d3,0x5f5b43c1d9cc6ccb91e251c654ff4a10343d89bf,0,0x5f5b43c1d9cc6ccb91e251c654ff4a10343d89bf
0xfd248dca94c2fa2f335b0c6f00e081f6095354fa,0x9183232c85fef8309439ca63c528754d031326c6,0,0x9183232c85fef8309439ca63c528754d031326c6
0xb10daee1fcf62243ae27776d7a92d39dc8740f95,0x4e59b44847b379578588920ca78fbf26c0b4956c,1,0xd427d37b5f6d33f7d42c4125979361e011ffbfd9
0x47e037c9d5ef7cabe5389cedaa5e51f5c0cf437c,0xf4fbcb5cc96fecd9b2b1af1347fefc294bf762ef,0,0xf4fbcb5cc96fecd9b2b1af1347fefc294bf762ef
0xf04fcd14e28fbdbf54dbd7cd5b5e2bcf9bd59553,0xa6c5f2de915240270dac655152c3f6a91748cb85,1,0x0e6dbdbdb56964f3009a4780cc284ea43dcd1a34
0x5c7da3a982e9e76c456f0284bed0259cb1c0831e,0x1de9d1ce8cba16c98ad50d0f902e6feacbb35df9,0,0x1de9d1ce8cba16c98ad50d0f902e6feacbb35df9
0xcfd332eaff443d1b17cda910472a70257f85b04a,0x31335e9ef9b6f14cd9c24c62cf261e7f8e02c726,0,0x31335e9ef9b6f14cd9c24c62cf261e7f8e02c726
0x2052c7921c9c1a129a73e3e947c8f5dd3dc5bcc0,0x10a68f29b5f9a1d94af3242a6616a834eebda495,0,0x10a68f29b5f9a1d94af3242a6616a834eebda495
0x67b8afddb494c16b779e6f23e1de5dbf3437f857,0x2dcc7c4ab800bf67380e2553be1e6891a36f18e7,0,0x2dcc7c4ab800bf67380e2553be1e6891a36f18e7
0x65856090773dbd6b0bac61ecdf74ec7a45a4567a,0x65f27600931eaed406099448f5768842a727b365,0,0x65f27600931eaed406099448f5768842a727b365
0xe5b12befaf3a91065da7fdd461ded2d8f8ecb7be,0x02c845ac4bac48a6cd1e1c88a84195b7d5805b82,0,0x02c845ac4bac48a6cd1e1c88a84195b7d5805b82
0x766cfda32f6e04691018cd431faedbe4e51fd2d6,0x612e2daddc89d91409e40f946f9f7cfe422e777e,1,0x5d2b4063aedb121b5c8aeea39f9626f04da6bffb
0x646eb9b8e6bed62c0e46b67f3efdef926fb9d621,0x1a5a345bc53e76bb876af788924e8cfd50bbf837,0,0x1a5a345bc53e76bb876af788924e8cfd50bbf837
0xc9d57efb77943b98ef84e1e23decad14f4bca67b,0x612e2daddc89d91409e40f946f9f7cfe422e777e,1,0x84d71b85434911f90804941d13d71e587d83f540
0x27caba12c6ebb61522795bf0666bad82986f52be,0x612e2daddc89d91409e40f946f9f7cfe422e777e,1,0xccb21daeda83f0ff59ace970cbc990bc29fe6dc7
0xdfcc3dc8fa2269513264bf9870081cf0891989a3,0x76f948e5f13b9a84a81e5681df8682bbf524805e,1,0xbac364c8f30beea994595f4609e5a6c6c2ee06f5
0xd5f6f98f5786177b5e52ae5a1a548a6c5bbddff5,0x000000f20032b9e171844b00ea507e11960bd94a,1,0x0814b16bd516a6a95d51f1cf65cf31acb06a1445
0xbec0790131c6e45880946c43a067b48e62066f1a,0x00eeabd52b35ebaf74943c6999ed5002559baa39,0,0x00eeabd52b35ebaf74943c6999ed5002559baa39
0xea64c05f6b7fdfd3497d9224c7d75b40346c420d,0xcdf9a3034318e1864c7f6b8f69828402cae1681e,1,0xc8d559baa3345539ce679e3ef14b7569eaa62c6c
0xdccb3a53d47bcd0526a2aea388e355c10767fed9,0x73ff9875333c2ceb1c812902ccc5f556b6bb6ed0,0,0x73ff9875333c2ceb1c812902ccc5f556b6bb6ed0
0xd360d89ff5928f7d84e61b6788e8f15e53bf417d,0xa71d3c1947168b05cfb8fe0e9143b49bfbbccbb7,0,0xa71d3c1947168b05cfb8fe0e9143b49bfbbccbb7
0x2e0a273719ee70ab90fcb76c104199e9a57eb16c,0x612e2daddc89d91409e40f946f9f7cfe422e777e,1,0x1a0d2ea0a37b0278dd73b59e4582c393c58fb54d
0xc5e6fbf8819e9259a194722fcfeabd7b919b6262,0x000000f20032b9e171844b00ea507e11960bd94a,1,0xed19362358502dbce641a1c4d6f952096167c8d1
0xc6c0b75b4b7493be6d5069ce610003461824848e,0x000000f20032b9e171844b00ea507e11960bd94a,1,0xaeb3b23d10225d33532df47ed3acf2bdc14dbc81
0x95cb845b525f3a2126546e39d84169f1eca8c77f,0xf74b146ce44cc162b601dec3be331784db111dc1,1,0x41146fca1872eb57963375e62ac9b1c5f704fae9
0x5ae74e47d09fb64f77504ac8cfbddbae0d816270,0x8695afa559b1ef3cef0cbc511e8bda4d5f91aad0,0,0x8695afa559b1ef3cef0cbc511e8bda4d5f91aad0
0xf6d60f7b7b43fd992b583464c2090eb15de71dd8,0x5308545d3ca57d051e1cfa56e9e1a330c2933d79,0,0x5308545d3ca57d051e1cfa56e9e1a330c2933d79
0xbbaf444c085f6cd9f21344538a9a9164e1cf04fe,0x612e2daddc89d91409e40f946f9f7cfe422e777e,1,0x87d252c2aae4f1f09d2c9cb03871276f82fb9426
0x47c6ac05cf695748e02a7a2685a0b3801dceb57a,0x7354936bc7a72c8baf5a2f9262e70a52c427be4a,1,0xd159ce0ce93c44ff71f1d6cd10e0d24ca1c3fdd2
0xd3f3dc3ca525d6cea76b1a585a345164ab13dba9,0xbb464602967114c463c34611a504b1eb0b5faee8,0,0xbb464602967114c463c34611a504b1eb0b5faee8
0xa1233f9963544e229ba72a2030b95995b170900d,0x0000000000003d61b3d0a96b70b9c9006947759c,1,0x3f972e76c74b4067668c116830be063cd03f723a
0xdba66443a50cd099d6b277366b6b715d8bfb98f4,0x2b6f3817ba1a643bdcf9de0112cf5382cbc6f442,0,0x2b6f3817ba1a643bdcf9de0112cf5382cbc6f442
0x09b9e4901634bb8a6f10234aa9d59f5294c8fde0,0x08f67330850e8a7076a972d1f42f7794f526e78d,0,0x08f67330850e8a7076a972d1f42f7794f526e78d
0xe2fc0379c5215f053f2690ccd160e92fecaf067d,0x08f67330850e8a7076a972d1f42f7794f526e78d,0,0x08f67330850e8a7076a972d1f42f7794f526e78d
0xdcebffe9639d25f285727b3b45c0147f574f5ebf,0x000000f20032b9e171844b00ea507e11960bd94a,1,0xcfafa3a61d89660243dd9d130265facdd5234517
0x59e6dbfaa5f379e9867d73f5040995ecbc62130f,0x000000f20032b9e171844b00ea507e11960bd94a,1,0xbd547f4d3fd65f066c5452ef6e20fc2533373835
0x1afb4ff308c71cbe0f0501f51df0183c30c9e960,0xda014b6768f2c2a4b125cdedb344f8ff429c11b2,0,0xda014b6768f2c2a4b125cdedb344f8ff429c11b2
0x8afe005d29975dbde45e169e297324f16f6869a4,0x612e2daddc89d91409e40f946f9f7cfe422e777e,1,0x23fa5c0d8ee5c3763064ce5b344428cbaa515ee2
0x714a6670321cce3f57b091e0f1d6f7618a03c1f2,0x855ce7c2a55bc1c0e206d992bc68f90892994387,0,0x855ce7c2a55bc1c0e206d992bc68f90892994387
0x24930805fe1d9e4f168bfe146956570cb443d74f,0x612e2daddc89d91409e40f946f9f7cfe422e777e,1,0x2115f8ebc87ed944b6b3737034dee4c6d652b118
0xf0f36323504345cf12e849e66ef3b7b7a3f153f6,0x3584253dc5bd8043a20ed7b6efb3683be5a3763f,0,0x3584253dc5bd8043a20ed7b6efb3683be5a3763f
0x9c00cb5cc6c7437d0ea885cfd476fdd351d81ec0,0x000000f20032b9e171844b00ea507e11960bd94a,1,0x256a0f2c2e4e25be77d0fd4fd240367c30b72f51
0xdd2dfc120834c769c061c1dab7dc5310e1c584e7,0x8049fc710d4a1deea6a6bcef772c166ced7a82f5,1,0xd00d4f023c113050ec1aa9ab124add9fb5d7d09a
0x723babb32d76c1ff482d539698a7146f78196f4f,0x3acf4eb191960c49860503f628a6f7c300b0e7b4,1,0x90e3b67da3cace2349855dcd2b695ad1b370aa4b
0x8622d6677a49d3481da43e25a9779e4e5c9a6b81,0x612e2daddc89d91409e40f946f9f7cfe422e777e,1,0xf1380d5c5735c2c1195fe43e7f7bf696dc440051
0x11ee1f9d6cbb3e5e2b007af51731edaf1cf79626,0x000000f20032b9e171844b00ea507e11960bd94a,1,0x8f0bed4a198a0ab3b6f1043b07394fa7ebe95a00
0xaa9ce768e45458f0f7c6fd515ec2073ad2990667,0xa4ee068b9a36d38c61937a2526aadaac6a50cd6a,0,0xa4ee068b9a36d38c61937a2526aadaac6a50cd6a
0x00876e5edfa0d92e85d24899210fbd0a43027b93,0x000000f20032b9e171844b00ea507e11960bd94a,1,0xa356411781965b5705aed9b393d96c3f9c4eb193
0xf63dca38d143528463a7ad0301591c4f0847e8d5,0x14a86581f55456647218463fbeda6a14b14ec8b6,0,0x14a86581f55456647218463fbeda6a14b14ec8b6
0x829d604d1fb27e258530cd4f32f1807e5a9b587b,0x93d240cb0c24fde4292718d1e0b6d5365449fbf5,0,0x93d240cb0c24fde4292718d1e0b6d5365449fbf5
0x7c349e5d1533fc09f73257af3f5dff0d40565626,0x7960f1b90b257bff29d5164d16bca4c8030b7f6d,0,0x7960f1b90b257bff29d5164d16bca4c8030b7f6d
0xf4e893406cc34d9bcb880cb0a6cde0d7e80faedf,0x000000f20032b9e171844b00ea507e11960bd94a,1,0x70c6cc5def436857524f68b29e1ba94aa5d2a9bc
0x65f915250cbcfe14cd83b0ed6d716a189a6a2bcb,0x000000f20032b9e171844b00ea507e11960bd94a,1,0x7de940a1578e5da906bca24557f48527a6058300
0x1199b484ceba4a5adb127ac1ebfe3473ede37ae4,0x000000f20032b9e171844b00ea507e11960bd94a,1,0x4a60563385619f3c6d53a1d1d9d6e254911e85f7
0x0baf653c899ec6b70b80dccd2920b26d44efa829,0xa093ba7da11f4cace5fbdc8fcc60fcc11f2a3771,0,0xa093ba7da11f4cace5fbdc8fcc60fcc11f2a3771
0x90b035f05d04cee6b1b95ac212ba7c2cac9a663b,0x612e2daddc89d91409e40f946f9f7cfe422e777e,1,0x9f218c1380ad55e4a40b4da89795bd56e93e90ea
0x0eb99c4161eeb8794571a30122b879301806cee5,0x612e2daddc89d91409e40f946f9f7cfe422e777e,1,0x180484c982e64c0ece5aed772944bff14be4d06f
0xb01908b7a7495482bae82a43a3c36fdb9115978d,0xb386e92acf9279cebb13389811c22b77cc649bd6,0,0xb386e92acf9279cebb13389811c22b77cc649bd6
0xb99fa576aeb3239a315458914c8e6f79f1adf6df,0x4b7a8ce7d004c5c68207f355f6a838c941ff6b96,1,0x958c51643cee620734234c19848962e61bc207b2
0x6cfc9ca8da1d69719161ccc0ba4cfa95d336f11d,0x281302d3752b21beed7203443e9d500b5183738f,0,0x281302d3752b21beed7203443e9d500b5183738f
0x98ca78e89dd1abe48a53dee5799f24cc1a462f2d,0x487f09bd7554e66f131e24edc1efee0e0dfa7fd1,0,0x487f09bd7554e66f131e24edc1efee0e0dfa7fd1
0xe41bea6888f771a0c16d7188284522b76c135252,0xf75c90d6d5d34d6906d61cfd5e759cfc7ab4eea5,0,0xf75c90d6d5d34d6906d61cfd5e759cfc7ab4eea5
0xd43eafda8355340d9a03470cf66f0a7afdc4eaba,0xb07952a55bf9c45c268f37c3631823df50ac721a,0,0xb07952a55bf9c45c268f37c3631823df50ac721a
0xced50c3aa60182dd3e92ae0e477950a97342f81b,0x775ecef1c70ed299e37006f6820d6252b0e90bd6,1,0x595d7124758e0166218819c8037d78f4245a359f
0x7e8ba6e1366b82963e1f55e3ca623bfdf77c3ea7,0xd0bdd3a8676bab89cafce1708e7dce8566cd13c7,0,0xd0bdd3a8676bab89cafce1708e7dce8566cd13c7
0xcdc7747573d73d14779ff4237b0e248f1dce9b6c,0x3b612a5b49e025a6e4ba4ee4fb1ef46d13588059,1,0x10e965238ee608d4d45d56e6e9caa9d96ea30455
0x17d36c3cc8f3acb99b9ae66f47861cf376bf7cb0,0x4557ebc539137eec5ce6b76d80aeccad6af0aab7,0,0x4557ebc539137eec5ce6b76d80aeccad6af0aab7
0x41680f64ae87211d7fb75fd8f5fcc739237ce88b,0x3b612a5b49e025a6e4ba4ee4fb1ef46d13588059,1,0x1329f9abed704d3ad4c3200a5eeb891d20698a20
0x5992dd00ee9b50d9b8ede773ada8cc4ee5ea850d,0x6e42262978de5233c8d5b05b128c121fba110da4,1,0xcd6232c5de1d74fce905a2c8df8a941f480732fc
0x8c4614849e978a9fba64dc539cd82ce971bb46b6,0x612e2daddc89d91409e40f946f9f7cfe422e777e,1,0xd12b519d51ce10376ad7f5c5764fa39769f8c9a7
0x627d037d9367bed8ba4f2447f9bb5e1628dd7499,0x612e2daddc89d91409e40f946f9f7cfe422e777e,1,0x3d96b47d7743bbf9554d1a44353bac120920a03e
0xb1459ab717b52a43ad032260595c08238f13bc51,0xd69a4f613c03e991678d990a06904fab28662f08,0,0xd69a4f613c03e991678d990a06904fab28662f08
0xfc75e9917c578a0cdd2f2c6cbb519fe4d247971e,0x76f948e5f13b9a84a81e5681df8682bbf524805e,1,0x552b7200c91239d82aa96a762bc196472458f8b7
0xe12a07be4c3aa4bac194ca5a169811780a752b0d,0x612e2daddc89d91409e40f946f9f7cfe422e777e,1,0xa041d30f2fc0c83df3ad8fdd1a5a9719f4da2d6c
0x137d6074fd2e3a1ce348b03c256f19994defd520,0x612e2daddc89d91409e40f946f9f7cfe422e777e,1,0x03a372ca9f6277bd5c2b99da7601fa833c94cd41
0x22d971ba5e3cf70f1c973dfb1bde96ffc918dcef,0x000000f20032b9e171844b00ea507e11960bd94a,1,0x459fa71b47b8805beb9fb861038390ca029db29f
0x9e755e5c26f6703179c6f0bb3a7e766581986627,0x19478179ef8bb7c4792a4041903080e097d137dd,1,0x1107a0643adb258212aca54781a4d5570290332e
0xdd3c3439689d5cd19c7f1617e1fabdb2b49ebd2b,0x000000f20032b9e171844b00ea507e11960bd94a,1,0x51e46ad878a7d3a7cd6b9a2b291c90a113229ebd
0xd005a49fb2154aac2b6f2d25b52822b1f8d6a7fd,0x7603f32749937889f212943ff0e6922c6cb10e6f,0,0x7603f32749937889f212943ff0e6922c6cb10e6f
0x6b19f3234caae0929ab2fd4c42b02df75e07c37a,0x612e2daddc89d91409e40f946f9f7cfe422e777e,1,0x94b92b31686cc1911b270666bf2fc0325588447c
0x3174a484a3ed4d271b09fb1f28be532aa3e12388,0x2791eb71c88a36dcbcf3aa772aaf4e4122cb716c,1,0xb9d5c93ec9aba93180ddd00a628e8facc3103039
0x08a8f59dbe078f590452cfc68bfd2987f4d83de6,0x000000f20032b9e171844b00ea507e11960bd94a,1,0x17fc13b8a3fc2f5bf711878550dee0929e1248ed
0xac67ee06a189691fd9bc211677893ca717591b4b,0x000000f20032b9e171844b00ea507e11960bd94a,1,0x0807d5b2769a97377a0d1e2e9d18649b0cbe4e89
0xdfaaf9fac19e69303e32049ad8a40d8f99112b47,0x442295de8a31d65026dbc09c29d469f6854f188a,1,0x44bc1291c319a9dad26bd2f5d61a6b5bc5737cf4
0xe0c491a65499d94b8e225c88258f56c4f093dd92,0xd4f839266c2a3cd74fc925d8bfcf1af1bb4a18a8,0,0xd4f839266c2a3cd74fc925d8bfcf1af1bb4a18a8
0xda32bb0005c8b036bc319a94c765ffa4c7b3633a,0x000000f20032b9e171844b00ea507e11960bd94a,1,0x99720cacf5285c6992d1321fff30a25e1caad406
0xeec7fb5238061fd0ff82767441a0ca84e9dbc81b,0x000000f20032b9e171844b00ea507e11960bd94a,1,0xde7871aad92dfed1b175b5792d2fb526da46ec2f
0x8b588ea0a456c1d4dea88c79606b0d0653986000,0xa34223a79b330865a0141dbc08b190a9439d418d,0,0xa34223a79b330865a0141dbc08b190a9439d418d
0xc1e088fc1323b20bcbee9bd1b9fc9546db5624c5,0x925753106fcdb6d2f30c3db295328a0a1c5fd1d1,0,0x925753106fcdb6d2f30c3db295328a0a1c5fd1d1
0xba0439088dc1e75f58e0a7c107627942c15cbb41,0x59b265d775a37bd10b1344f1661465da314c1d13,0,0x59b265d775a37bd10b1344f1661465da314c1d13
0xd0318da435dbce0b347cc6faa330b5a9889e3585,0x5f3f357194c32f9c2f1176cc39b9d6c214a1fdca,0,0x5f3f357194c32f9c2f1176cc39b9d6c214a1fdca
0xaa18355bcfc8ae878ee4f65fea2158bd159eb521,0x676d72cca8080f81c44973d4b72f06fc632fab54,0,0x676d72cca8080f81c44973d4b72f06fc632fab54
0x30b541f1182ef19c56a39634b2fdaca5a0f2a741,0x47144372eb383466d18fc91db9cd0396aa6c87a4,0,0x47144372eb383466d18fc91db9cd0396aa6c87a4
0xaa5528eba3266b8f0dfbd2f955c76b69c0c0de2d,0x3b612a5b49e025a6e4ba4ee4fb1ef46d13588059,1,0x64961ad58eab5911cd510e19fd98f102d917eaee
0xbba0e48cd7c6e7176b85dd10e6651be9d815faaa,0xa2b619163985c363a25e210a91023dda4e08d667,0,0xa2b619163985c363a25e210a91023dda4e08d667
0x4fa39541e80d25e3f9531821f8d89179b21d8e51,0xd4072c40998fc4199d00efd77ce460b1183c2e8b,0,0xd4072c40998fc4199d00efd77ce460b1183c2e8b
0x17919a70517a38b62257d1378d40fc34ce057ca7,0x09bc641b6fa2308b030c312653f9675dfaa58e2b,0,0x09bc641b6fa2308b030c312653f9675dfaa58e2b
0x1cc9c0352182899c740febf1a84fc7127634b8e4,0x2c325156416cc7b701151dafb6d4c0bdf0d398f0,1,0x82cc352a452c1831d4b5cdb2394da1fd988f6586
0x1d8305e851182e3ca4df42d2ca8f3e441141aa8f,0xf54c9a0e44a5f5afd27c7ac8a176a843b9114f1d,0,0xf54c9a0e44a5f5afd27c7ac8a176a843b9114f1d
0x2e779749c40cc4ba1cab4c57ef84d90755cc017d,0x33cdad2fb7ed4f37b2c9b8c3471786d417c0e5bd,0,0x33cdad2fb7ed4f37b2c9b8c3471786d417c0e5bd
0xfb6171a7e3716ff7bc87c97265c6844b59af3ec7,0x68ddc0dbd8227596b37309cccc1a135ae795debe,0,0x68ddc0dbd8227596b37309cccc1a135ae795debe
0x577c0379ba192c3293f207b40327f34d18f9e7e3,0xc3a5a5d7681654ee860cada616e0982904aaf061,0,0xc3a5a5d7681654ee860cada616e0982904aaf061
0xa4f7e43eb8d8a67b90dd81f53e22f808c633be94,0x264fb9ed5553017beaa709e6410364acd8f0ded0,0,0x264fb9ed5553017beaa709e6410364acd8f0ded0
0x9a98e7e716ade62163b2e32f3f98334596df6873,0x612e2daddc89d91409e40f946f9f7cfe422e777e,1,0xb943e80261715c3aa309fff716f4cd474891b3e4
0x531f29a8390d48d9b9a3590893dc4f25d19ded18,0x3fbd8122790e27ffd88ff674b57f4ba7ec2c1814,0,0x3fbd8122790e27ffd88ff674b57f4ba7ec2c1814
0x69b3c892b94bdb4967e05153fa9db4466fc9ca29,0x7b92849d753be78c3c0c013a6185e2f575c1714d,0,0x7b92849d753be78c3c0c013a6185e2f575c1714d
0xad76c63e400e1ac15681d54256b95cef84d5910e,0x612e2daddc89d91409e40f946f9f7cfe422e777e,1,0x849fa18589177bbbd194f146a93fd81c479de4f1
0x6d60e6c4038b20cbba263ff842fec852f0550041,0xf74b146ce44cc162b601dec3be331784db111dc1,1,0x7a3d05c70581bd345fe117c06e45f9669205384f
0x2b66c1b2c7d1ef8fddf6222a8c452c0fff4c0ee3,0xc67574c8d915026cc062fd925d8b69904d92ca70,0,0xc67574c8d915026cc062fd925d8b69904d92ca70
0xf991405e647ec2ad874e6fdf645ddfa8ad9ad227,0x4eeaba74d7f51fe3202d7963eff61d2e7e166cba,0,0x4eeaba74d7f51fe3202d7963eff61d2e7e166cba
0xabd39fc1c3fccf22ef64f2d1fa007815f1472ff5,0xbe25e3c60b4969de23fb10930043e44f987cbc1b,0,0xbe25e3c60b4969de23fb10930043e44f987cbc1b
0x83a079036879f878f438e8df79a76dbd98ec23cf,0xc66c81d5e0bbf8b54dd2a5359d18ecbd69bd2bfe,0,0xc66c81d5e0bbf8b54dd2a5359d18ecbd69bd2bfe
0x5a778d28b9c9c80b4fd30f22fbf6c208bfe35653,0x3cdf87cd24ca61655036b98e7f134774cd3d24a7,0,0x3cdf87cd24ca61655036b98e7f134774cd3d24a7
0x3e2f0ba3f016a789143b97fdd70176c1137a60f7,0x4de94de493368c1da433e5b7fd4c056b712695d2,0,0x4de94de493368c1da433e5b7fd4c056b712695d2
0x092d010e450f7632175698d3a8fed7634820c40d,0xf68e62f77da1679fc76cac8cb3e7a684eeccf788,0,0xf68e62f77da1679fc76cac8cb3e7a684eeccf788
0x054f2517f026ffdf68c270b75ce54beb5531d9d7,0x5e97f2917c2855c542476606908768360264cb8d,0,0x5e97f2917c2855c542476606908768360264cb8d
0x77730ed992d286c53f3a0838232c3957daeaaf73,0x777b7e2654e1d3d1dd9410c361ad7a038f2b4d9c,1,0xda00c4fec58dc0acce8fbdcd52428a7f66dcc433
0xb8064b1208d7701839110e1de05ad46079629b38,0xcb8ecb94f6c25af4fab696b91cbb0a1449b98f64,0,0xcb8ecb94f6c25af4fab696b91cbb0a1449b98f64
0xaf93fe859864d8ea71b6144d68c4d33e012abf39,0x612e2daddc89d91409e40f946f9f7cfe422e777e,1,0x80069f811733a5037ec144e86269db079b8b721f
0x263edbdd7a036e20b820ac312751cab319ae1203,0xaae4ac8e4d1ff3aee7a928f7673a7f300ca8838f,0,0xaae4ac8e4d1ff3aee7a928f7673a7f300ca8838f
0x35b9340bad6f92e7ea648698baaa2fe3056ba01a,0xd8fe1ac0aa13e6d83116ab0107a34787fc3e96be,0,0xd8fe1ac0aa13e6d83116ab0107a34787fc3e96be
0x53a5d94155aedd2079d271c6bbd45c8fa2548a49,0x2b5c4a386b756076f73fde0f460eff0a8f035b7c,0,0x2b5c4a386b756076f73fde0f460eff0a8f035b7c
0x30ae6445a1fdb1b884600274046e7ce93675e2bb,0x81c77077f7efac072fc4eedebb6ffdb9a0a337a5,1,0x375ad2eaf0240a5ce42d293cc0114df931b714c0
0x0fb4b7c69b3ec296a67ed222335322f0bb829489,0xaef3e8c8723d9c31863be8de54df2668ef7c4b89,1,0xc785fd4e9aee80a6d6cbfcc57380b92aa92deef3
0x2c8c080ef0f44be8404bdf7d8f1c6981eef9cb50,0x000000008924d42d98026c656545c3c1fb3ad31c,1,0x4f30a2c1192f54ea8d8b6fe9ee382945f45abe2a
0x29ec6f235b1d7cb6ab501ae8e5428974baf90e56,0xff6876ab470a7e5135a906ee913b87d1b81719da,0,0xff6876ab470a7e5135a906ee913b87d1b81719da
0x9340204616750cb61e56437befc95172c6ff6606,0xf74b146ce44cc162b601dec3be331784db111dc1,1,0x333d0ebc54707c0a9d92cac749b3094c28a0e111
0xe2dd92d53ca040b353e0f243247e9f5eeca41cdc,0x7d33c493e2453df879d8277f2dfacba5626fb461,0,0x7d33c493e2453df879d8277f2dfacba5626fb461
0x0b1500d0fb8077f3e985c079e672b226d8aa6889,0x3241c90df6f99447350f9ca871ab195465ae85bb,0,0x3241c90df6f99447350f9ca871ab195465ae85bb
0x566e614ad5a7e94595943d1aba927ab49bac64aa,0x1ca2007d4f2bc0ec2a56ecb890e56e05f36182df,1,0x40e01adf5dcad2ff0fb0dd2875694aa073a22011
0xc4b3ace47a29871273346406c7b14932d8aff76a,0x612e2daddc89d91409e40f946f9f7cfe422e777e,1,0xd46dba33787eaa4e943492bcf4bf6d1098a5de30
0x0f64143147759e4a0c466936a74d64667bf03d2c,0xa8446de6935406c930caf90a67200e053155a72e,0,0xa8446de6935406c930caf90a67200e053155a72e
0x4e7e65bd22f88cf7504eaf11701ce637074d42da,0x29123ec8e68d5a02026b934f2bb353a40796a969,0,0x29123ec8e68d5a02026b934f2bb353a40796a969
0x3679f68709dda61c8cbd5fef301c7c92b90c423d,0xf27e5e949c7c451576cb79e39854e058f8b3f231,0,0xf27e5e949c7c451576cb79e39854e058f8b3f231
0x875262d4eff8a6443d3c9ca97f5320d30ad7e34d,0x9571f51b11f86d878d9d512228fe7b266e807432,0,0x9571f51b11f86d878d9d512228fe7b266e807432
0xb2e6951a52d38814ed3ce2f4b9bec26091304747,0x03ee832367e29a5cd001f65093283eabb5382b62,0,0x03ee832367e29a5cd001f65093283eabb5382b62
0x18c8a2ed41ff598af6ed133e1e58f1264b8f8a80,0xb2019531de3bfda451668acfe40fb3aee59975b5,1,0x3911085dd4f2e8046b53c879e892d786ebdf0344
0x18f4dd8b5f3a1254ec9af27a3f6af800c8610be9,0x0ebddc2c8b6623d95ec7ef00a7e98ae10d263933,0,0x0ebddc2c8b6623d95ec7ef00a7e98ae10d263933
0x8647b5cb516a04938f2b939f80a1538541ac2ca5,0xbd4b3501a85f030f51ed9aea20bc24d25142cbc7,0,0xbd4b3501a85f030f51ed9aea20bc24d25142cbc7
0x88d4f3308607c970001b49fc5e386e1b9fa8490a,0x1ed826b8d24570db1a991c3e170177dcd1459a2d,1,0x1a2be848d7958570966cc20b1c521d8945cda8c1
0xa2d34c2752dd9843a9b45cd7d39909f00d839efe,0x71bed0c6344c817a5a6b7d2f848d35f2b67c92a4,0,0x71bed0c6344c817a5a6b7d2f848d35f2b67c92a4
0x88231f78a9860249c19f78d876c28c9e407335c5,0x7c865fae0976ccace1ed276a9045176dfd6edcda,0,0x7c865fae0976ccace1ed276a9045176dfd6edcda
0x4b62670c8d522de4ef8ac73ad0b9710205f2c60c,0xcacf5267c4705c9eceb3a77c445026c51da58bf3,0,0xcacf5267c4705c9eceb3a77c445026c51da58bf3
0xa5f6482ae096e749efb82a6c6e2635490c9000f3,0xb2019531de3bfda451668acfe40fb3aee59975b5,1,0xbe4ffd2e416cfb6f2bd7e9eed40877be642a4e1f
0x8b3a7d0e9d59d9d21e26cf6de8d9d5a88c81dd8a,0x2dfcd1b4575342c53c86309e73e9ef596b0f0657,0,0x2dfcd1b4575342c53c86309e73e9ef596b0f0657
0x38726c97746a1bd6f3700eca452edc9965974348,0x30398240a58613f3ca65360ea7e2f62a5fd40969,0,0x30398240a58613f3ca65360ea7e2f62a5fd40969
0xadd998b03b0f60ef2f5bc5d757f52b8b1f8960ba,0x220e2b1ae1ca1c289b1100b9cd4528a48e80ce44,0,0x220e2b1ae1ca1c289b1100b9cd4528a48e80ce44
0xc8465f21e35afd1de06a81d932392c47b1bea42a,0x8decf88b213d850046c122aef3e5b58ec1c394f3,0,0x8decf88b213d850046c122aef3e5b58ec1c394f3
0xeb9ca3d6a18ab737ef9ecf981efcd1693147b48c,0x612e2daddc89d91409e40f946f9f7cfe422e777e,1,0xf114f7b316114653cff56c1259abc2fbe69ee082
0x7a88dbe19b4d1ded8ee3eca245f26fdc485fd7d1,0x5ebcb3538653b9348b6f8c8e34337da3edf5decb,0,0x5ebcb3538653b9348b6f8c8e34337da3edf5decb
0xa72692152aff82100e1e692734b412a89aa48994,0xaef3e8c8723d9c31863be8de54df2668ef7c4b89,1,0x5824b506c0f924b2a7b72841c07395f9dfc99df5
0xaa941899e866a000c3adf6bb425bd037e3539224,0x612e2daddc89d91409e40f946f9f7cfe422e777e,1,0xaab79be56443fb92045ca69b15942214162ff814
0x9c700ef7635777bcf33bde54bfeee8de51f35c79,0x612e2daddc89d91409e40f946f9f7cfe422e777e,1,0xa04611ac0438bdada004680628704151c8db044f
0xb367b1a74c409fc148fb21753b130b65b794dad3,0x762ba8627a1f4ffc4b85595d3c0a7cae4b363499,0,0x762ba8627a1f4ffc4b85595d3c0a7cae4b363499
0x9365c17b918ef2c2d66b7f92bcd617f726397727,0xede1b36aa2691194387d929bd1432860caba3d95,0,0xede1b36aa2691194387d929bd1432860caba3d95
0xb756b92d30d6ca5f0fef73ab907b5060f90b6356,0x000000f20032b9e171844b00ea507e11960bd94a,1,0x053e68bd077c33d3f4e6af8d679f68c762c642de
0x8a069ff3219e3d40668b2d45cb84c09becf1f63b,0xcf17900f026bf1ad272f7ede1961ffe16918c51e,0,0xcf17900f026bf1ad272f7ede1961ffe16918c51e
0x64c5f701d6804d37091a69bdd4adcda482ae0b39,0x612e2daddc89d91409e40f946f9f7cfe422e777e,1,0x4c11cc6823b0cb7d699d6fc278dad288eab7bd6a
0x62f392c1e9411ee574e373050b1ddcb6d6caba73,0x612e2daddc89d91409e40f946f9f7cfe422e777e,1,0xde9ba5f62d6047c4a9ccf24455aa733ccc5b8f41
0x25a161915d70d8e460194c08985db3ba9868c1d5,0x733cf2b788daf29b9095763c78bc0aa4147aceb7,1,0x4c3c9c41d9bf6158eeb279f7cbc10743d8980984
0xac1aee5027fcc98d40a26588ac0841a44f53a8fe,0x61156dd06a0b66479a743f0ab109ac6599355767,0,0x61156dd06a0b66479a743f0ab109ac6599355767
0x47cbe25bbdb40a774cc37e1da92d10c2c7ec897f,0xa2d9846c352ca61dcb20d6aad40cec1d1b228a78,0,0xa2d9846c352ca61dcb20d6aad40cec1d1b228a78
0x1a3371f61c3e2ced0e47196484a00b1b8c9c46ce,0xdc554b245f09cd35cf97d6c453b73263ceaf11ac,0,0xdc554b245f09cd35cf97d6c453b73263ceaf11ac
0xf80cf52922b512b22d46aa8916bd7767524305d9,0xe584b655a6d3d818998670f73c9c0702b66498e2,0,0xe584b655a6d3d818998670f73c9c0702b66498e2
0x2815667fae9a675fccb2a053bde0b89b090ca641,0x3b612a5b49e025a6e4ba4ee4fb1ef46d13588059,1,0xbb7509233242bb257951061d9c04a398264f98f0
0xa51781b0abd0b648f07534e55d5e44b7b982303a,0xa4faa7b5c82c21db689d7d88487d201d0f1fc4d4,1,0xaa30a2c68f37f8d855501e36b2e69ee2f8f9dc31
0xe1c1957507dae4c2090eeacdca44d24abb332e43,0xa88fe6fa01fcc112bb2164c6e37d63395b923e5f,0,0xa88fe6fa01fcc112bb2164c6e37d63395b923e5f
0xb94c3fd0016888bab09dbc229f9397294e828a54,0xd584fe736e5aad97c437c579e884d15b17a54a51,0,0xd584fe736e5aad97c437c579e884d15b17a54a51
0x58db2810ad43372a1d4b131e05adc2666e305162,0x97d603fec21821e5a2728bcec33d4fe3bab09149,0,0x97d603fec21821e5a2728bcec33d4fe3bab09149
0x555b59d22f7ed2b69d78c073ab1193c43ae04f2f,0x3b612a5b49e025a6e4ba4ee4fb1ef46d13588059,1,0x2a5d5ac60ec6441468851a33dd56027483569508
0x37b5ccea9949788c65d6fdc4056b283a4f949d8a,0x3b612a5b49e025a6e4ba4ee4fb1ef46d13588059,1,0xb07cf1b6d7661de58a59a30845b4a39b3906884a
0x45461d30ae48b76362d6e77df46a2d5005bca69d,0x2f5768f698fc0869ce92f68fd85a63d17d07dca7,0,0x2f5768f698fc0869ce92f68fd85a63d17d07dca7
0x30db38f52361feaf0b10a4ff60fd4e1ca6aad183,0x373a630b3431bf2a53b7174d9d9a8e1f5568fc04,0,0x373a630b3431bf2a53b7174d9d9a8e1f5568fc04
0x9e64c91f7a0497c289eca4bdffa564e280a20348,0x3b612a5b49e025a6e4ba4ee4fb1ef46d13588059,1,0x53cdf119811841804c47afe271d5fe607b4b6904
0xf35240c347843e3594dcfc80fef30ebd2f55def6,0xb5292bb264b19eb7fafd054236ee2f2ee4509d8e,0,0xb5292bb264b19eb7fafd054236ee2f2ee4509d8e
0x5452c7fb99d99fab3cc1875e9da9829cb50f7a13,0x8c23b96f2fb77aae1ac2832debee30f09da7af3c,0,0x8c23b96f2fb77aae1ac2832debee30f09da7af3c
0x4325ac3371f5526fb4190e5b426355c141b85018,0xaf69610ea9ddc95883f97a6a3171d52165b69b03,0,0xaf69610ea9ddc95883f97a6a3171d52165b69b03
0x48b14a1e57b6f272ca9ac1a0b5705272dd8a8056,0x0dcbce8720113df4898b0012ec62631e52435abc,0,0x0dcbce8720113df4898b0012ec62631e52435abc
0x3d3f0b6b36b96fd1b38a92e16b1c012943e1f0f8,0x66f5ddc253852f407d334f8e90e3bc46fdaaecaa,0,0x66f5ddc253852f407d334f8e90e3bc46fdaaecaa
0x829f5def854281c09d690e9291c4beba0441f45a,0x3b612a5b49e025a6e4ba4ee4fb1ef46d13588059,1,0x669e5ee1799b754a931d3fc12f03a6be81873c6f
0x7a3d81cfc5a942abe9ec656eff818f7dab4e0fe1,0xe49efdb44ab67f8377e59ae9027b0bf4eca9a091,0,0xe49efdb44ab67f8377e59ae9027b0bf4eca9a091
0x90ad4822a634b006aa29d94392cbf4318ef85825,0xb66f000362b08e3d4018ec67026635c4aacc7221,0,0xb66f000362b08e3d4018ec67026635c4aacc7221
0x22521ac9544abff27d5ae7fcd01b7053f9d8ebb9,0xb5338601f67187caec3dbede8ad58cb13b26e85a,1,0x5fb91fde18c2bc353ccbdf52198ecdd1b2f52e48
0x1898bf03de8fdb7721176fc7fb2ea32069167806,0x76f948e5f13b9a84a81e5681df8682bbf524805e,1,0x6a17d3dd92a8d8fdf8a1f27c36a9e046121fc69c
0x879e64252ca31d92e9d4f8ddfc55d5da1ece32dc,0x76f948e5f13b9a84a81e5681df8682bbf524805e,1,0x48eee1b187ab654787372db998aeea924b9ec5b8
0xf41e94978fc399e9616780545e8c80746005ef1e,0xcd884d0e58c69209e2de3eb00732b5d05dde2048,0,0xcd884d0e58c69209e2de3eb00732b5d05dde2048
0x2a3f519126f051613fd98c3a06fde121ab89a23c,0xc7b8e0e16cec7627fc780886e9bc9aa8dadc7f48,1,0xc0de0d7aaeca1c1d7d91b11bf57465aa1ede418f
0x5637566f7cd9d2548d9e297f4da38e1bbec1bf3d,0xd7097cfd0452b316cc085017bfe49886dd66206d,0,0xd7097cfd0452b316cc085017bfe49886dd66206d
0x5623461f68c5a2f9f6c507f893c65edb6d5f9d78,0x000000f20032b9e171844b00ea507e11960bd94a,1,0x97056673ccb438c1d0f60dbc39338f4d0067f0f6
0x7d4c53e8d1f07da9f983c916c2ef466fedc069dc,0xa1a22713946d0ec792f4e645bb40f6ce43a7b319,0,0xa1a22713946d0ec792f4e645bb40f6ce43a7b319
0x99e71fbc2fd2610cb434243f23c7068563442072,0x442295de8a31d65026dbc09c29d469f6854f188a,1,0x7f5a0a6847fd0fa05c13cbc02f435047b429e37c
0x8e75fb72095b58b07a3d239b303984c1267a057e,0x733cf2b788daf29b9095763c78bc0aa4147aceb7,1,0xe0324d6981ccb5b62bdd235366dee6172e0ef116
0x9a77f51e6e4dfe2c7ce81cd0bdfbeb048be30af1,0x612e2daddc89d91409e40f946f9f7cfe422e777e,1,0x6d78b78fdfad5ced626117195c468f0132f3eb8f
0xa562b4c15aca50764bad44bfba402370e00a9e06,0x000000008924d42d98026c656545c3c1fb3ad31c,1,0xfa314816caba21f04c5283d7dd1fe7d45928ecc7
0x6b33d9ce77485a16fe44d0c312010da51ef5e64e,0x612e2daddc89d91409e40f946f9f7cfe422e777e,1,0x96f4b304bdc6866b3f940dce902f1358a192b8be
0x33e3805bb7689deae60b9858842cda4386eac761,0x1ed826b8d24570db1a991c3e170177dcd1459a2d,1,0x9cf184114ccc9c5893c4064064526e92669dad3e
0x655072911210d471d9929efc58d184bfd32f7fef,0xc26ec287e5c848b138cc0ccef7f754aa2bc84d7b,0,0xc26ec287e5c848b138cc0ccef7f754aa2bc84d7b
0xe63f2bf03b403bcf7ef624b42006cf4ef9571057,0xf8c06cf338446508d496ea25eeb826fc8953978c,1,0x6b83027982b3284ba2c3d4558401c856dfc2ce1e
0xc0ee7c0c62637bdecd036eec7a59769c10563847,0x442295de8a31d65026dbc09c29d469f6854f188a,1,0x0c17d630161089e2e1b6c88d3e481effaca61378
0x348872a9201d3a1698a8ae778bae9ec59593540d,0x4c150e046504d2eac76b147cb7fdd05858d84d7f,1,0xee49f82e58a1c2b306720d0c68047cbf70c11fb5
0x8d73a1fd7d1ea04b9e1cf7b5f733dccf5c79b212,0x612e2daddc89d91409e40f946f9f7cfe422e777e,1,0x4ef25ae852b2f1083ece7a88c5f0cd350c700895
0x72a900eb492392dfb1c4b301d6156037dc94776c,0x000000f20032b9e171844b00ea507e11960bd94a,1,0xac6cd6a67fe4dbdb52228ad59a88bca1835cae91
0x1399827d34d06042ab57c24800db57f267b98170,0xbae9802ac9dd899c1ecdebf319fa270a09fd81c7,0,0xbae9802ac9dd899c1ecdebf319fa270a09fd81c7
0x4ac675c174ab70c21b52fccfa41e2ed882ba5b60,0x000000f20032b9e171844b00ea507e11960bd94a,1,0xdf5459d0a736e33a9dd081c496d1cdd3aff8a67f
0x452b2bc7c94515720b36d304ce33909a8323f3e3,0xeb1862b18a0f0a2d3b2b087c999f3223c1d9670f,0,0xeb1862b18a0f0a2d3b2b087c999f3223c1d9670f
0x2a187453064356c898cae034eaed119e1663acb8,0xe74ab71711981a31d3c38edfe702989f30be29b6,0,0xe74ab71711981a31d3c38edfe702989f30be29b6
0x54f456b544abfb785694400bcb1d85629b2d437f,0x7c0d783424fe9f7e5a6e82fb5ea5544cc99ad557,0,0x7c0d783424fe9f7e5a6e82fb5ea5544cc99ad557
0x87a6f25a05f57f0a4f06844eebd9fb1921da3832,0x6ffd7ede62328b3af38fcd61461bbfc52f5651fe,1,0x96d13cbeffe7bae169b9032fe69ed56eb07b300f
0x153de53cfb2bc7d03460347c176aa66cd0dd2d87,0x3b612a5b49e025a6e4ba4ee4fb1ef46d13588059,1,0xeee6698fe4f4be9b745a304f9c9e7a9acf60bc62
0x6cf76619295f52e053c88c9267868a8f710645ed,0x1f8bcc93e0f577460a629e8d1f0582df6db6695e,0,0x1f8bcc93e0f577460a629e8d1f0582df6db6695e
0x2d8b7cde32d965a8da47286792eedf1b57657a22,0xc852ac7aae4b0f0a0deb9e8a391eba2047d80026,1,0x53dd53daf8f112bca64332ea97398efbc8a0e234
0x6199a4a9a290b0b77ff2e113abe9d1ad4ab5ac63,0x77773f1e2ca26c2bd69e06e65d51800fbef1b468,0,0x77773f1e2ca26c2bd69e06e65d51800fbef1b468
0x60e14fd6b7d4b59771bc0cbe82f88175ea461620,0xb2dec1e6771c76ab99bcb91164fa9079e7b4e46f,0,0xb2dec1e6771c76ab99bcb91164fa9079e7b4e46f
0xd2fac232b6f313ce702bfeb49c5f7969cd24f8d0,0x3b612a5b49e025a6e4ba4ee4fb1ef46d13588059,1,0xa499d3b13140ac0a4322a39cd7f43fa6e4192946
0xb68c914e6ee47e9e660f799c48235c62cf7eedf6,0x5dbc7b840baa9dabcbe9d2492e45d7244b54a2a0,1,0xe752e50f9aeb2b52e6e3600c43da24a9712fb3d6
0x7250c8a695d1306c4ae595c4358b600be4723f7d,0x3b612a5b49e025a6e4ba4ee4fb1ef46d13588059,1,0x96ff88bc0befbacb3cc56f78ccc709a5f8df03f3
0x45704edabe7d2e038c35876dd3b6789511e452cf,0x97254b56c92a91cc9596219993c69fcb745db64c,0,0x97254b56c92a91cc9596219993c69fcb745db64c
0x1568d960941cdd203844661161bfe38253d39aa6,0x19dcef0cb5e71c95683bbdf21394f505c4eaece9,0,0x19dcef0cb5e71c95683bbdf21394f505c4eaece9
0x81f7c6d219bfc48a49676cdaf611b51372043e27,0x612e2daddc89d91409e40f946f9f7cfe422e777e,1,0x6bcf5f4a9ada39d2d78e4e7d5ec0d8ad00fafdb0
0x3f0b4d09fa1097f1f95683988872e6f24b90d21b,0x082fc1776d44f69988c475958a0505a5bc2cd77b,0,0x082fc1776d44f69988c475958a0505a5bc2cd77b
0xaffbbe7a37d01bb1cdce64be947383e8e3165875,0x082fc1776d44f69988c475958a0505a5bc2cd77b,0,0x082fc1776d44f69988c475958a0505a5bc2cd77b
0x02e5efba2b0b7f6231b0885dbf776595eeda5477,0xc457fee0564bf3eb972114762f62ab45c0e3590b,0,0xc457fee0564bf3eb972114762f62ab45c0e3590b
0x2021eb822cd3134e7714b5ee53eae4f165e220b3,0x85d226d360136f9ac8141e2f82a35ba36c097bc9,0,0x85d226d360136f9ac8141e2f82a35ba36c097bc9
0x5e0d176f09dceedb924431c2f8c2ed61a4799f0a,0x80897383d295d79079dfec48f4343f121dcb7c03,0,0x80897383d295d79079dfec48f4343f121dcb7c03
0x95ce19f6be7d2fe46b54224d9c4f1564f9f41fa1,0x7311cdb25a1d59c2cfa3522947e7b79e969f9552,0,0x7311cdb25a1d59c2cfa3522947e7b79e969f9552
0x563216b68af8f75fdb2df51c8ce298027a0c37f1,0x7d5300e22db1b2850da1beed10a894893731c1a7,0,0x7d5300e22db1b2850da1beed10a894893731c1a7
0x180a22c79a71b7bcdf049a02bea19248459518f3,0xc68972a01410a20aaa9c698852e89f6318ee43f5,0,0xc68972a01410a20aaa9c698852e89f6318ee43f5
0xe035618a81af074922c066d76eb9dbbae1ac5855,0x875d6c02c7b3797246b9ea776319a73ca4947321,0,0x875d6c02c7b3797246b9ea776319a73ca4947321
0x036721e5a769cc48b3189efbb9cce4471e8a48b1,0xc8f8e2f59dd95ff67c3d39109eca2e2a017d4c8a,0,0xc8f8e2f59dd95ff67c3d39109eca2e2a017d4c8a
0x607cb8bb818e80595a51f41c81feb8c82e04f1d6,0x716683d3906e8673a98ce560e07312f69a7046a5,0,0x716683d3906e8673a98ce560e07312f69a7046a5
0x55a64227980b70bfa5707b747c4a56855d15c222,0x81c77077f7efac072fc4eedebb6ffdb9a0a337a5,1,0x630a035be662260db9fe33cd58afd71f7e8f4fa3
0x8888fe7497be8eb642d510c48bb0e2c96a935c9e,0x113eda13cc8f3597e2e42be6f13f2c0ea4d086f5,0,0x113eda13cc8f3597e2e42be6f13f2c0ea4d086f5
0x5173cfa5a7e7956dc035bdda5a2b7697f0566eac,0xad3c9aefb16ce19e0c31b505d7b76e5b8e7eb9d6,0,0xad3c9aefb16ce19e0c31b505d7b76e5b8e7eb9d6
0x7c17be92fa11211657476a7aafb61bb416d3a94f,0xaef3e8c8723d9c31863be8de54df2668ef7c4b89,1,0x7933231775dec3f3c80039debd7e3afd8a81f674
0x8d835889c9a9226997ee5f3f1cf80ff4bce3fff5,0xfb52fa34d865c0398a123ff4cfa2d54c1a453ce3,0,0xfb52fa34d865c0398a123ff4cfa2d54c1a453ce3
0xec63652db3da874c982d7c0d9d61b9fa1e4991cc,0xb267bc3ed2a31cdf793fd85d0f5eb5baae6cd9a3,0,0xb267bc3ed2a31cdf793fd85d0f5eb5baae6cd9a3
0x22df66bc794ee05ea04f305b446f627362a95778,0x02a0c1d47714a9b273a3c96ffc2fa56579fa2fb3,0,0x02a0c1d47714a9b273a3c96ffc2fa56579fa2fb3
0xa5724eaa9442821d001a11c0f2a4c49891c0f52c,0x02058a414fa5d7b7423cbc26cd5f03b34adf7aed,0,0x02058a414fa5d7b7423cbc26cd5f03b34adf7aed
0x515ae5359e7e171269a7cf65de724df0061788c8,0xda5bfe0bd4443d63833c8f4e3284357299eae6bc,1,0x2e5bbe4d6679b1a64dc94ed9c03821f192bea16f
0xced6b796b07fcfbf6f158af0150d4c5dfef89e7f,0x4d9f33263b62170b39b31ec3303e390467103c22,0,0x4d9f33263b62170b39b31ec3303e390467103c22
0x85c7b95ecfd831c6b4926e67f6d60bf782e39861,0x0670437af1a487607b5279f2e979621dffe49031,0,0x0670437af1a487607b5279f2e979621dffe49031
0x9fd82ea971430fc3dbf0766554d3c6be56f6df13,0x53096a0e3eb9a65ad9b483756d5e331dc464b1cc,0,0x53096a0e3eb9a65ad9b483756d5e331dc464b1cc
0xe9a59a922d4da45c485b3634dbe9c96aa31f7ee1,0x612e2daddc89d91409e40f946f9f7cfe422e777e,1,0x2a9e00633cb57a567eb72ba09e9adb2334c97487
0x2010009c4842e6b6d2630a07dd6469172affb4dc,0x0000000000ffe8b47b3e2130213b802212439497,1,0xa85572cd96f1643458f17340b6f0d6549af482f5
0xf5e9ce0a94eb0e8eafc5072a0dc22463ac9af0c1,0x612e2daddc89d91409e40f946f9f7cfe422e777e,1,0x00c53415d90c0edc134e8845591d1a67d2f28934
0xef32757733462c6e1a6bef5cbf5277f4c9d71a17,0x34d99d781b84d6b9769d2728df17ec484e76e977,0,0x34d99d781b84d6b9769d2728df17ec484e76e977
0x113f1546d380cbb2f9a4757db9d4d2e83e5e4037,0xa5d5a111dbcf0889a7829902db6f8003c1322bdc,0,0xa5d5a111dbcf0889a7829902db6f8003c1322bdc
0xa519d1bd64dc78e927b0009de97ecf472a15856f,0xa222204acf1be4077d34102fab38a759060b77c2,0,0xa222204acf1be4077d34102fab38a759060b77c2
0x81d5521d0965d20f1aa64216a0a02b8432e6abd8,0x612e2daddc89d91409e40f946f9f7cfe422e777e,1,0xddf7103b5aba7c64f0fe22cf6c668eacaab39ea5
0x3da9902da9a2b07e9450aa992a4e14b188cd1aad,0xcf6410333a9219728125ce45f20cfd1e09c42aaa,0,0xcf6410333a9219728125ce45f20cfd1e09c42aaa
0xbcf57e0516f54e560b50adb91644575fa899b87e,0x612e2daddc89d91409e40f946f9f7cfe422e777e,1,0xf8ba356499af0802ff3400ccbb56424342a21325
0xbcb3c414a991a144aa8130a365d7c6575a17fc0e,0x612e2daddc89d91409e40f946f9f7cfe422e777e,1,0x43a9362a8a0c16956ab0cac6059fe021659d327b
0xab31a4de034d20889db0bedd59b78a921b3d2e88,0x61b98acbfc23326cfe296f380b5aa3e5adcc5238,1,0x6c270a8e67a42a12680ca4b17262353189e103b4
0x55d8c922236716407ec40e3849df77bf2ecd3bbe,0x000000f20032b9e171844b00ea507e11960bd94a,1,0xccfd6f11682a5aec6f853cb240ae077065a0729b
0xa6f8df5e5d24bddb2984c69c572b49915e358315,0x7354936bc7a72c8baf5a2f9262e70a52c427be4a,1,0x8b79fa779af9391a10c5010101c180534ee9af4f
0xca9db2a9d039ec608736b68a1e06ea13686a1783,0x612e2daddc89d91409e40f946f9f7cfe422e777e,1,0x839c458f35cd499399c94b6e9b9d112b9fc36cde
0xb8788b65fe514752944ef87a2a55d59b51f3a27b,0x080ae7bd16c7e8d77f2f6a6cc3eb5ab3cb6dfe22,0,0x080ae7bd16c7e8d77f2f6a6cc3eb5ab3cb6dfe22
0xa82247e3807f4a314a17a64b120b09d437e40533,0x612e2daddc89d91409e40f946f9f7cfe422e777e,1,0x155310471138a133e024e612e076c61efb625969
0x9fe82f0e219f6cad47cce64b092796cebf251bc6,0x000000f20032b9e171844b00ea507e11960bd94a,1,0x84c960cf39d039309ab46694e9dae9b3fd72f29e
0xc73e97ee71aeead65be154bca19a21d673d57405,0x7b60a8e5ee6f22e2f7ca97f4efd22de2a87c9338,1,0x0931c17d38859d070812d21071eae8ad0fd7e702
0x229cb0ce66942c4f440f4a6c85b688bbb1696b51,0x612e2daddc89d91409e40f946f9f7cfe422e777e,1,0x096ffb74f8ba4ddff39cd856e80f6726f85ea3ba
0x88c42d807aa6627874bfc633da5f2329f515b487,0xc6af75c62f6fba96409df836fe4c381b04d993ea,0,0xc6af75c62f6fba96409df836fe4c381b04d993ea
0x0fbd4b3b2f0a97343b1f3bfb2d79986e52b3115a,0x612e2daddc89d91409e40f946f9f7cfe422e777e,1,0x7a58fd2726974038115ed3f4f097bbe7b419374c
0x869d362a128ef8cfc6697f2279081da4e0fa5491,0x612e2daddc89d91409e40f946f9f7cfe422e777e,1,0x180484c982e64c0ece5aed772944bff14be4d06f
0x95439f64d339cbb68ef62c744a8db530bdcf0995,0x612e2daddc89d91409e40f946f9f7cfe422e777e,1,0x3016e09845e0abee9344079b9dc00056f4124eb7
0x2403232ac5cb7ec170c70d74224f0b603a0e92f8,0x000000f20032b9e171844b00ea507e11960bd94a,1,0x93cae41dac072f62e9a8e191f180f15f3afa44b6
0xdf1d852febf9d780343eb7d4ce732db678b78581,0x941c824bc80770251ee8529d7b0009943664027d,0,0x941c824bc80770251ee8529d7b0009943664027d
0xa5b0d2ae9df8b53853dc1f3c9660f8ca42b55a4b,0x612e2daddc89d91409e40f946f9f7cfe422e777e,1,0xe40a839488ad2904f5cc381f862ad2031c7448bc
0xd7761bb8477d958cba3e6d661e43b3ebc45da314,0x000000008924d42d98026c656545c3c1fb3ad31c,1,0x2cfdbaef37caa2b9ce8d7610fe0a6528d994b0af
0xe5df971abc248e31031a0711aa22da7a16bf3c3b,0x000000f20032b9e171844b00ea507e11960bd94a,1,0x57570e83d0a8c2d092d4034b61109827bb23e91d
0xc75bb99d6b9037ef5796ceba1b2e60b0d351656a,0xaaa62987fd40e8bf68f280f2085fce89b109ee30,0,0xaaa62987fd40e8bf68f280f2085fce89b109ee30
0x352f69ea36ab648bd454c4a0772b204eff8a279c,0xb2019531de3bfda451668acfe40fb3aee59975b5,1,0xedb5592b90820558b36761dd942a16075358dc5e
0xedbe5951eafcc1581f2b9db3afb8d91c209fa418,0x612e2daddc89d91409e40f946f9f7cfe422e777e,1,0x9f218c1380ad55e4a40b4da89795bd56e93e90ea
0x1320bb120d1ee46788374ecea0215fe1ccc8c7b1,0xde846a8ac1f534d79a78fa2143af8b2ddc061076,0,0xde846a8ac1f534d79a78fa2143af8b2ddc061076
0x6470f6236f959cefe96c3661e9e086101fd99371,0xeeb2d5a9af6ea0f52fbd30c35889b6a425b54599,0,0xeeb2d5a9af6ea0f52fbd30c35889b6a425b54599
0x34b6c32aacec4c3f137de7b9c074ce8644f09e7a,0x612e2daddc89d91409e40f946f9f7cfe422e777e,1,0x81e5ebb59724acbfb250ea8d071391267798c092
0x35a44b4b53b6dca88f0ec1a97efc52e642b535e3,0xcf7f4fc404f99ef97d82c30c671c94c8259a4af5,0,0xcf7f4fc404f99ef97d82c30c671c94c8259a4af5
0xa74ae2c6fca0cedbaef30a8ceef834b247186bcf,0x099a2da6bb4f40ecaea36ad0abe32d09f98c2a0a,0,0x099a2da6bb4f40ecaea36ad0abe32d09f98c2a0a
0x9d7977891e0d4d3bc84456dd2838bee6ad484d87,0x29ee65cb7eb6ab12288f07e0f21e4c50afbb54f3,0,0x29ee65cb7eb6ab12288f07e0f21e4c50afbb54f3
0x37fca1a5bf2954eef55afa36549da252cfd2f175,0x3b612a5b49e025a6e4ba4ee4fb1ef46d13588059,1,0x96d034ab4e5b8a5d4553b2a708f099da67ac151c
0x967f5e200f5118c57b4cba7b3f519da22baef05c,0xd5fdf3c2558de6e872bbbaa876c48bdd7e030304,0,0xd5fdf3c2558de6e872bbbaa876c48bdd7e030304
0x1e24b6aaf73ac8fc0ee021820e9286295f3a9d79,0x547322faf3b4d0e16c8dda880da2bbd40ebd6109,0,0x547322faf3b4d0e16c8dda880da2bbd40ebd6109
0xaa2b5b98da1c24ae53fab1496df203accd44183e,0x3b612a5b49e025a6e4ba4ee4fb1ef46d13588059,1,0xb2100dd42df0121ef3389161a108fc1c9213ef98
0x681cfa4a39204c7a6945c471945a45a4c64eb43a,0x21258c2a4cb7b679a3ca502d85cf6a44f2ba4949,0,0x21258c2a4cb7b679a3ca502d85cf6a44f2ba4949
0x331886f62b5c31a980fd83ee4c764f9692268509,0x7354936bc7a72c8baf5a2f9262e70a52c427be4a,1,0x1994d350fd94f80726b4b5d32559feb4da982fee
0xa3f650d7fef581fe2e77350bf42ef2cd65f34115,0x612e2daddc89d91409e40f946f9f7cfe422e777e,1,0x07b50a89d9cff96e161da9323f8e2202fd6d9fd7
0x7b819563d8dd4f601f6a97fb55f3bcd957dc3096,0x000000f20032b9e171844b00ea507e11960bd94a,1,0xc8a0014eb95e59f8a04db77744ffdee066f73ab3
0x1f357e9f62a426db24c76c985cf5bfa1b73c730a,0x612e2daddc89d91409e40f946f9f7cfe422e777e,1,0x5038100c83686a22bb78760d3793ea2cacc27254
0x741f3326d2c1cb53faa059e52536cd0eb232dcf3,0x612e2daddc89d91409e40f946f9f7cfe422e777e,1,0xa510e2f9c247e0a70daf35e7cdfd92c6981bb266
0xf6a6269ba1cac7c9487b174eb68c8175e54dab1b,0xb24588e8053ccaa62ab1cceb9cd5d2b1b4418870,0,0xb24588e8053ccaa62ab1cceb9cd5d2b1b4418870
0xf75cedec36e221295926a735dbfc66962ff7d5fb,0x000000f20032b9e171844b00ea507e11960bd94a,1,0x5d3f61e78d6f5356696a7d960da645e956d4466b
0xf1c6a11dfdc9a97d4450c5d09f42a28ddb4f89fc,0x612e2daddc89d91409e40f946f9f7cfe422e777e,1,0xb717955f17fa4226cc4b809ba675811d718f8933
0x52fb5b4a20b3ed0ed6e28aabc020cf32a822d344,0x612e2daddc89d91409e40f946f9f7cfe422e777e,1,0xe0222213bab0b49ad45765f032e415ad0d553ebf
0xbb47f0ed4a7e3bffca75660dfa3b053fb7fce78e,0x442295de8a31d65026dbc09c29d469f6854f188a,1,0x19cb46112f4f360b721a99504d8b07440500a701
0x3de1e7312bc701b4b5bd4c4c0854d690fe0e7516,0x61b98acbfc23326cfe296f380b5aa3e5adcc5238,1,0xd2839e6d35efae479bcc932fe2779f97a24177af
0x7b201475da8b783e2d8367a147e087b6db6c132e,0x612e2daddc89d91409e40f946f9f7cfe422e777e,1,0x3d5eda3ca2ec553dc45512ded10cbd6cad81006b
0x07dda913cb39e96c79a354bde09ec1f8f580f0c9,0x99581599e8823ee9130380281478e729e926353f,0,0x99581599e8823ee9130380281478e729e926353f
0x1ef4b99be3f3787e215c6dfa8b96c87e8b421a00,0x442295de8a31d65026dbc09c29d469f6854f188a,1,0x269d89631ba588a6994bf5a0dccb2a86573781fc
0x807645ffd474ef25cbeed349259317bdb3ed96e4,0x000000f20032b9e171844b00ea507e11960bd94a,1,0xcd7c568484aeab4574e2e6c34f02a79bb01cd737
0x0ddfadcc55ef9b3ad38ce90c8ec164f118ae971c,0xcf0cf708a6ae5beea92383b0e1a98ab11b67308e,0,0xcf0cf708a6ae5beea92383b0e1a98ab11b67308e
0xe57bd94a2a6794330f62a804cb5aa2e3efa342a7,0x7094e62aa632e5a84fe38b8eab7d2b25ff2597fb,0,0x7094e62aa632e5a84fe38b8eab7d2b25ff2597fb
0xd7821804c2e6376796ff85da171886f586198e5b,0x4d87771e666760712bc0bf49b6e504928fddb210,0,0x4d87771e666760712bc0bf49b6e504928fddb210
0x80ea5c5c6c7a7a19028bfb41f4992ce7d43404aa,0x000000f20032b9e171844b00ea507e11960bd94a,1,0x1260e99ea6a9ed41348b55943a14e39b6dc26d15
0x06b3b031ad7824e8a468b02981e07a3b51f5f73b,0x049de5b361360ced1e9c15a8b1e791795d8d4057,0,0x049de5b361360ced1e9c15a8b1e791795d8d4057
0x434453a949160d4d1f50f65c4132a4c2654bfba6,0x000000f20032b9e171844b00ea507e11960bd94a,1,0x258775a54978d7c7fbc70155a357b02e5d6f10e1
0xb74c2179e4a79aa5e845db328b7403544fe2466a,0x645376d9303c9caaabb2db9d716921c9e959dc6c,0,0x645376d9303c9caaabb2db9d716921c9e959dc6c
0xba2bc404f9ba2c42a36f1fec5103d8eb9abb11b3,0x46b651d98034b1915dc2350d108fb3eee6e6329d,0,0x46b651d98034b1915dc2350d108fb3eee6e6329d
0xcdbb7344580d63c2ad57d32229f7e2148741bc3b,0x612e2daddc89d91409e40f946f9f7cfe422e777e,1,0x1da3e5c3b066871eb82dedcb9bfa4d3f36614c3f
0x9b6a26720b5ce10fa294a07c0e11aedec015e786,0x612e2daddc89d91409e40f946f9f7cfe422e777e,1,0xfe1de65235e182c66d944aa253ce5df87f2425d4
0x35d914626739c31f654711bde66942f6016b5a99,0x000000f20032b9e171844b00ea507e11960bd94a,1,0xefe2941dc33e8a114d009d932effe380dcf15e8c
0xcbac79706fe1db5228be948e03e59372ed3c5ddf,0x000000f20032b9e171844b00ea507e11960bd94a,1,0x25a9e58788f932227a07c6fbab58fe79cb4c52c4
0x5cf17910920533039c2ed90a59bb5f1565f498aa,0x612e2daddc89d91409e40f946f9f7cfe422e777e,1,0x26dde5e5ba900e31600f7eaebd8544ffaec9bbb2
0x3a99ded9bfa709e0b1bc8f9fc5a4fe3d0f92d0d9,0xef16d178f36f6cd0c83d3a7dc3719c41c409150a,0,0xef16d178f36f6cd0c83d3a7dc3719c41c409150a
0x98210d6624d1b6f808d566ba90af0eeca53cdf40,0xb2019531de3bfda451668acfe40fb3aee59975b5,1,0x8807c30b5734a547e8539437bcf492923b169cc0
0x8f2138458d440e5b223a555fb878ab9818ad2242,0x1ed826b8d24570db1a991c3e170177dcd1459a2d,1,0x98b11290ac57bfd5b548b2f536cd5811154d01e8
0x8d82d8e92ae77372f686060c1eeb6523b4bbb4a7,0x000000f20032b9e171844b00ea507e11960bd94a,1,0xc7178391cef5086ec5dc7d3cf8b05cd0c90d5701
0x3771ca36b5d333b1db3b010a9fcabe3af2b37425,0x000000f20032b9e171844b00ea507e11960bd94a,1,0x92aa548e9f6d48082963fa94ecdf7d30db25867b
0xfe973dd16616c997d0e4e3b46dc52aa1baa94f88,0x000000f20032b9e171844b00ea507e11960bd94a,1,0x4a004c476ba6758c8458cb631d4fbc799bd18425
0x9abb9a3ab52676c715e7edf758d2c264bc76c5f0,0x000000f20032b9e171844b00ea507e11960bd94a,1,0x77b2285e30cc1a6d459df89297b751cb3effd16d
0x228292988d268f304d3bf12653cb4770070c1cf4,0x612e2daddc89d91409e40f946f9f7cfe422e777e,1,0x73deb2cf82f241922294e50944d2d3830c5ca650
0xcee864b8633b96f5542f25e0b9942bf7557cc5c3,0x2843bc54f97771842c69e70057e50a2e9c29fc07,0,0x2843bc54f97771842c69e70057e50a2e9c29fc07
0x9d3031d181ec6a2a784ba152f993332442fe8bfc,0xc6d568bcf2df54b71f01fc4948a80d741d0f8db2,0,0xc6d568bcf2df54b71f01fc4948a80d741d0f8db2
0xe3bf8660426becbcbc66bf3b6d255aae6203d5be,0x76bf7b1e22c773754ebc608d92f71cc0b5d99d4b,0,0x76bf7b1e22c773754ebc608d92f71cc0b5d99d4b
0xee09855295e7ac4610a48cf0fd8001bcc324b30e,0x3ed263089e681b69eec07a32a4a518ce6fb2b6c1,0,0x3ed263089e681b69eec07a32a4a518ce6fb2b6c1
0xe51999d8b585de0e7c6f1b287b696cf819384afb,0x3b612a5b49e025a6e4ba4ee4fb1ef46d13588059,1,0x979aadd113414f2a497bfb34b59a1d76f1484f95
0x32c5b0fae8c518b401730a93e800376877a03f0b,0x3b612a5b49e025a6e4ba4ee4fb1ef46d13588059,1,0x0a81fba0f86c856278857d2e5d80bc5245cc95ff
0x49af7f628d9d577d31896eea693a5d9d6cd124d3,0xf4617b57ad853f4bc2ce3f06c0d74958c240633c,0,0xf4617b57ad853f4bc2ce3f06c0d74958c240633c
0x5acdbb6353ea69cf347b7f1e902ad68ab1d2521b,0xcd7e89f8adc80aaada5899312a1132209650ed0e,0,0xcd7e89f8adc80aaada5899312a1132209650ed0e
0xf0031782d37819f8e209c4421c774ed1f6163052,0x9109c5b9a5030532b4f116e055d3b1f1e74654cd,0,0x9109c5b9a5030532b4f116e055d3b1f1e74654cd
0x1e09dfb5131b67c6cded92f9d2476389b3bba59d,0x2c325156416cc7b701151dafb6d4c0bdf0d398f0,1,0xa66bf5d22d48b69a08746d28c711f6d56d44480e
0x592b96241367bab3b2bf930c9d41bdf801749878,0x1d5cb5d42217dd984361696f9d0d5c4183a44821,1,0xf50fbf46fd6ec8609c1219bbabf00539836f1a34
0x976698ac6dc75fed020c1bcb4fc53fdd2f66044e,0x0b69088d5827c489ebc58a7dc31937880d7af630,0,0x0b69088d5827c489ebc58a7dc31937880d7af630
0x95b4b6d8a6e1bd9271729459644850c596db6a0d,0x612e2daddc89d91409e40f946f9f7cfe422e777e,1,0x86901878b47f2347a6f30caf87ab4658c2cc5e2e
0x62fbcf8884152dcb9868f74bddf4225621c0f4fe,0x9eec0b5bd8a48047f0dcc61e98b4b92951480f98,0,0x9eec0b5bd8a48047f0dcc61e98b4b92951480f98
0x0e31fe807eff9b2ef07cdde1bf86ac4a7ca2da89,0x2e215dcf8b4ea801de619bbbc828a3142b170f20,0,0x2e215dcf8b4ea801de619bbbc828a3142b170f20
0x3eedbb158c9b66fe3aed161c8a814a085d0c3af3,0x9b2cdedc2c9ebc2cf6a7ce809e1445193ae9c940,0,0x9b2cdedc2c9ebc2cf6a7ce809e1445193ae9c940
0x5c7804aad275cc2d2a32c20dd22bfb10d6b917eb,0x62b08bd6ff6b0028101d547ce40e8d9019e0c0fe,0,0x62b08bd6ff6b0028101d547ce40e8d9019e0c0fe
0xb26383fe593eccdc00c9278db88e37ecb1478884,0xa1f785c4ad3969c0ac40a408c17ca3b171397caa,0,0xa1f785c4ad3969c0ac40a408c17ca3b171397caa
0xf81f3ca28da7440cdb039d05d5ec4470db72159b,0x3af840cd5d04f29c7ba476a5067049a1eb5c2662,0,0x3af840cd5d04f29c7ba476a5067049a1eb5c2662
0x499490655661f0a03e946ffcf6c5f8b581ab57bf,0x9d99b3e1dbabfd9e2de0a54554054a0b8aa7f670,0,0x9d99b3e1dbabfd9e2de0a54554054a0b8aa7f670
0x2bd83ddfd50e0dc54361f092b0e9c9c7ccb19d08,0x6de4d35786c9bf77d48d8bcb2e8df2f93bd83aed,0,0x6de4d35786c9bf77d48d8bcb2e8df2f93bd83aed
0xe13499f211616672e8f1ecd5e967e34e51eb8aff,0xe41965229d53c45ecd8bcf45abdff1e9d70c8347,0,0xe41965229d53c45ecd8bcf45abdff1e9d70c8347
0xaaace5c179f66db7dbd4a3c9523cdbf704670ec7,0xc458f3944c98d19120ab2f7afe8f8e1568628d3c,0,0xc458f3944c98d19120ab2f7afe8f8e1568628d3c
0x697fc3e3500a3840a3d4b3174a9559f931974489,0x26a186f21b291421aa8bbb42068062f04231a763,0,0x26a186f21b291421aa8bbb42068062f04231a763
0x0e4e590daf1665665993480341a86bd578b771fb,0x2ae835333b6525d90d44a57e606506eee764f47f,0,0x2ae835333b6525d90d44a57e606506eee764f47f
0x1783b7a8278d0c3355258c48329f883d258888e1,0x5ef53b4d8fd820f088565c79a93251c05d360325,0,0x5ef53b4d8fd820f088565c79a93251c05d360325
0xd2a713c0f0953ccbffd93c86534624de5940e62e,0xcdb8446b0346ef1245d5f5224b334d2959d53ed9,0,0xcdb8446b0346ef1245d5f5224b334d2959d53ed9
0x7b7ce775f78181b54715248ad0e40d03c841d19d,0x0751efcb1bc8b65f6a35cf2fa2318b69e21e3842,0,0x0751efcb1bc8b65f6a35cf2fa2318b69e21e3842
0xa49f0000f32628426867453609f1463fa3aaab95,0x4b7a8ce7d004c5c68207f355f6a838c941ff6b96,1,0xd1ffbf3b0738900cbd303b2ca2b8a1140554a423
0xfacc0dc09aceba7a282750179f7fbfc9940f1a60,0x6eae2bcc1301ac48bbcd57a38e1201f6d264ce45,0,0x6eae2bcc1301ac48bbcd57a38e1201f6d264ce45
0xb0640e8b5f24bedc63c33d371923d68fde020303,0x7f2d4062d7d4b106dfde98343bd50d179b406df5,0,0x7f2d4062d7d4b106dfde98343bd50d179b406df5
0x4040e2de723dacc6d3acfc8397697bb4b5b68074,0xcc4b920bb70f59130c1dc6078c1ee594e3e66178,0,0xcc4b920bb70f59130c1dc6078c1ee594e3e66178
0x196740556a153faf8f1e83ec18630e52373bf0c0,0x10a69bf0300fd11f0b3239c537976fdcc42f817f,0,0x10a69bf0300fd11f0b3239c537976fdcc42f817f
0xa90ef2e0e474f1ab43a9264a72a8c49a6f144e02,0x4feac669f601b550d796c92c0e6e4819024f621a,0,0x4feac669f601b550d796c92c0e6e4819024f621a
0x81521a9cea2aeea9cdde68a3ff02d1943ab59ebd,0x87edf5217c85d9a86480f3380309b2f52b4a6194,0,0x87edf5217c85d9a86480f3380309b2f52b4a6194
0xd812dda5fb6b844ae2c50b47933744effa0a5b65,0xc5a05570da594f8edcc9beaa2385c69411c28cbe,0,0xc5a05570da594f8edcc9beaa2385c69411c28cbe
0x046feaa434d35634be6faa1b4f69099f97a4468d,0xc5a05570da594f8edcc9beaa2385c69411c28cbe,0,0xc5a05570da594f8edcc9beaa2385c69411c28cbe
0x11376b018c990a1066879275f8be50acef498dad,0x98f1bda2d45ffaca73fcf2154e9e007871e14934,0,0x98f1bda2d45ffaca73fcf2154e9e007871e14934
0x2e1c3a16fcd3f087c6e690589454efd77ccb6f9b,0xa0e34326759a7002cf77620778d62f36a01ceffc,0,0xa0e34326759a7002cf77620778d62f36a01ceffc
0xa3da2d2af286311bd5746d3bf4acb095c16b1439,0xa093ba7da11f4cace5fbdc8fcc60fcc11f2a3771,0,0xa093ba7da11f4cace5fbdc8fcc60fcc11f2a3771
0xb9574a5e49e285c77f75961a02bcc8025c6e7f15,0x6f20516b08c371aa4e48396e21d705d40e191c95,0,0x6f20516b08c371aa4e48396e21d705d40e191c95
0xe8821825c168ca689b47a5c06cae242faecea62c,0x4d9703851013685df7728c0357784d3ce59a272b,0,0x4d9703851013685df7728c0357784d3ce59a272b
0xd7d272028a408ecebbe8339d967c10e27e86bb82,0x220639868d2947e8e336a109b7531ed87662b276,0,0x220639868d2947e8e336a109b7531ed87662b276
0x924d7c158cfe1bb146af7a5c53c7f774ae8fad9e,0x612e2daddc89d91409e40f946f9f7cfe422e777e,1,0xaf3605a7b5fbc1047f66543fdecc25bd3641c4b9
0x08049742079ccde9c301c5c0d27980c8c75594b0,0x612e2daddc89d91409e40f946f9f7cfe422e777e,1,0x832d0917b83cc41d5c049493ab6fc34ff6074af0
0x851affad3355a5183e0effd457eeb7ab59a2fe64,0x612e2daddc89d91409e40f946f9f7cfe422e777e,1,0x0635df58f27c724fe211e4c13378139717232816
0x895847a15cfce87c2cc0b970a2be8fd6c21a6b98,0x612e2daddc89d91409e40f946f9f7cfe422e777e,1,0x758ce9505c827824e65d65128c29387256c6e670
0x3eafbf5d97a329a73e1afff2e2562c6c354c259b,0x612e2daddc89d91409e40f946f9f7cfe422e777e,1,0x832d0917b83cc41d5c049493ab6fc34ff6074af0
0xf783f110911e3cd8567bc397e15fb09173ef9e26,0x2c325156416cc7b701151dafb6d4c0bdf0d398f0,1,0x0007b9c4d506c6be7b4a3d454d078db5899172da
0x42a755af2c34ce2f5da33db916ef974d8a656e6a,0x612e2daddc89d91409e40f946f9f7cfe422e777e,1,0x5e86ea097b17dda5ef427300b486c3e664bf352b
0xd6abc1d1a86fb1c24af4e170d5862b57f98a0704,0x612e2daddc89d91409e40f946f9f7cfe422e777e,1,0x2e5c7455436e0d8ddd023ec4ad284175418612e0
0xd41f4397c84f4559c69769125ff0b32c15c8a737,0x832c5d77b616d7937f3aac3c1c9a6b5ed07fd22d,0,0x832c5d77b616d7937f3aac3c1c9a6b5ed07fd22d
0xb7a839cd812c95e1311c16593b8bb676f95c4122,0x381a5a8fc76809462dde80c372bdea454840a22b,0,0x381a5a8fc76809462dde80c372bdea454840a22b
0xe8be7e93ecfae6f7a39cea2661cece449e24e699,0x7354936bc7a72c8baf5a2f9262e70a52c427be4a,1,0x75ce2fee5ac6c44aa1f0740f7407f547dfd21e7d
0xbc09acf144c1b3795172c912d2b4656496178fc0,0x5cc4fc1c19cbf3447b8c30e178898b7a2c4b00dc,0,0x5cc4fc1c19cbf3447b8c30e178898b7a2c4b00dc
0xecf78808827ce53fba49055a497ffba3da18b5cb,0x612e2daddc89d91409e40f946f9f7cfe422e777e,1,0x66cc485492c73e3e52407ec553eca6a01d733dd8
0x5bc451bf4c362cfb8863859eaf37f6ef2bf3611a,0xa5e32144effdc76c1435aee01f499b7a6d0c018b,0,0xa5e32144effdc76c1435aee01f499b7a6d0c018b
0x0055b3a718ca5722f38771d7146b3f190f4d6452,0x1ca2007d4f2bc0ec2a56ecb890e56e05f36182df,1,0x23631b12402fe1b2404fccfab01557269b0df108
0xd26650a29626ed4d240f379a2abc7373d8071457,0xf155d4d91fcf2ea39048048dd0cc0f04d5191910,1,0x63e144938f1d472f3e3d13bab15b1bea91a21b61
0x6f590af09c72447f29d73a311d87969db70d79d2,0x612e2daddc89d91409e40f946f9f7cfe422e777e,1,0xe9f595099f1260eb723a5447bbc53ac9fd11cf4f
0xb5cc57cd1f9a9be85a50604b0591a53d89bd4884,0xef0133437ab8da5c5e8873b61189610e2d8cb4f5,0,0xef0133437ab8da5c5e8873b61189610e2d8cb4f5
0x161f0298715d22974c533e090ec4b3489091e97f,0x000000008924d42d98026c656545c3c1fb3ad31c,1,0xc3c9fdee83ad8c7b29b5ce2c6b8d19fa116c0e74
0x264594b40c7079ee14b8d360c08cdecadd258975,0x698438392ce27b5fc3da5044768ece5c4551b161,0,0x698438392ce27b5fc3da5044768ece5c4551b161
0x2c64a8d8462960a687e586f2b3303774390948cb,0xece6808acae83b24d8fca634686013bda96831ce,0,0xece6808acae83b24d8fca634686013bda96831ce
0x045c7219e29106617319a1fe07cbd41a550247ff,0x7354936bc7a72c8baf5a2f9262e70a52c427be4a,1,0x47f2a789ff869736efe7423429ad2b5f50f35b57
0xb458429008db4765e37f2377192225473dc4a17f,0x88935e6394c62aaca273b6950b5ee4fbfe82d0f6,0,0x88935e6394c62aaca273b6950b5ee4fbfe82d0f6
0x023416a7d2b116ef387a0de1912959d2f1a318d0,0x88935e6394c62aaca273b6950b5ee4fbfe82d0f6,0,0x88935e6394c62aaca273b6950b5ee4fbfe82d0f6
0xe9105b35254430db1d96fe0993e0096daf467836,0x7b7b96b27a251c0879a4d9f858408ab47e983ae6,0,0x7b7b96b27a251c0879a4d9f858408ab47e983ae6
0x3b3c3afb43dce83ed8998badf138f39d02f7ad71,0x6abb96ff62603b0646624f2cb517476194263fc8,0,0x6abb96ff62603b0646624f2cb517476194263fc8
0xec0cb3e03e8976e39119ae641cf5fc3bec6891d5,0x000000f20032b9e171844b00ea507e11960bd94a,1,0xf92dcbdf576973c02c8c0543f253657877ee1ba1
0x0cbe7cda5a256fd5f5c6d8f1aa36afcf32dcd711,0x45faddea1c17a97cf61dd605226d511fd09dff7f,0,0x45faddea1c17a97cf61dd605226d511fd09dff7f
0x65dbaa1b866651b4203f3d27b686f5d408753b79,0x000000f20032b9e171844b00ea507e11960bd94a,1,0x2a5cfff43fc36154499978bd9e830596a1d42647
0x690081d1c878321f62c84526ff7ed9b15a838b61,0x000000f20032b9e171844b00ea507e11960bd94a,1,0xe080615ed44b3c0ede84c0854649bedb12a285a8
0x22c3f74d4aa7c7e11a7637d589026aa85c7af88a,0xa06735da049041eb523ccf0b8c3fb9d36216c646,1,0x5a5d0ad85762979caae341274f0eba22df8ecedd
0x939ebc2d1c6ff3aba58b5f0f0037d3be3c916ad1,0x345c9ae61ff6e68b319d61082a017ba854892488,0,0x345c9ae61ff6e68b319d61082a017ba854892488
0x9632a810edc2e7c63bd4ac9e28a0ba9d7942e97e,0x4ab28db29bd52aa341468034353f87cc1d19bf22,0,0x4ab28db29bd52aa341468034353f87cc1d19bf22
0x66060feb2948a6f57d185f7d577b38d84bd419d3,0xca5a0d3095fab0ac65c5f8bce7e40350d1e481fa,0,0xca5a0d3095fab0ac65c5f8bce7e40350d1e481fa
0x1634e402f7b41826a91277a66cad94335fa56ea3,0x612e2daddc89d91409e40f946f9f7cfe422e777e,1,0x8d82959c21d95d5e47fd179c19102ac91e554833
0xed1b8545c504b2d566e72704803f361541e12067,0x612e2daddc89d91409e40f946f9f7cfe422e777e,1,0xd1b5c77140274b8276af7c9d2de56286b76ac5a7
0xfde7e16958378e7721b690a7e088cf8bcc5ce546,0xbb7a17b6ccfb6dcd152e098d7c8519f0b334cd13,1,0xfbf6391c914f88284bb92725f1d1334290044201
0xf5d40fe71663362c5923887c85c5e30806ea8a7e,0x5171bcd14ecbd76c4b76da14e4fac8ebef8d7bc4,0,0x5171bcd14ecbd76c4b76da14e4fac8ebef8d7bc4
0x07db0cfec887843c87bfac3e8674b1b1e37fb9b5,0x000000f20032b9e171844b00ea507e11960bd94a,1,0xf68d68de643e904fdf002243623fb0edbee32268
0xebf1ae463c830f6a85b30f29831e1fe5b33f6eb6,0xb5e23b77c9e933a932b8d52a59026c82715705e8,0,0xb5e23b77c9e933a932b8d52a59026c82715705e8
0xd6301dd7c36444c94fbe70f20c3982bb0c210b28,0x833c3c200def9917ec8a4b4c221d59b13b790078,0,0x833c3c200def9917ec8a4b4c221d59b13b790078
0x82ba8da44cd5261762e629dd5c605b17715727bd,0x884de35810b085e0f15a1ac7efb86040cdb10bb7,0,0x884de35810b085e0f15a1ac7efb86040cdb10bb7
0x6d2ebcc29e1e3d989d49e116a049da0b484fa81c,0x612e2daddc89d91409e40f946f9f7cfe422e777e,1,0x18e4c2453d8a0f77981aa0e0b831c6f00c45d50d
0x40e53549529bbb37e95cf3174b72050c7364c01b,0x612e2daddc89d91409e40f946f9f7cfe422e777e,1,0x2df727da5b2071d16b94abc56666591c65bc73fb
0xe40c65a75f7d2bb9ace9d8904df9163029b8d8c6,0xf8ed18a91cdf4242d80c756728dbf307b98e404e,0,0xf8ed18a91cdf4242d80c756728dbf307b98e404e
0xdfc9c1c9d9a4acdb6a300d905ce1eebe2f190a88,0x612e2daddc89d91409e40f946f9f7cfe422e777e,1,0xccb26655b3a34992ffa8f0fb83e1c9b273d6d89d
0x2760a8ce4612985285230af3157d89d7ca1ccd3a,0x3acf4eb191960c49860503f628a6f7c300b0e7b4,1,0x444367bd0662f55be64fe7c5fcaa2f184f42f118
0x24434acbb4b1e08ed3eda42d2797c667f87911a0,0x76f948e5f13b9a84a81e5681df8682bbf524805e,1,0xfb8fb55d4d7100244d6fee571a56821cb813bb63
0x85b8eb76806ba8f8d14e5c93cd62821373cf66c8,0x8a265010543754486430fd74ac1301d3f770ff0f,0,0x8a265010543754486430fd74ac1301d3f770ff0f
0x7dcd714fa3c2e03b447361ea6a9ec1c5f04eb0fa,0xfdbee3fba2f14d72bd1a6b2ccc860dc024f7bf14,0,0xfdbee3fba2f14d72bd1a6b2ccc860dc024f7bf14
0xd77bee357e3f1e2ae0828e6036fd9033e1bf6b24,0x612e2daddc89d91409e40f946f9f7cfe422e777e,1,0x10196ef667e91ac10c6f4c2a38feefc4e00f47af
0xdbe5b9bc78c25b1d620f6dcc88afefd719be959e,0x612e2daddc89d91409e40f946f9f7cfe422e777e,1,0x9f218c1380ad55e4a40b4da89795bd56e93e90ea
0xf7935d5ad219ab92195e7c0f90778f4619007577,0x000000f20032b9e171844b00ea507e11960bd94a,1,0xb4a0987eba869c96c1001326a004a27b6b92becb
0x9f39498cc01f2737c1f8b223a412d159a1c942a6,0x6c9005b3bf252e2656e8607a4a8a0728e2fb2ca9,0,0x6c9005b3bf252e2656e8607a4a8a0728e2fb2ca9
0x826aec55f81f49f87cda4b86f23095df2d5788ff,0x612e2daddc89d91409e40f946f9f7cfe422e777e,1,0x8ae9f413f042a31c8443fd683e6462951391dbc6
0x6116d0f9b208dcf83f59e0ce52fefab48802e4c4,0x7354936bc7a72c8baf5a2f9262e70a52c427be4a,1,0x378084c9dfe7968cace310baf8b26602c684c5a1
0x8f426f2e13f311852340153807fdc20a948f65b7,0x612e2daddc89d91409e40f946f9f7cfe422e777e,1,0xe2b646a086efb76043f99782f377a80c8e135538
0xa4e9fdb8be41b6e59bdfcdc4ad918aa3943c3dd0,0x2107ec385fbd4fe3ab45dd4169e3c0745e991bb6,0,0x2107ec385fbd4fe3ab45dd4169e3c0745e991bb6
0xf2d924932efde7ffa650806dcbb2057f4945d37f,0x612e2daddc89d91409e40f946f9f7cfe422e777e,1,0x6602f7b883eccf85a4aa3e34d466ee7986af9cc9
0x36e5913bf48ccbd361875d09c0a20a4c144da896,0x19d38600e9912ffbbdc0007c7ed827b37bfef3ff,0,0x19d38600e9912ffbbdc0007c7ed827b37bfef3ff
0x9336e3001a532d987ea22ea63f619356ce309dcf,0x3b612a5b49e025a6e4ba4ee4fb1ef46d13588059,1,0xc83e83677dd95618686ac9af2cd48972f1b72c22
0x3e2bd35ea61450f54ccab0c1239f7b66e3d57b69,0x3b612a5b49e025a6e4ba4ee4fb1ef46d13588059,1,0x81793f28447e71b96423dce2b2f7d0b4d3e87a8b
0x04d4dc290514d0af4ff1ef3034f2183c339a9970,0x223a351b8b180768724bbe759bb3c81fba56174d,0,0x223a351b8b180768724bbe759bb3c81fba56174d
0xa4be9cd0db8d401decfcf21084708b7b576e7368,0xa4aa140d88bc03d585ab35129482ecb22335c46a,0,0xa4aa140d88bc03d585ab35129482ecb22335c46a
0x394e3d3044fc89fcdd966d3cb35ac0b32b0cda91,0x1ccbc06cf780e9ab8fb51113fed727c9f240de40,0,0x1ccbc06cf780e9ab8fb51113fed727c9f240de40
0xc8f4c3db5acaf02ad430a71d941535afafb3da37,0xe40a2a4c6dfc11f40f2bee39a3785f2c33c1d33b,0,0xe40a2a4c6dfc11f40f2bee39a3785f2c33c1d33b
0x88205a9f896b09f051983aa2d3ea49a94996812e,0x3b612a5b49e025a6e4ba4ee4fb1ef46d13588059,1,0xa286e0c0fd25bbeadc028f1c073769bdd665a08a
0xec42d7ca35dae8eab130f542e71806d21db268b4,0x1306f7a65343b8670f9075a67a4b323451408051,0,0x1306f7a65343b8670f9075a67a4b323451408051
0x0fc3d5c535082330890709c927497d08670ee0b0,0x632cca70fa497b97bfb680e2e9ee71bbc399b229,0,0x632cca70fa497b97bfb680e2e9ee71bbc399b229
0x789174930c0a3244a4761f3bb63d96cb4baf3f74,0x3b612a5b49e025a6e4ba4ee4fb1ef46d13588059,1,0x42450b96650136d37db6d2be68cec9494354f5dd
0xd2d45eee9893b9bf2692491da6e7f3ab48d947fa,0xe830c0d6b74e1dc2767ea3b36f8eb359188b3d90,0,0xe830c0d6b74e1dc2767ea3b36f8eb359188b3d90
0x85f0e02cb992aa1f9f47112f815f519ef1a59e2d,0x74deaed9ae13343ea84ced59b977bbc0b0c81812,0,0x74deaed9ae13343ea84ced59b977bbc0b0c81812
0x0e043e39e1f9382e4b3cb9b859a1452a93993be7,0x3a0bef9700474a00b10a1063b59685de6e690c08,0,0x3a0bef9700474a00b10a1063b59685de6e690c08
0x57f1887a8bf19b14fc0df6fd9b2acc9af147ea85,0x4fe4e666be5752f1fdd210f4ab5de2cc26e3e0e8,0,0x4fe4e666be5752f1fdd210f4ab5de2cc26e3e0e8
0x47c4d346fba5ca14dd31507e346458160630f45a,0x8cd4c0c860e432f5f8ce88ed96f7db1c7c94eed6,0,0x8cd4c0c860e432f5f8ce88ed96f7db1c7c94eed6
0x5e659cbf093112c8104d992aa85c08c8e7c270fd,0x227483a4ee6f178dc7acf8998bdb7d2548416f4f,0,0x227483a4ee6f178dc7acf8998bdb7d2548416f4f
0xd6d880f83eb9ea47ec9cf362114c57d351a8fe31,0x3b612a5b49e025a6e4ba4ee4fb1ef46d13588059,1,0x2fb55f58dd40af75dc019c2a3d09eb6878d376ea
0x24e36639b3a3aaa9c928a8a6f12d34f942f1ab67,0xe04fce05e9b8d21521bd1b0f069982c03bd31f76,0,0xe04fce05e9b8d21521bd1b0f069982c03bd31f76
0x1d30f2c87398557f0de37c18f9b2ecbd70370069,0x3b612a5b49e025a6e4ba4ee4fb1ef46d13588059,1,0x308613d045d1f24583158d743ea0ab4d1766e8f2
0x38bf382e28dce79be62bd39caec8790a2f21c4fc,0x4bc7dcc4badb5b7551e148e4c1f24f41676a194b,0,0x4bc7dcc4badb5b7551e148e4c1f24f41676a194b
0x0c589fcd20f99a4a1fe031f50079cfc630015184,0xc852ac7aae4b0f0a0deb9e8a391eba2047d80026,1,0x3243ed9fdcde2345890ddeaf6b083ca4cf0f68f2
0x5f1ab2b10e1d856306d7f28f608d4c8ebca720f0,0xa6b880ad5e007ce8bc681ca974d79ce58fa0424a,0,0xa6b880ad5e007ce8bc681ca974d79ce58fa0424a
0x8170e20b2ca6c98b762b00ff64b6155d9ce68d1f,0xb0ad78807d81315cf9d881c2aa47c4032b01c75d,0,0xb0ad78807d81315cf9d881c2aa47c4032b01c75d
0x60cee1f2943776e58e1f86022bd85e3eee7541b9,0x97f5dd579ea2867ee7ede41f6423f5054c5501cc,0,0x97f5dd579ea2867ee7ede41f6423f5054c5501cc
0xf24cc30a5f8a98566d9109561dc90fd3d64d74c6,0x8e4b068fb9a0664617753e697f7d15bee25a5daa,0,0x8e4b068fb9a0664617753e697f7d15bee25a5daa
0x477a4a870c830ec10972b7b4fe1e859d0887294b,0x97f5dd579ea2867ee7ede41f6423f5054c5501cc,0,0x97f5dd579ea2867ee7ede41f6423f5054c5501cc
0x22fad4ca1664320e409efa4f4fc2bc9c554f7be5,0x4f22ece70a13f472c80345ca4ec3d1b280efbc09,0,0x4f22ece70a13f472c80345ca4ec3d1b280efbc09
0x8103cca15f64ac30f6468df288163e9c459f37c6,0x474b6c2366128eacaea1b6e411171c06b49bdc97,0,0x474b6c2366128eacaea1b6e411171c06b49bdc97
0x006edd93482512a8b5b961954cbdd54042f565d4,0x97cfe517d481ebdc6f1d321b690aa4cc1005dec3,0,0x97cfe517d481ebdc6f1d321b690aa4cc1005dec3
0x86aacf89db5739cf1a25f6b794a7049ba870004d,0x612e2daddc89d91409e40f946f9f7cfe422e777e,1,0xe7014919c80cf68b64050290ca6d4c685648d14b
0x61797197dc271403393aab001e2e513a0936b652,0x0d71ec30c323037bdac7bd174d4a95cec5a4ee0d,0,0x0d71ec30c323037bdac7bd174d4a95cec5a4ee0d
0xb7532cf6b31e89a21e94a6d0e294d460aea4bc28,0x1b3324b415464b861c004d51872869a4483474e6,0,0x1b3324b415464b861c004d51872869a4483474e6
0xc5662defe31acfa9a0f2657607571e56c86df4b0,0xe19f5f6f3019ca6cdcf56d439221ce05447016de,0,0xe19f5f6f3019ca6cdcf56d439221ce05447016de
0x1f06e2bb54d4d08b0ebd01be66db2f7ccb9c814b,0x4cd6c9069cd0e8d23e6560a9b9ea10e296dca86e,0,0x4cd6c9069cd0e8d23e6560a9b9ea10e296dca86e
0x891aee31551af994fd215c0c9118d19940a65adc,0x533b5959149dbedee8a06aaef95a6a8b2b7bfd62,0,0x533b5959149dbedee8a06aaef95a6a8b2b7bfd62
0xa4438600650239d2397fe7a14931e6454ea8131c,0x612e2daddc89d91409e40f946f9f7cfe422e777e,1,0x732bb12525961f5853154deb9d0a4aacd2eb240f
0x28d50b4700e6c2aa79e6cf8c1d0883ef762f9d30,0x5dbc7b840baa9dabcbe9d2492e45d7244b54a2a0,1,0xa0186a4da39fdef9ed734bb7e425f1630dd8c5ae
0xc796a8fc4c2027532e925ebe8dcb3cdd8fd2719d,0x09774d02e1ba9905ce019ab87357849ce6a490d5,0,0x09774d02e1ba9905ce019ab87357849ce6a490d5
0x25e035d4434af74a5348484831997d5f6553dea5,0x2c325156416cc7b701151dafb6d4c0bdf0d398f0,1,0x0007b9c4d506c6be7b4a3d454d078db5899172da
0x12a19eaada29384a7db22e0d5510c430a6141cf9,0x6b9236df82345b4b4e4ce8633c789bec86812f11,0,0x6b9236df82345b4b4e4ce8633c789bec86812f11
0xf6ab242d9454120000a906ba53cc90248ea3aff8,0xa8a849b09aa9bf62782ab572f09ff479b76ebac8,0,0xa8a849b09aa9bf62782ab572f09ff479b76ebac8
0x77088db2ffec1031553b41477bbb0e0ccad4c878,0x612e2daddc89d91409e40f946f9f7cfe422e777e,1,0xacd41f5b0a4a9419168c007b3102cdce792d1ddb
0xbb715b27ddc708f922be4317151aa05cd593a163,0x8556ffdb5c8cc82a183a65be3d82e70afde879f5,0,0x8556ffdb5c8cc82a183a65be3d82e70afde879f5
0xa018b2ec48f801f1c5ca6617c5028f2c13d3ae2a,0x612e2daddc89d91409e40f946f9f7cfe422e777e,1,0x6f3b66dba3c318c405a0733d5d2cd67bfd57aa08
0xe012baf811cf9c05c408e879c399960d1f305903,0xcac7c29bac18f080b98a3076b4e165886f509251,0,0xcac7c29bac18f080b98a3076b4e165886f509251
0x6cf4328f1ea83b5d592474f9fcdc714faafd1574,0xfa3ef9890d792c7f61e3882dbdd5a8e13394b252,0,0xfa3ef9890d792c7f61e3882dbdd5a8e13394b252
0x7d79de3918ea99fd5f1c2233f69bdd44f09d7829,0x19478179ef8bb7c4792a4041903080e097d137dd,1,0x9a96eb0e6fc7b94a2f946dde7ccfcb82af941ed7
0xfb38e9b2ce7efb8999d91d651b163f7958adfb0c,0x733cf2b788daf29b9095763c78bc0aa4147aceb7,1,0x63b5871ec228a4f5e09d638e73f8a021b0bba124
0x1263a62443487ab36254dc034f2cd8dd6d2233c0,0x6e42262978de5233c8d5b05b128c121fba110da4,1,0xcf4382dc26efc1cca98959917fa4fe4fac859764
0x22dd737d3b9988bbb38c1dbbe5cbb65d11fcff5f,0x612e2daddc89d91409e40f946f9f7cfe422e777e,1,0xb7c4414aed67d500fc8ea346181eaa66455dab4c
0x5be8a72b47ef5510c5429d192163bb57fffb5d48,0x7354936bc7a72c8baf5a2f9262e70a52c427be4a,1,0xa218d6a3ad14cfbfc96017d5d7bceee1484bd6a5
0xf6043aa7ca699cb980f1ca5b4ddadf8599170a0b,0x433baf6c9dab45201d53fb99b88392c0bb20db3f,0,0x433baf6c9dab45201d53fb99b88392c0bb20db3f
0x12c3e069d7109cfe5085a32c8bf74b748ce0885f,0x3f47e408ddbb2d3c59744b1984f0dc859d22ee4c,0,0x3f47e408ddbb2d3c59744b1984f0dc859d22ee4c
0x1cfb252575abbb30262b4f8ab7519c111d419964,0x2a0774e307a2da3204119d36af7c30e3163abb23,0,0x2a0774e307a2da3204119d36af7c30e3163abb23
0x513c0f6332a82c4931b8bb161e1afbb5cf1d3b55,0xaef3e8c8723d9c31863be8de54df2668ef7c4b89,1,0x191f932a5e32689429f2ea63bb1aac4010fe0a95
0xd97f89d538e5bf02bf36da9a40384a589a466879,0xe44a0ba50d34f04ea9436145cba4ee6e4fc16e1d,0,0xe44a0ba50d34f04ea9436145cba4ee6e4fc16e1d
0x97efc78edf95f521190f8c7c9db901330ecf3592,0x84509fed4a938ad4cfad8af4d6c45761278d1131,0,0x84509fed4a938ad4cfad8af4d6c45761278d1131
0xecd970183363cb7afac1987f12bf6939da488772,0x000000f20032b9e171844b00ea507e11960bd94a,1,0x43adc91529ae03847c74db2b2e1c17ea0308b4f1
0x66298315287616d4309685ccd7adf896f50f904e,0x612e2daddc89d91409e40f946f9f7cfe422e777e,1,0xd9d98f64474118cafd2e74197e84b7db09dd0d14
0x220f980cdf743b521ff785db5b943ea9eaaab05b,0x000000f20032b9e171844b00ea507e11960bd94a,1,0xf27ccbd485899c6f1e8ab64f47f5f8bff91437c5
0x4512521a5c852afa28eeaebc1abafb033f611b48,0xfa39f301dbd68eaf12783ebb70c3596f838752af,0,0xfa39f301dbd68eaf12783ebb70c3596f838752af
0xb28214e8071f80697a71932785efc214d81ff07e,0x0c9328851a0f22a60103e1d125b92ea9c1e5ba6a,0,0x0c9328851a0f22a60103e1d125b92ea9c1e5ba6a
0x546439add4614086d9bf07104e5db544b5f0ad97,0x5f81f6fb766d40ceb7111fb1eaa5c2632a617804,0,0x5f81f6fb766d40ceb7111fb1eaa5c2632a617804
0x8a9d05cce8955f5ba9c3f9c2bd8b6f850d08a7c8,0x612e2daddc89d91409e40f946f9f7cfe422e777e,1,0xa4e9a636d9ec9472c3ebb1430266b634c4ac114f
0x84eb9c8c7ac8519aae3f42de9d88ca3612e0a32c,0x612e2daddc89d91409e40f946f9f7cfe422e777e,1,0x6d4eece02d1eb00044d4553fc4f24289687b97e5
0xed5cddfeb785a3b8c348f75330aa5d4f6a6431a8,0x232c274b2cebe80676698e09e723d06960b7f0bc,0,0x232c274b2cebe80676698e09e723d06960b7f0bc
0x8eb6b32e134667a84b1021b1563e63e0725df3b1,0x6b232eacd0b402b01edd0face8b0fb7339e7c8a4,0,0x6b232eacd0b402b01edd0face8b0fb7339e7c8a4
0xde79e489a2c26069ea849497e141a62c0e4fc733,0x000000f20032b9e171844b00ea507e11960bd94a,1,0x19ceb0e24563ac68b7a559623645e021aea2ffa3
0x0a198a427886a342dcff5abfe20b832378c4ff9b,0x000000008924d42d98026c656545c3c1fb3ad31c,1,0xc3d909683270f33842dd8f566f8f960ca219875d
0xa184a6edae478b0cbec5703942e6e8a439b6da55,0x3184db147e36717b1c0696edef48f9419320f4ba,0,0x3184db147e36717b1c0696edef48f9419320f4ba
0x028c96c07eee94f299309f87fe27c49e8547b7e3,0x000000008924d42d98026c656545c3c1fb3ad31c,1,0xad7a2511b1966308112818dd36b11c026ea8f556
0x6016ee831c8c6e56849fa15df70ad7180fb6746d,0x7354936bc7a72c8baf5a2f9262e70a52c427be4a,1,0x2dd30f6b07286b68e1a699c581933b2a33da6a85
0x20f087ec41a6390ab0ff3ace6e4c732367f3c611,0x612e2daddc89d91409e40f946f9f7cfe422e777e,1,0x91a98f47b1a0166fe67c511d2da09f1252d86c5b
0xa7a74c1a8ebdb99d39542267cca030c883e79e0d,0x612e2daddc89d91409e40f946f9f7cfe422e777e,1,0x22585aca6e5673be4df681db32c85fc0f3375cf1
0xbbb6a85b09f085fc413a828a605e75d6819e2cdf,0x1ad35e45cf930414a4df9df3799b4a837c781c5d,0,0x1ad35e45cf930414a4df9df3799b4a837c781c5d
0x49cc7de889c1e4bdc1b4156b882ca5c76c668987,0x568a33aa237ffc284ff584a3bab17a44faef4054,0,0x568a33aa237ffc284ff584a3bab17a44faef4054
0x48d973304d609b164b2130cad9863c2b19e06cf0,0x000000008924d42d98026c656545c3c1fb3ad31c,1,0x7f8a4aa58538966bad9085911c72b0de63c2ac48
0xe95aba813dddd381628371fe0bd75f44b57310bc,0xe0df49b36e44cda5679b3f65916467639c434d0d,0,0xe0df49b36e44cda5679b3f65916467639c434d0d
0x7266e85a59d116e879d94b9b63cc5a0cb45b5835,0x612e2daddc89d91409e40f946f9f7cfe422e777e,1,0xf46cf49c9291d90f87a44ddfc1f442ce58dad0ca
0x8e9e04dd1d9e664a282c47fb75adddf0884ae0d7,0x48cf2a4b8a74974beabf8db1f45f9123edc79c06,0,0x48cf2a4b8a74974beabf8db1f45f9123edc79c06
0xe30167956d09acdcb64fa4b1a2af93444c060f78,0x48cf2a4b8a74974beabf8db1f45f9123edc79c06,0,0x48cf2a4b8a74974beabf8db1f45f9123edc79c06
0xd0020febf800010187a1f90cbeea764fa19d646f,0xdcae87821fa6caea05dbc2811126f4bc7ff73bd1,0,0xdcae87821fa6caea05dbc2811126f4bc7ff73bd1
0x36b0017aa6d08f8d663223d56aac9148a3268a6b,0xb32d9aa786e4f53f9484539cf44b1e092f94d483,0,0xb32d9aa786e4f53f9484539cf44b1e092f94d483
0xbd9071b63f25dd199079ed80b3b384d78042956b,0x217050c45f0bd1e8076c87179fbe982fd2882ab2,0,0x217050c45f0bd1e8076c87179fbe982fd2882ab2
0xd3cd74fb8d2a0e62f84bc9a9f74af20b6cb4cc27,0x3b612a5b49e025a6e4ba4ee4fb1ef46d13588059,1,0xda742d698c3403432f348690055ce4c89cfcb80d
0xcb2dabdf721603813f625c96bc3f9d4eb66c35c7,0x2c325156416cc7b701151dafb6d4c0bdf0d398f0,1,0x7ee3acaccc605e4de444ec630083f739b3a73d6e
0xc496ef5faa0b83fbbd4af6ade27db7b7ae2f66d7,0x48a19c6b158491325e84c8837ed8ba95a0403c13,0,0x48a19c6b158491325e84c8837ed8ba95a0403c13
0xd2903f3227892523220f2dab807031a3e5174b94,0xe25384b0cba42e063d653f5e8229b7d901600be6,0,0xe25384b0cba42e063d653f5e8229b7d901600be6
0xc3f733ca98e0dad0386979eb96fb1722a1a05e69,0xd342a4f0397b4268e6adce89b9b88c746afa85ee,0,0xd342a4f0397b4268e6adce89b9b88c746afa85ee
0xf9f91c0eddd3923f6b091a1636462a532a970566,0x91b6756b8cfe23b8504e1f662ca92ff1300675da,0,0x91b6756b8cfe23b8504e1f662ca92ff1300675da
0x909ddc27d2fdd952336819c1c63dd2401a8906b9,0x61ca4026467215c4110d7a1b2a4c34324bda5374,0,0x61ca4026467215c4110d7a1b2a4c34324bda5374
0x1496640fc4bdfd7ee6361894f5eefe1f5f297c6d,0x0eb47beabd9ce2cab7cbed57aa6b040975bdc1b7,0,0x0eb47beabd9ce2cab7cbed57aa6b040975bdc1b7
0xe8f184a57b51de789e1c89e6b4b4902e831817ff,0x3b612a5b49e025a6e4ba4ee4fb1ef46d13588059,1,0x6d325c063a66a8c2c635d5111540e38e0ef9e086
0xa73e639e067c67b5438fca98ba0f3e52d61bfe31,0x6441acd89090508a485e538af45b18d01d75d8d0,0,0x6441acd89090508a485e538af45b18d01d75d8d0
0x8eb24307a8969650bf10b211008b8324ba3d6505,0x3b612a5b49e025a6e4ba4ee4fb1ef46d13588059,1,0xe8bad8e905fc748517cfb1b3f7d6a7d7b4ed3998
0x83b008f4cb903d0b025fa0bdbdb4c796f9299434,0xbfcb7fc3ec9923ae2e20c8ec6c5fc43a4c23f089,0,0xbfcb7fc3ec9923ae2e20c8ec6c5fc43a4c23f089
0x69b154ed36b098b29bbd4def03a8d8abc2e1f3dd,0x3b612a5b49e025a6e4ba4ee4fb1ef46d13588059,1,0xe2e0f14fb58f90e44f7fcb357c405067a66a442e
0x6c3197c9f3954b682b0e64b520e6da5fe74fcf8b,0x46b8d2eaae1b4a63acaa83b0f5c8769cc3e9f932,0,0x46b8d2eaae1b4a63acaa83b0f5c8769cc3e9f932
0x8f571c94bfa81c4330716863e9b216b7111e6280,0x000000f20032b9e171844b00ea507e11960bd94a,1,0x25e5d3a26aeecc330546025a452da371a329976f
0x4d712480f8609760daa59a96213a273e9d37ef3d,0x7354936bc7a72c8baf5a2f9262e70a52c427be4a,1,0x99789e3e3c715a05dc0e77ab87089541d0f1f3cd
0x57c2d6e368f4bad6485547baaff9b93f79c82bc0,0xa6c5f2de915240270dac655152c3f6a91748cb85,1,0x22d8d269a083ead12e8d7f8fb9add8a38b5f4134
0x3bbd26d9551861d4fc8969a8abb79adaa4dee5f8,0x76f948e5f13b9a84a81e5681df8682bbf524805e,1,0xed96ed4523404642325dccf84b583c2ddea26a0e
0xdb492b25055f37fcada453a10b07ccd1e09cf876,0x40867ce8186b2d30e5f200e4b23f16bae7914fe3,0,0x40867ce8186b2d30e5f200e4b23f16bae7914fe3
0x287296485e57aa5ffce648aa2a54cf93e548b083,0x612e2daddc89d91409e40f946f9f7cfe422e777e,1,0xd7b8591b207988da02a889d2aa9de2f4c5d91ab2
0xbae682c1b2f1e17ec0244d2d19cb2e21ccf2d3fa,0x612e2daddc89d91409e40f946f9f7cfe422e777e,1,0xe23b527e37452e3eda408f1dc0bd56dcdb5e59e6
0xc7576ff299facef23f43b8cce03606ee65ee8c8f,0x612e2daddc89d91409e40f946f9f7cfe422e777e,1,0x3a286f6b3d2aa13bee9b386caa2a0c8b7faaa328
0x0f9f68caf991023221484c1ccdbd193a87d989a2,0x9bc30460c09cc0e284b03a73daad649e7686266b,0,0x9bc30460c09cc0e284b03a73daad649e7686266b
0x5085039d1f9fda01a67d2e6bb43d3c09063c8596,0x0081e6f9373c1ffb7d7fc702eb15ac805eb50389,0,0x0081e6f9373c1ffb7d7fc702eb15ac805eb50389
0x65aa3a54aac1d915c82d0245acf2ffb5894ee48e,0x000000f20032b9e171844b00ea507e11960bd94a,1,0x641efd70e20fccee30e1c6a4c826b8d2c2628817
0x12956ddb9ad808352ce0c0a88ba98250c9183376,0x612e2daddc89d91409e40f946f9f7cfe422e777e,1,0x4baa47af61824b9d05b7aae5f4a542dc6d4f097b
0xf9f94d653992eb3b427aca007211a89cae572f4a,0x612e2daddc89d91409e40f946f9f7cfe422e777e,1,0x54127ea13b843ec96828df4d53bb8b6296fd809d
0xb42afd4cee37c7487fb6406827ac2ffad91367f1,0x2559a17f49358625b013c0fbd9f859c5a125892a,0,0x2559a17f49358625b013c0fbd9f859c5a125892a
0x670f605af1ac03bc223c5ee5973a0c48b650671d,0x19478179ef8bb7c4792a4041903080e097d137dd,1,0xc088fd3191c3bf0bb406918de46758027431f1df
0xe23b130e9422aa4f19e6964b9701e379242e8913,0xc33df89fea7df1359c6bacb4a0796e5d2dacf4eb,0,0xc33df89fea7df1359c6bacb4a0796e5d2dacf4eb
0x2720c5ed8141d9fab703b8b5fb1fb393719564d5,0xb8e34ba255feaaafeaea9e86f88bb5c8dba91493,0,0xb8e34ba255feaaafeaea9e86f88bb5c8dba91493
0x65d21d685e88602c791bdb834589d6d258bdf277,0x17d2d7ba2fd2945ed4f12ab641bb19a1769df457,1,0xc675ce82295428235f20d9c0cc1c0aa743899b0f
0x30e5de78789b0fffb2d4ee00c5e6e30cebd79802,0x7777777523be92b6af5589f7489c952fce0106b0,0,0x7777777523be92b6af5589f7489c952fce0106b0
0x1df4519ad0ee16d41382753d34b95c03d6f33d0b,0x612e2daddc89d91409e40f946f9f7cfe422e777e,1,0x153002a1aa045a92317cb58893a5e2907ee3f421
0xb13ae027c2d4f1acef890c69ff8ecb9bcffb299d,0x4f92ae4960a6ac49fa88bcf9d6d4b8c53f626a55,1,0x46527ebc6f2b2bc737d764763a1cd1f76d2aeb6a
0x848e2ebe38c85d429457205b0bd6917091c0102c,0x000000f20032b9e171844b00ea507e11960bd94a,1,0x091cf836c28480655c28069fbeb051a37f6e1aa4
0xa3c8a7696bd28647ffb0e46fbd3534d3bba51b89,0x000000f20032b9e171844b00ea507e11960bd94a,1,0xc207ae9910ecce600ef811ba66f81e8254846ab2
0xeae3f50259eb3625b64cf111be74c719c81c33c0,0x76f948e5f13b9a84a81e5681df8682bbf524805e,1,0x09b17830cb4a734ab8b66d2bb7e6b97111076ea1
0xd4eb6869f00496156a560b0d6d93302a9d571981,0x000000f20032b9e171844b00ea507e11960bd94a,1,0x27a64128b6d44aaeca25767f6c40b7e3b7826cc2
0x56d87a058960d903b2997b707d13f760a4e2e19e,0x2f6cc036641ca932b36b0051e7c0744e9c9e2c32,0,0x2f6cc036641ca932b36b0051e7c0744e9c9e2c32
0x05a2505b64a08d4a660d805bd6d51043d89a938e,0x000000f20032b9e171844b00ea507e11960bd94a,1,0x081cecc3ca8ee078c018e57ff507d3b175725285
0x19fcbdff9b884a611bd3221d26d52bd1b7fb895b,0x21b5220f7647c3afc4cbfe0f6abccaa71cf7be4f,0,0x21b5220f7647c3afc4cbfe0f6abccaa71cf7be4f
0x0a59be83fa8c46acd12a0126ba22861f7334dafb,0x000000f20032b9e171844b00ea507e11960bd94a,1,0xffad517dbf86d6d816200945b362552bffcb15ee
0x630c622681996510d8ca09962d02e357bb931567,0x612e2daddc89d91409e40f946f9f7cfe422e777e,1,0xe86abd81da53ac916b2625be8a6e1f864f622ab8
0xe316f353302f257554c20d77eacf11b497e849e3,0x000000f20032b9e171844b00ea507e11960bd94a,1,0x86d0572ef4a14495e679faa83157e013bdfc5cc5
0x23312e8f0ccddb67c068c61ffef4b4a44e7e6abe,0x11fcbeb2680905bc5922e7a3598a2d3b2e6d5b38,0,0x11fcbeb2680905bc5922e7a3598a2d3b2e6d5b38
0x30917a657ae7d1132bdca40187d781fa3b60002f,0x5e697c6f5cbebd6ca17bde80d684c226a1e223be,0,0x5e697c6f5cbebd6ca17bde80d684c226a1e223be
0xfd6ff39da508d281c2d255e9bbbfab34b6be60c3,0xfc3d271123a4c14fdb9e99ff70ff69370317b977,0,0xfc3d271123a4c14fdb9e99ff70ff69370317b977
0xe72023849d98610a135fb33b6fa96b8c34a321e7,0x627137fc6cfa3fbfa0ed936fb4b5d66fb383dbe8,0,0x627137fc6cfa3fbfa0ed936fb4b5d66fb383dbe8
0x9d1f3169d266ef587f1a07909c4b9444746729a6,0x0eaf7feb562b7828c1c1b62b33ba902901bf6955,0,0x0eaf7feb562b7828c1c1b62b33ba902901bf6955
0x2b751c715d4514eac2b645b2f6a8e81c8c59c124,0x612e2daddc89d91409e40f946f9f7cfe422e777e,1,0x7db36ec0251930c590cf239dc55c9946988fb0a7
0x2cc8342d7c8bff5a213eb2cde39de9a59b3461a7,0x9ff81de5f866f4691f18392792be16f63f586ff7,0,0x9ff81de5f866f4691f18392792be16f63f586ff7
0x49638a493f122370975b1a92787d8960336a1163,0xb0ad78807d81315cf9d881c2aa47c4032b01c75d,0,0xb0ad78807d81315cf9d881c2aa47c4032b01c75d
0x0d2bf4ef93a2fa728e7e3e6f57ab43be633beca1,0xc93c7f71581dfeaab59bed908888dac5689f312a,0,0xc93c7f71581dfeaab59bed908888dac5689f312a
0xc438b9503a32585550a541944cfd6322e78b94bd,0x30a3d66d0c19ecff159679afd625000fe50aefed,0,0x30a3d66d0c19ecff159679afd625000fe50aefed
0xed8d8cf1f92065287c825fd5153a12c9096633a2,0x589ad95db08979d176ff66e2880b185680967b55,0,0x589ad95db08979d176ff66e2880b185680967b55
0x5b01ba38e3eed9ccc87d197b6809e8da3b92edaa,0x923dee1d701eb1cac2d122824d1272241a642ffc,0,0x923dee1d701eb1cac2d122824d1272241a642ffc
0x533a9be8da12b01bfdc9a79b7912a4e0667baa76,0x307fa253ab864cbf57483415909b37c36df3b8c8,0,0x307fa253ab864cbf57483415909b37c36df3b8c8
0x0eefb331da69b1b7fb66ef9101dd5a7e4f0eb7cf,0x7d92f9f0c67c50e70f0bba1d402343384d9c8988,0,0x7d92f9f0c67c50e70f0bba1d402343384d9c8988
0xb71efa6eb99c880cb3c67e0b00d58574be76f334,0xe86f8b215aad35523d8e3186b1fb8917433042e0,0,0xe86f8b215aad35523d8e3186b1fb8917433042e0
0x616f2ac5dd4f760db693c21e9ca7a8aa962cf93b,0xd74968d603d070357d435e36376e3bfc3d62bda6,0,0xd74968d603d070357d435e36376e3bfc3d62bda6
0x387b946b259782b9dc31306050469f0a24aacd09,0x612e2daddc89d91409e40f946f9f7cfe422e777e,1,0x2ce48f39c5440bf2216ecd04663c563cae49ccac
0x41ccac55dcef4c7c9d1d2c3599fa670eed293c1c,0xf74b146ce44cc162b601dec3be331784db111dc1,1,0x1b56ddba2239d16b91ea1d0482006e4fa5962715
0x35fc3112e5186bbc8ed27759a32404eb65cc5e15,0xa3e51498579db0f7bb1ec9e3093b2f44158e25a5,0,0xa3e51498579db0f7bb1ec9e3093b2f44158e25a5
0xfe87a6d1357a90226efa81e11718d2ee57cd9e02,0x612e2daddc89d91409e40f946f9f7cfe422e777e,1,0xcb863a7d7cd36d8404d175ea836b55fa0d62a34a
0x92f9f40f004183111158f13614dc4b8acaa56ca2,0x3a66213f42fc523010218175bafac6b2d988fc3f,0,0x3a66213f42fc523010218175bafac6b2d988fc3f
0xef1d5395d063402eb0cd962562380521f4eb6003,0x42b401b8d96a3f80500d375d1054ef7650a98fbe,0,0x42b401b8d96a3f80500d375d1054ef7650a98fbe
0xff307d3fbffe40326975139c523e575a99b2c473,0x53f19594ac38711382ba810a2cf00795ef6dc010,0,0x53f19594ac38711382ba810a2cf00795ef6dc010
0x6cd22393925a527592ac2a403090016de22eb0c1,0xe37c3eb4f67d318503faa5f84e20c49ce59b9850,0,0xe37c3eb4f67d318503faa5f84e20c49ce59b9850
0x109fc1b73b164357b940af2c7048829492827d76,0xaef3e8c8723d9c31863be8de54df2668ef7c4b89,1,0xe4c80780cc7fc7047bccb30e2cbcb67400752a88
0x47da0025bd49e6070b34aca0b1488cf88a94ac5c,0xcfb6bc33af4f6f0a69f00d6dab045dee83f627f9,0,0xcfb6bc33af4f6f0a69f00d6dab045dee83f627f9
0xf8c290bd87ef082c9847537e5d3792a965bf78dc,0x612e2daddc89d91409e40f946f9f7cfe422e777e,1,0xd03bf7981d54036ced804ba391873d41ea063518
0xc7e91cc116e2a7ef3bfe1268e9d1d80a6ca8611c,0xadf49b9f133fb137e82b24f06d23e49c51f586c7,0,0xadf49b9f133fb137e82b24f06d23e49c51f586c7
0xe86597c8a1c90a090fd414744f528e305e54f104,0xf4fadac5bc5e23d6267f9fa33602043b352af9bb,0,0xf4fadac5bc5e23d6267f9fa33602043b352af9bb
0xe6cd93c2d13bd6c2192ae85acd1d5aa346f5ad39,0xb2019531de3bfda451668acfe40fb3aee59975b5,1,0xf8ca06e2c32ead4121499742a917a0fc17f3e8d6
0x8c450ac60ff6d233065f0f30634f2409a2991ba0,0x612e2daddc89d91409e40f946f9f7cfe422e777e,1,0x1db0dc9058e5e29444e1600fb835a2b3bd8b9dd6
0xe37fa11e409f93551bdac921a57ff786ded615bb,0x7354936bc7a72c8baf5a2f9262e70a52c427be4a,1,0xc13cb7c645b018e1116f0dc58751a77f1e5fc5cf
0x3ded025e441730e26ab28803353e4471669a3065,0xa6c5f2de915240270dac655152c3f6a91748cb85,1,0xb4964e1eca55db36a94e8aeffbfbab48529a2f6c
0x175987f10d833d5c19c3b204793e0a04fbf011a0,0x612e2daddc89d91409e40f946f9f7cfe422e777e,1,0x170fb8f8f37776dc48184686dec386d2d1c41cc9
0xb722920859b312d85dd814c4a9e4918d83ee76c7,0x411cc45c10f7e455b1908ed2ad16fc1dccbd1984,0,0x411cc45c10f7e455b1908ed2ad16fc1dccbd1984
0x0e3786eaff531bf017366de214d17476b60b2273,0xf74b146ce44cc162b601dec3be331784db111dc1,1,0x53747ec85c766f5ab1d22a6db1925237781d596d
0x01a6a72a9eac4777553f91eeb6024b6b74614bf6,0x19478179ef8bb7c4792a4041903080e097d137dd,1,0x527aada12b94fa8533913069ae846f7a99572e80
0xf504b0df1e6e7c13d95c6e8b393e9332de98fa96,0xa02bd730a69c572667f8325a94cf64be0e94530a,0,0xa02bd730a69c572667f8325a94cf64be0e94530a
0xa8dcb53e434ebcce5b321d85a048ffb0f0ceb937,0xf74b146ce44cc162b601dec3be331784db111dc1,1,0x80a3ab405d32286aec88f86d973e35046ad35c59
0x41d9fd1338b6088d2fdaeb9ec501371281c724d6,0x612e2daddc89d91409e40f946f9f7cfe422e777e,1,0xfc5b605cab254e52c459e907e7d8ea0bbb2ad7da
0x6aff1846413bf15a8d7e72c799b96bf37e424b13,0x169e2ffc1c6b229b04e65a431434bf0e8ed9563d,0,0x169e2ffc1c6b229b04e65a431434bf0e8ed9563d
0xe9324d74cc1b4a543557f2c9ad05d10058190129,0xfae51a0d8e1d1c4591a7e24a0884c1b04ddca6ca,0,0xfae51a0d8e1d1c4591a7e24a0884c1b04ddca6ca
0x7854d4d45be932544f67bf688d9eff5a1955bf2a,0x612e2daddc89d91409e40f946f9f7cfe422e777e,1,0x43d1c49935b7c1d685313f5b2b4813306f495786
0xb1dac8b70573c3f147c031edf65e20968d50780b,0xb4ea9a0c1edd5c41585cd3715a1269b9dd3105a5,1,0xa8f97058f9b863e4d54ee86ae374d31ebab5e70d
0xc3a1c18afe00b02d8a3e52c0052dfbe1fe3821c2,0x612e2daddc89d91409e40f946f9f7cfe422e777e,1,0xce63b511ac3855b7d5a0c92c965fd62b9ae4c0e3
0xacecd2ce4ac5a2c79289271be80adfab818ace16,0x600ac2cfe500403e120bfae573d81ec836d5973f,0,0x600ac2cfe500403e120bfae573d81ec836d5973f
0x64811f064dd7d137bbcfb5afc26a281b69537bac,0x612e2daddc89d91409e40f946f9f7cfe422e777e,1,0x0a6a8853b787492a5f37e435e9922ed44bf48437
0xbadcb558f86206c41a882a0e4b0b15380f10ca99,0xee130d926adf6362b867be4096809623b0792282,0,0xee130d926adf6362b867be4096809623b0792282
0xab8481abd160b669a6798196240043052fac40b2,0x000000f20032b9e171844b00ea507e11960bd94a,1,0x3ac302498915920d76b4865ec2cb935ba05574b7
0x56f8669b6a8111cbdee31c9624ed3b918d8dbc2f,0x000000f20032b9e171844b00ea507e11960bd94a,1,0xa9fc09a3b876edfcaacaf77910fda14de378b121
0xfd1b0b0dfa524e1fd42e7d51155a663c581bbd50,0xa45d808eafde8b8e6b6b078fd246e28ad13030e8,0,0xa45d808eafde8b8e6b6b078fd246e28ad13030e8
0x2a8e8d8f4269282b9f54396c08ffa3d9974a5e48,0xfd63cf9e5076dc198867f98b022837150d59ee2e,0,0xfd63cf9e5076dc198867f98b022837150d59ee2e
0xf0ac8843c258fcc39e0ec0afe3cd57494145355f,0x000000f20032b9e171844b00ea507e11960bd94a,1,0x98092462da8949bd1c99d4449ee4f3bf3d4de17c
0x190b997b76aedf8475c5f4ef6f130bd0652ccafa,0xfdbee3fba2f14d72bd1a6b2ccc860dc024f7bf14,0,0xfdbee3fba2f14d72bd1a6b2ccc860dc024f7bf14
0x156067f5d0fe13a3f716830027d4def1bae7acf6,0x406ed3147e57f8596326c006582ca11750e7e5b9,0,0x406ed3147e57f8596326c006582ca11750e7e5b9
0x01f457e84a4d43eafb90c3ef57c4a4bcfceded14,0x37ff3377d71b26c315841a3a6228c7306a1b25c8,0,0x37ff3377d71b26c315841a3a6228c7306a1b25c8
0x17fa77c9b42a23a180a11f8c421463e1c175192f,0xb721640f923f9eac62032097cbd916501a3d3e0f,0,0xb721640f923f9eac62032097cbd916501a3d3e0f
0x3e911fb87ad9b2b5b7e2b836405fedeade154763,0xbc03f695a1f2a03669fca05ee1e7d2ed702f1b28,0,0xbc03f695a1f2a03669fca05ee1e7d2ed702f1b28
0xadb9ba03812d946f1449c2d244cf21db9425a8c6,0x000000f20032b9e171844b00ea507e11960bd94a,1,0x5d67514956b21b61c749ccd3a18414cde4a966ef
0xe7468c92a1b1bfc948464c8417d86dc7814cea97,0x612e2daddc89d91409e40f946f9f7cfe422e777e,1,0x5f3d4685e5f5bfa83abb85972845d52f474e7a6f
0x06827dea49f5ff963bf15beb7cfc3b211c50b41c,0x3303c4350259c2b8f3c560b2ec70ad3ed87a5e72,0,0x3303c4350259c2b8f3c560b2ec70ad3ed87a5e72
0x81bab1e485e7ba368f6c30d12f46244f72c29148,0x2299aeb4baa0b102382ae0df95660fd004bd5ffa,0,0x2299aeb4baa0b102382ae0df95660fd004bd5ffa
0xf31ca87d9c2eb625908d63db8dec454c28b3564a,0x7cea02e589bda280f22f2facd82100022b5ae249,0,0x7cea02e589bda280f22f2facd82100022b5ae249
0x3a00a6aec6150b3254c20a1a73fbcd97e03b99a5,0x000000f20032b9e171844b00ea507e11960bd94a,1,0x229144503392aff5dfcdb8741dc1ef4d885f1dc6
0xcab04056b89a84674efd8666a0e8124bc9051921,0xbfc6c215e0ce09b78ebe0920128f799d8e377c87,0,0xbfc6c215e0ce09b78ebe0920128f799d8e377c87
0x9ad7c4357a138eea58ed56fb5cb01d2f3f0aeffa,0x000000f20032b9e171844b00ea507e11960bd94a,1,0xf4065be06e831dbdc530bed6d4df2ec394375270
0x7c1bd459dae8ec0bb45fe3172fd58a2b53972e5c,0x1d432f64767e40a9722ea670353181660183862e,0,0x1d432f64767e40a9722ea670353181660183862e
0x6d1b09ae12adeaa3aa5d6b574dbcfaf7343a0b04,0x7793fcc1d5c0ac070ca8ac2073b16a8e94c40c97,0,0x7793fcc1d5c0ac070ca8ac2073b16a8e94c40c97
0xd929fb5b7357ed59ba770af812efc116f873c795,0xe85f832d9f551cf445a6e8ceaaee73ef88a340d6,0,0xe85f832d9f551cf445a6e8ceaaee73ef88a340d6
0xcd955030a01d9284a236485b1689821a632511c9,0xefca9908db28f8656ce6335b4498b07fb70b2b78,0,0xefca9908db28f8656ce6335b4498b07fb70b2b78
0x163c83b25f8d7255c5f31e3a59d44c0d4db47173,0x1f7c453a4cccbf826a97f213706ee72b79dba466,0,0x1f7c453a4cccbf826a97f213706ee72b79dba466
0x360e63c77ae3bbad546e85d2f7ba7e6c98a2abfe,0xec1aa6a36336ce6797fbc89bbf8b83d2f88031dc,0,0xec1aa6a36336ce6797fbc89bbf8b83d2f88031dc
0x33fd426905f149f8376e227d0c9d3340aad17af1,0x4b76837f8d8ad0a28590d06e53dcd44b6b7d4554,0,0x4b76837f8d8ad0a28590d06e53dcd44b6b7d4554
0xe81bb8f7a5fe950fff2538b77a7d562c2557dc4a,0x000000f20032b9e171844b00ea507e11960bd94a,1,0x10492e88042e12203ff466c5c73db72455ba7e0b
0x6c768ada491df6550fcc79e1454ddc0022f39db4,0x58add5015bf447ed729893a9af6f60d8bb62504c,1,0xe8e01e71d18f838b13e8f6fa250ee0e4bed6b877
0xadb23566bd7ac434a1e566405b7fde70858ed7b2,0x000000f20032b9e171844b00ea507e11960bd94a,1,0x4fdadcb77503bee2266f5d04725d78806b7a64ab
0x654a2d2760ccfcd62fabbe1d58bf7b9e15c7ec33,0x000000f20032b9e171844b00ea507e11960bd94a,1,0x98ef656d66dac68bcb2c34ad00dd7c38f511b2e4
0x6b2734f6aea7d07f13ce4afc458cfd3904dc23ae,0xce417118275171e1f2ce1ca5206b897be17f0134,1,0xaa6f711f476d0a2c1905644514ad4d743ad2ab0a
0xe05dc1014fed48551dd7eb031e93c23a805edfd7,0xa1f785c4ad3969c0ac40a408c17ca3b171397caa,0,0xa1f785c4ad3969c0ac40a408c17ca3b171397caa
0x763c1d7e405fde9887ca6219cc6c431f47295b8f,0x76f948e5f13b9a84a81e5681df8682bbf524805e,1,0x48eee1b187ab654787372db998aeea924b9ec5b8
0xbd8d977913815507e194beef124732b337f2cf94,0xdc79dd9b2d2237aa43cc0cbaad51962e77380aba,0,0xdc79dd9b2d2237aa43cc0cbaad51962e77380aba
0x16edf9d65a54e1617921a8125d77ef48c4e8c449,0xc72a3650e660d548256472566a4030c80c264a47,0,0xc72a3650e660d548256472566a4030c80c264a47
0x2669c29479de0ad9645c8fffb22379dda48b3b46,0xbfda09f48f08067fe24c0cd612c3a54710e08e59,0,0xbfda09f48f08067fe24c0cd612c3a54710e08e59
0x6e7c0417406db2133eab9149d27e5aa1f859a51b,0x612e2daddc89d91409e40f946f9f7cfe422e777e,1,0x96c8bed8b40a6a5a9baccef67de6be7d8514cb38
0x4d9721dbedc06e32bec6580ee04407cbe9c474a1,0x000000f20032b9e171844b00ea507e11960bd94a,1,0x293ba877b25a3a0d3db4e87af9ad8172f4b82472
0x345d03604fc56ee1549bb4fca1178e13db4eafa0,0x000000f20032b9e171844b00ea507e11960bd94a,1,0xff3624776be5c2e2e25a311096592ae942ef2311
0xa4718f549cce0b8392f292c265ac21bfeb5bffcf,0x000000f20032b9e171844b00ea507e11960bd94a,1,0x47daac56245496269aa86b3151d575a94bd4c9d9
0x00bdc1fe660cac414c50cc62b5dffec8e9653830,0x1ed826b8d24570db1a991c3e170177dcd1459a2d,1,0x28c27724f186e08f1029f1d4868edc70357bda30
0x161c90fc5ab0bf065cee244117f38a00be651315,0x40a16debfa1b0d95c089c82d77a936c5066ccd1a,0,0x40a16debfa1b0d95c089c82d77a936c5066ccd1a
0x2697a5ad4004e619f8fc99d78209ff716528a38a,0x08d724e4ba57c9e168e0bcb3adc186469d163515,0,0x08d724e4ba57c9e168e0bcb3adc186469d163515
0xfe96b96ec8ab0655b927e4ad92959350cf174a80,0x612e2daddc89d91409e40f946f9f7cfe422e777e,1,0xf2cea9c6492348c19faa54a85fd77965d47fc0ff
0xf357b8942fc313448a9fe4325450f4a01e27a8ff,0x000000f20032b9e171844b00ea507e11960bd94a,1,0xddee837503d4aa922b7abc20555e83b8b13f6d4a
0x3d9fd0ee31aefa6cfc0aa8125e51763510ce3491,0x000000f20032b9e171844b00ea507e11960bd94a,1,0x48d23374af1f3913fb4a9ae9f8265e8a369ee911
0xddbb97b1a7882914f1a1369d55e1ac3a5f383e92,0x000000f20032b9e171844b00ea507e11960bd94a,1,0x5793ed668c5283ce95298331091e7aa88acc5b0f
0x315707e1f7f7cb4920d36074e2aabe49c1a5a650,0x000000f20032b9e171844b00ea507e11960bd94a,1,0xac44e636941a90caf4befc21f1c53a39245fe349
0x3de8a58fb4a8b3b3c2f989a51cb6232acf7fbb90,0x000000f20032b9e171844b00ea507e11960bd94a,1,0xc0587fec6c404dbc6f9037026a864508f7ee7c0d
0x68dc53da5b65c201a9f5e356bf37630d9af1895a,0xd3cbf8645d8f28f6758504b0cf2ab4206c5dd7cc,0,0xd3cbf8645d8f28f6758504b0cf2ab4206c5dd7cc
0x9d8761d07d3408209de6a0421101c5fae6a193de,0x000000f20032b9e171844b00ea507e11960bd94a,1,0x017dee0412903ce5e4c279e74a9db04bb3a844f4
0xf85a5d0684788c489866b5b24c5a332d296a7595,0x000000f20032b9e171844b00ea507e11960bd94a,1,0x7ad280564ba52240fa72c152a111579670398b09
0x9b03a26d60fb103dac44e2b018ab41ea360fd91e,0x000000f20032b9e171844b00ea507e11960bd94a,1,0xe3955cc6fe3e60d9e0d066f3bc15a1cc1fe48277
0x49902747796c2abcc5ea640648551ddbc2c50ba2,0x4397122ad9602ad358816f1f2de2396e3dceb857,0,0x4397122ad9602ad358816f1f2de2396e3dceb857
0xbff39c3e8dc93423c8f3f8fd944c0aa5761c9715,0x612e2daddc89d91409e40f946f9f7cfe422e777e,1,0x9eddafc59b40b6b1d57157e420f758de11ac141d
0x3b99bd88685cc57a93f05b831fcbb889f5d79275,0x000000f20032b9e171844b00ea507e11960bd94a,1,0x8fbbd35a50acedd1019286b1ca359f26e0899eb8
0x5b79de6ac7867417105de3ff054ad1e5ef25ec5c,0x000000008924d42d98026c656545c3c1fb3ad31c,1,0x55a25cce1737e4692fc243b6c26364daed7f2486
0xff7a837ed6906060ea92c0f24d7c8f5d031193bb,0xbfd90a5fa214a5e868bca65fd37b2acd7643ec85,0,0xbfd90a5fa214a5e868bca65fd37b2acd7643ec85
0xac379e4bc6ba4ecf11663147966f8741f7c235f4,0x612e2daddc89d91409e40f946f9f7cfe422e777e,1,0x259aa2a42bd3f63aa29e5d8d1925fadfcc8963ab
0x655eec050b2f1dd1b2bcf9d1ae8449b97f163381,0x000000f20032b9e171844b00ea507e11960bd94a,1,0xef0fce7d9dda3699380b4a064d493a306c46c5fb
0x49197dbcc1e4be6cb3e2fa9f540be3446e14125d,0x76f948e5f13b9a84a81e5681df8682bbf524805e,1,0xb3805fb4afa5d6a00f1f15f2831c073f7a936130
0xc5c4176ad1171cc7aa8a953b091f715f2cfa166d,0x3681aed90331bad3c7729e9c7c383f447b48d619,0,0x3681aed90331bad3c7729e9c7c383f447b48d619
0x189a9423ef12a2f64fca0b0905621eb04b8d3eca,0x612e2daddc89d91409e40f946f9f7cfe422e777e,1,0x09d1cb7855685cb1ea3ff49d6e089bb028cf89f1
0x0620c0679db636c645008e673db59d43fedb7c09,0x000000f20032b9e171844b00ea507e11960bd94a,1,0x801ce4d228ff1f3892865d8fbb26b5c47eeab635
0xe01eddf4c811aed388544b7e5277b9ac5be04e50,0x1ed826b8d24570db1a991c3e170177dcd1459a2d,1,0x271988c15e9f19a424731b0a5c26c264d51a4d58
0x105c6167e7563f42b8d1f5dde6371c649fd1b224,0x3681aed90331bad3c7729e9c7c383f447b48d619,0,0x3681aed90331bad3c7729e9c7c383f447b48d619
0x29b3c18bb8fea3310ba1a4c9a700dedb77f15859,0x612e2daddc89d91409e40f946f9f7cfe422e777e,1,0x035d1fa6e5967624f0cd424892994717ea9fc2d8
0x7baf58f20dd9c985aa8186811ff47b53b3db8ca4,0x000000f20032b9e171844b00ea507e11960bd94a,1,0x62a7d8d76d7ccbe626140fd141ead48b1adead41
0x7cc649f5cfdd25a6f87696651bfbb8cb0beab514,0x612e2daddc89d91409e40f946f9f7cfe422e777e,1,0x7bab1557f17717127d29162dc1755477a02f8cec
0x9fc4d0435b7acbb5aa70f63a55b6f099bc92a0bd,0xa49c0d9a786e659a0557281b4fa72cf8cf08f6cf,1,0xfbc3b76a206f03f1edbf411f280444cd3fd9c7c8
0xffc7f8fe0c329e12df09c043071de0fad8a2c8be,0x3b612a5b49e025a6e4ba4ee4fb1ef46d13588059,1,0xc44daf2973e47fe724a20543138b0171a4060c7d
0xfc85ebb0c2f23c217676e6ca8a642051d24ef828,0x3b612a5b49e025a6e4ba4ee4fb1ef46d13588059,1,0xf7b35e524a54d31d3432a6ddc8d45082595898b2
0xb7245b453bc4ace419d64e7cebf65c4eec2dbd1b,0x2c325156416cc7b701151dafb6d4c0bdf0d398f0,1,0xd86057c793bdfb77bb11dcabfe054ee4fd86ebdd
0xb36184cafe755e9fe51acfbf16aadec18a30b4c7,0x3b612a5b49e025a6e4ba4ee4fb1ef46d13588059,1,0xd6d8e393824aac8ecaf4e1f689717bc001064abc
0xc0c9c701530246712f42b42c0e8e3cd9ec324adf,0x8bf1e340055c7de62f11229a149d3a1918de3d74,0,0x8bf1e340055c7de62f11229a149d3a1918de3d74
0xd34eb084830f4f07ad4fb993086f5ee8212f3156,0x3b612a5b49e025a6e4ba4ee4fb1ef46d13588059,1,0xe2062560a687d5462669a4e7c294328a5ff5917f
0x27a3c8e1503d7b269159a245e6ccfe56e45c214a,0xd162d1a8aa3b31ab5c63c0b290b63ae4709ffd57,0,0xd162d1a8aa3b31ab5c63c0b290b63ae4709ffd57
0x64195bab73c76fdb059f667116b3c1d49dafdabe,0xf2e7bd6b84def01b4a2c8e9a1b921846219674bb,0,0xf2e7bd6b84def01b4a2c8e9a1b921846219674bb
0x2923c3e5a0f10bc02d8c90287b2af45cd579dec4,0x3b6e43e88464d4faf423fca72b3116ce0277e069,0,0x3b6e43e88464d4faf423fca72b3116ce0277e069
0x08cad0b4f221fd9d28cd96e918f76512220b742e,0x3b612a5b49e025a6e4ba4ee4fb1ef46d13588059,1,0x66c1b5a53508e951faf01bca88698c6430bb5228
0xcf5b2fcb8c89b3e5a0297482d96393df1dbaa487,0x3b612a5b49e025a6e4ba4ee4fb1ef46d13588059,1,0xd0b13457f264664a59b869f3bc477bfb7fe42a4f
0x4776defcf622c60c6419cccc9ee9e9042fadf3f7,0x5b6b5a953d05d8c702360f6c18df1f4f8898dd2a,0,0x5b6b5a953d05d8c702360f6c18df1f4f8898dd2a
0xc3af550b20d34eb25e30c8fbf43d3eb8c931fb9d,0x195fce941ae0c972b8dc814d2059537b67f14038,0,0x195fce941ae0c972b8dc814d2059537b67f14038
0x0e9e3eff16d2d19f5d7a04717d70b81f2c7465a5,0x48cf2a4b8a74974beabf8db1f45f9123edc79c06,0,0x48cf2a4b8a74974beabf8db1f45f9123edc79c06
0xc17aa29c43e4ce0c349749c8986a03b2734813fa,0xe4cf86f7adbac98fab983f35fcd3c71e3e3c2720,0,0xe4cf86f7adbac98fab983f35fcd3c71e3e3c2720
0x6a01bc55e7e608a9f51964b683159793f513fce5,0xcd7e89f8adc80aaada5899312a1132209650ed0e,0,0xcd7e89f8adc80aaada5899312a1132209650ed0e
0xa3ef8cf28e0ce768cb26be53fc55f978a502f5cb,0x63e967a97407e66d12fe57155345bfa7992ed6d6,0,0x63e967a97407e66d12fe57155345bfa7992ed6d6
0x02784931e2ad0066a0e6524ad68476da27a28e7b,0x8cd7d3706bd7c5fc35a64c75f8e0ff16b523938b,0,0x8cd7d3706bd7c5fc35a64c75f8e0ff16b523938b
0x587ad7a26c5acae69d683fe923fd3f5b0700f3ef,0x4452b748eafc0d62f828b3557c58c4c3cd8755ed,0,0x4452b748eafc0d62f828b3557c58c4c3cd8755ed
0xa5c4b6c3e8838050534e27810e1904acbdaa9203,0x454908004f88436f46efac5578b4984fe1375206,0,0x454908004f88436f46efac5578b4984fe1375206
0x3d9177e23ea497f644f69f69e382c2074b888f5d,0xca9d039a49726cc52e035a8402535b958a63bcd4,0,0xca9d039a49726cc52e035a8402535b958a63bcd4
0x45536613636d88b2743dddb4dc8c9ad5ed48ab58,0x0d71ec30c323037bdac7bd174d4a95cec5a4ee0d,0,0x0d71ec30c323037bdac7bd174d4a95cec5a4ee0d
0xeb110e360fe9b9edb4dd9e56bb76dd96e127c449,0x1388ae7b87bdf98369d28c747642049d0078055d,0,0x1388ae7b87bdf98369d28c747642049d0078055d
0x1c4c28c1f651406cdfe7df21d1a4594dc914f5c5,0xb863a03a34e2fdb2fbe2b4d5c969c9834aae3ac9,0,0xb863a03a34e2fdb2fbe2b4d5c969c9834aae3ac9
0x64610087e11d21d016355740f5280c21d29b0105,0x0f94325dcc0e118fb3454bceff6bcd814ad2b58f,0,0x0f94325dcc0e118fb3454bceff6bcd814ad2b58f
0x91ec5d0ff249eea56926502199ca77289bc8e754,0xbea75e45134eb9f767c8a1c0b94cd3ecc92d2bc6,0,0xbea75e45134eb9f767c8a1c0b94cd3ecc92d2bc6
0x02268e3b7ac1d374dc769b4ac7f6468520182d7a,0xc2089da2ffa30e70653e08e20bb0b9ca04ab4a66,0,0xc2089da2ffa30e70653e08e20bb0b9ca04ab4a66
0x12dd527137bcb2c0cc770d02480f829b1d89f2fa,0xe45b29a63462db1b86c0cfb1137c948fc360317c,0,0xe45b29a63462db1b86c0cfb1137c948fc360317c
0x5b7a27b5b6547453caa3076ea36d7c46476d0265,0xe830c0d6b74e1dc2767ea3b36f8eb359188b3d90,0,0xe830c0d6b74e1dc2767ea3b36f8eb359188b3d90
0x8de117b68db0a66b99b7c9319f79f9b44aef749d,0x86ded31e828594b3cc3c50258f6ccf082a46f693,0,0x86ded31e828594b3cc3c50258f6ccf082a46f693
0x98ca225769216ee2d8cbfead52718c35e65c36d4,0xb28ebdd23e18690f9365a7c4b1651ece7bdc13a8,0,0xb28ebdd23e18690f9365a7c4b1651ece7bdc13a8
0xecf85f60c76c786f82e2790b8ccd26817906728c,0x8e0f8df3b7641154ba469cb014d9f95933a23c37,0,0x8e0f8df3b7641154ba469cb014d9f95933a23c37
0x2aa9942b607f9ab96493ac4586371f6cc0a9136c,0x0b822575fedd5833f31116ceac83069a34ff9142,0,0x0b822575fedd5833f31116ceac83069a34ff9142
0xee2ff916b81a4b76d29f0a44c2c5ee2fbc68916e,0x1ca2007d4f2bc0ec2a56ecb890e56e05f36182df,1,0xda912a08c19b41e210704d477e424919c8e43129
0xdc8f28907cf7a4e32b8c18ea43a814a179ccdf74,0x612e2daddc89d91409e40f946f9f7cfe422e777e,1,0xb7bf6684445e554a0b16e14988fa0e8641a0484f
0x5deb046e3373e14ce8338283da21a1a20bc56282,0x612e2daddc89d91409e40f946f9f7cfe422e777e,1,0xdd30bc2d51596030d0e969670dd6037e61ce43c0
0x3597d40b7ca4617bfac2ed0b52755382ab9c9398,0x612e2daddc89d91409e40f946f9f7cfe422e777e,1,0x5d7f6b0ff242538e21a692c8b323d62b3131fe0e
0xabaea48cc5898725d8fcb0c135b288f171574a22,0x738be9573eaec7b5c3a90637eb191dd24c954618,0,0x738be9573eaec7b5c3a90637eb191dd24c954618
0x1cd2a9d968beb299169ca843ac2c1edf8d89327a,0xf6a19b8eb7bfe93eb5807146a1e4802b5f79b416,0,0xf6a19b8eb7bfe93eb5807146a1e4802b5f79b416
0x064449e2e13f95590f9d2830f4207b662d562e95,0xdad148546841885b78d52e36c5a26a71292b5a75,0,0xdad148546841885b78d52e36c5a26a71292b5a75
0x4cff3df0ce95b187235338ece4b1e6fc817c1af4,0xcb8ecb94f6c25af4fab696b91cbb0a1449b98f64,0,0xcb8ecb94f6c25af4fab696b91cbb0a1449b98f64
0xdba6944d6b06f6f83c99baaa4d4d8c30db3f9f41,0xf3dfc28f42f512b9c7426f618bcff0b9b4e16d7a,0,0xf3dfc28f42f512b9c7426f618bcff0b9b4e16d7a
0x30a93101f56614ed49da8dbf2ef821c9e2dca1ec,0x8e6b4e1e4182bcc7f0ffd9622c2ad2b22035a2a2,1,0x50944d08b70511db62292ce8294d1619eb5de927
0xe262e98b3095a0377bfe6e61a41e32407e5ccf06,0x19478179ef8bb7c4792a4041903080e097d137dd,1,0x3b1100874d4c4624f5287dd5bff4a452a241bb3c
0x3311371d64a285cafec845b1f50cd6e6437fb412,0x395312e3f0be772a82aecb72ef02aa5569037590,0,0x395312e3f0be772a82aecb72ef02aa5569037590
0x766edd602ce72fa5737a92e50d4a5e192b57aef4,0xc5325831462d809fbf532d71029fa3efe35cbcce,0,0xc5325831462d809fbf532d71029fa3efe35cbcce
0x609b429941cd2866a391daf6a4053aabfc4d5be3,0x612e2daddc89d91409e40f946f9f7cfe422e777e,1,0x732bb12525961f5853154deb9d0a4aacd2eb240f
0xf7ed919a46ed1e4a604720979ac58af310bf8ff1,0x612e2daddc89d91409e40f946f9f7cfe422e777e,1,0x368b0af25a072c67d807d1c7b713312591b0f64e
0xdf48fad6bef4e94aabc2d479c17b4788f5cf10d4,0x029d54f2a569bd15c148b841e24a3e7a78639511,0,0x029d54f2a569bd15c148b841e24a3e7a78639511
0xf0a24783710505afcf5c295d84117d3125daa00b,0x733cf2b788daf29b9095763c78bc0aa4147aceb7,1,0x316042d3beea63a5f6ffe6259c018381678efbe8
0x57d3a8ba46563c2cfdd1a4d08a2bddd27cd72837,0xb267bc3ed2a31cdf793fd85d0f5eb5baae6cd9a3,0,0xb267bc3ed2a31cdf793fd85d0f5eb5baae6cd9a3
0xc8795363dc102da1c5f6fffe6ddd8adb7861d7b2,0x7add64ef492083c74ac5e7420e020867361e14d9,0,0x7add64ef492083c74ac5e7420e020867361e14d9
0x189fe3fa69c3b2aa2468483e078e1c253e96630a,0x612e2daddc89d91409e40f946f9f7cfe422e777e,1,0x7ec8141b4dfe484748d5a5832e8f9034e159bded
0x9418b73b7ef424b53d3fbf47aedb61b4340e56f3,0x1ca2007d4f2bc0ec2a56ecb890e56e05f36182df,1,0x4f75ba286857f3721e30be5f0d4988acf9ee68ba
0x5e5a93a3dd204c94cbfcb467454a59f4a26bb29a,0xb09ebdb2964965a23c76dce93c88276bd51e2dde,1,0xf6c5862b5675408320c2c8ecd2d5ca211da73acf
0x8dfbee5338a012ce7746bde4428c9d9df87a6c5e,0xd1f7c7cef067262d4deba86cd05e5272851c4865,0,0xd1f7c7cef067262d4deba86cd05e5272851c4865
0xa493f81b586a302df41be2a41a3fe48c13714aa4,0x612e2daddc89d91409e40f946f9f7cfe422e777e,1,0x58692df64ee0aff5a2866e64864adc10cf9afc0f
0x2b8196e7bd983467b1d32b5bbe2d07e903e08a2f,0xaef3e8c8723d9c31863be8de54df2668ef7c4b89,1,0xd91c242b3037eb5548917a203d109504f5ff7d9a
0x92ed78b41537c902ad287608d8535bb6780a7618,0x02c845ac4bac48a6cd1e1c88a84195b7d5805b82,0,0x02c845ac4bac48a6cd1e1c88a84195b7d5805b82
0x443fe9ad654f270d89cb88c6cc8637f56466a3de,0x612e2daddc89d91409e40f946f9f7cfe422e777e,1,0x240e35747cad505fb50d344dcef3813d7e25ad8c
0xbe4d3b56424ce0d7d755b6e8264559c845117c44,0x7fd17ada30306df0ac390fb2f4f96032297750cc,0,0x7fd17ada30306df0ac390fb2f4f96032297750cc
0x000000de9d550595c9b6ecf346d99a9c963ce745,0x54f5a04417e29ff5d7141a6d33cb286f50d5d50e,1,0x000000002b95afa9d5af031b94f0d532f3e36d3c
0x1bbc60cd143c5233a3ddc478b27011fae6e19f01,0x1ca2007d4f2bc0ec2a56ecb890e56e05f36182df,1,0x4f89fb6893499c2ada917c2aa67405c201a48253
0xda6c71db2f068324936b0d8c0335f53cd5cf340b,0x000000f20032b9e171844b00ea507e11960bd94a,1,0xa2fd4df34843ab8ce168dddc3239867a83f3b6a9
0xc8f127078b8a2b08b72fb37304985eca11da53aa,0x000000f20032b9e171844b00ea507e11960bd94a,1,0xc5fd9e160c081ed73e8d9872cb080b7d31d82f2e
0x41a526d9769463911da3d7f4ae6a291bc99936b9,0x89cf4d19e8c35cd6ae6bb73543de95a846200b91,0,0x89cf4d19e8c35cd6ae6bb73543de95a846200b91
0x86b2926a0af3737f86c85526c15ffb7ef88a760b,0xb2019531de3bfda451668acfe40fb3aee59975b5,1,0xde2a4876d88bb0f37d5f6033f11db9b7fb6c5d14
0x047e293b59708c2d6cc30b99359b1f9012607768,0x000000f20032b9e171844b00ea507e11960bd94a,1,0xbaa501d9efe5f0b9f6fde8964093fffb43fa56e0
0xb123a1893a9650c86f3033fbcf2b8a970fed5547,0x612e2daddc89d91409e40f946f9f7cfe422e777e,1,0x2ebd1b9591f0473cf4a5042bfb0f1021caaedf0a
0x7e740c87900e9aa6961e5c5c49bf685709bed78c,0xc3168e773b7fceaae5bd92d345bdef5eb1ea3a4d,0,0xc3168e773b7fceaae5bd92d345bdef5eb1ea3a4d
0x6c4a77bb77ec31029df4616e3821f1393b1f72e8,0x612e2daddc89d91409e40f946f9f7cfe422e777e,1,0x7feac0b5037181c8aa461a070ea92e9437fb12dd
0x1e53bbac88477a779c211a91231e743f54b40ec9,0x000000f20032b9e171844b00ea507e11960bd94a,1,0xbeb82e72f032631e6b3ff0b5fa04acea1d6bc0eb
0x88079c85766a9410a03ef42b2042a84a6a6d256c,0x612e2daddc89d91409e40f946f9f7cfe422e777e,1,0x7ef372e299bad3f37b1a16b7ed09489d5371b57f
0xb92391af2c4d89b295695e0b95288dadec04fb4c,0x02a7a2eefca4718bf56d265361b11392f55947d6,0,0x02a7a2eefca4718bf56d265361b11392f55947d6
0xeeb9bda262527dba2e8cc2f63be96bb18d0738b3,0x612e2daddc89d91409e40f946f9f7cfe422e777e,1,0x1d9f904b457b0a413a01fc116bd0508c6924dce6
0xc684eb7dbe3e4a0723622ba7b0a20b7d9cf44d3a,0x3b612a5b49e025a6e4ba4ee4fb1ef46d13588059,1,0x0c1bb9e06cdcb4583d80b63f07abe513b0715ddd
0x3c330d19fbd8d83d9e54074676f5b622be6321e1,0x0e14fcedc3f1469b367aadaabf3aafeaba97ced1,0,0x0e14fcedc3f1469b367aadaabf3aafeaba97ced1
0x8d371a3df1a4fa4c0aaa8965c22be05a6b6b53f5,0x5dbc7b840baa9dabcbe9d2492e45d7244b54a2a0,1,0x7a3a08f41fa1a97e23783c04ff1095598ce0132c
0x76dd9222d310252cb3cf7bdfd777031f8d5036d1,0x5dbc7b840baa9dabcbe9d2492e45d7244b54a2a0,1,0x7a3a08f41fa1a97e23783c04ff1095598ce0132c
0x337adaf221bd58b26f67904c084c0636abf83d9f,0xfe7447e1a333af67ab81b2bb036b8635f74f2744,0,0xfe7447e1a333af67ab81b2bb036b8635f74f2744
0xe627938356cb7383b8819f2dd20114333e3842d2,0x33de1135ccd8d60b9d78ce4ce92229705ae9c6dd,0,0x33de1135ccd8d60b9d78ce4ce92229705ae9c6dd
0xf32f16fa909d688b101b4e2f588a3a956a2187d0,0x72a9e265c395f66a6a1a139dbe2e26943e9dc99a,0,0x72a9e265c395f66a6a1a139dbe2e26943e9dc99a
0xf738cf96f6163ca1a03703d9b9f3e84d06a9e4ef,0x3b612a5b49e025a6e4ba4ee4fb1ef46d13588059,1,0x41e12756498322b479f889af2b2f4b29a85d5605
0xaf0cee64f8a7eda1a9fa76d6ce4b548f43926b01,0x3b612a5b49e025a6e4ba4ee4fb1ef46d13588059,1,0x13ea679cac4cf4539a64cc186cac743e8aeb66e8
0xd46c8648f2ac4ce1a1aace620460fbd24f640853,0x79d922dd382e42a156bc0a354861cdbc4f09110d,1,0x868964fa49a6fd6e116fe82c8f4165904406f479
0x39508183ced59522f072293af4e485a1b9fc102b,0xf74b146ce44cc162b601dec3be331784db111dc1,1,0x12239fcdff8cd48c24661d3c4243ce33ceb2e273
0x3d79a3dd3f94be85562c09d8ba3d62ba9940d3ff,0x6d385de16657a7d73e70f9d4772f458b77bcafb8,0,0x6d385de16657a7d73e70f9d4772f458b77bcafb8
0xe3d59d95c88990c84c85ba3e04d23e8d8f4aaa24,0x3b612a5b49e025a6e4ba4ee4fb1ef46d13588059,1,0x120fc4453f576721f094d0ad2a8f15772bdaf8f9
0x10cdcb5a80e888ec9e9154439e86b911f684da7b,0x63a934da457e9d19cdc4a6016961b6d571944818,0,0x63a934da457e9d19cdc4a6016961b6d571944818
0x3bcdbcd8bb219f3fb6c56511a03bb99ec33d638f,0x8140a1611a1512624cdd4bc95e9e2f48bc063319,0,0x8140a1611a1512624cdd4bc95e9e2f48bc063319
0x313f0127f9aef59654604759c8008aa886a13ba6,0x3b612a5b49e025a6e4ba4ee4fb1ef46d13588059,1,0x2005897f832029af7fc8b7c0bc4033646810fea0
0xd25508dab0b8fa88e783ee065d8f78b10745dd21,0x3e9ed9dd46c5c5767f81d2d70dfacde8e0569d69,0,0x3e9ed9dd46c5c5767f81d2d70dfacde8e0569d69
0x2766695181db08aacc4051ce8023aad66b295f68,0x3b612a5b49e025a6e4ba4ee4fb1ef46d13588059,1,0xc18dc7d12fa7c05bef81f1af6ef773159779406c
0xf27d4f8a5837300c16c49f366e9200fc42b776d7,0xafec16e23116e53fdc93c9019bb58764dc802764,0,0xafec16e23116e53fdc93c9019bb58764dc802764
0xb3ed773a2b61b53a7a8da02eb0555b4126b874ff,0xfa1e3b383ce51310492056a038770cac39506124,0,0xfa1e3b383ce51310492056a038770cac39506124
0xe50765deb1429475b28f871571b9417e9fd0e542,0x894a89060a8c5f074e569dd20de52b00fa07d974,1,0xb4fbf2e2ba7afae1cbae4593eb2f4e571fddb226
0x0947a1c28c7c91128e37cb89538a82e2396a1e87,0xe79b93f8e22676774f2a8dad469175ebd00029fa,1,0x0932011cc69ac5b776a89c72d5ca15965b4dcf9d
0xaeda3b60156b92a2fd4dff3fdb382d545e66478f,0x76f948e5f13b9a84a81e5681df8682bbf524805e,1,0xa647a51a1af1ccae559f3ea0addbf2a42285a3b1
0xbfe8864afef8cdd840a01946eded6ce70dc2d1d6,0x612e2daddc89d91409e40f946f9f7cfe422e777e,1,0xa35b3f85dad1358407ee90fca0b9311fc18e6e4b
0x21c7045f9317e506b4eec9dab8ae5e72b2bad21d,0x612e2daddc89d91409e40f946f9f7cfe422e777e,1,0xeaff9922f7be8f4445668bcc02c4e4231311d0d9
0x8710ded04cad1a069617237c367a22db69cd474c,0x9af92609a2be5f33b4e65b8ef2c68b9448d6ae1b,0,0x9af92609a2be5f33b4e65b8ef2c68b9448d6ae1b
0xf4772f46eccdb9295c0a49e76e8c50b9ad290e15,0xcf208979b0a6075f8980a65aa06f0e52c85a7bbf,0,0xcf208979b0a6075f8980a65aa06f0e52c85a7bbf
0x54f001ce07114c819978c423a934d7f93c234d5e,0x76f948e5f13b9a84a81e5681df8682bbf524805e,1,0xb998e0830c027d51eb1b5f70793b411223f1d68f
0xbe4e262ff7a1a79653f36bb2aa0428bc551aa1f0,0x000000008924d42d98026c656545c3c1fb3ad31c,1,0x438dd59d6beca33029015e1fe19baf538916920e
0x1d25ea45a588d5565f76cc840ec2e0fee9aa0e78,0x00000000004688b867bb3d7d06bbc59319ad6e4b,1,0x151ce96dbcb5c5ed9e24b58038ed00deaeefbc8d
0x226fe6f18b7abfa90cc58980f504be18d0afe541,0x000000f20032b9e171844b00ea507e11960bd94a,1,0x00242cb5ce14bf6388c6511646876ca67f7c4b16
0xa00f2022315b0d7b6b690cf561a106227126befa,0x612e2daddc89d91409e40f946f9f7cfe422e777e,1,0x6d78b78fdfad5ced626117195c468f0132f3eb8f
0x61659859271b04d580237a62333602ac5777e28f,0x612e2daddc89d91409e40f946f9f7cfe422e777e,1,0x3dce2056e102f740b7d63c256a27d2f26f4a2c8e
0x4f970b55812183a93a9657bdb20d14ac26e9dae3,0x612e2daddc89d91409e40f946f9f7cfe422e777e,1,0x0bae74a4af8ad0652d0ed2d37a5d582609ef2458
0x5e5f190194d7e26011a703421b269014fa7728b8,0x000000f20032b9e171844b00ea507e11960bd94a,1,0x9e5ed313627c07037be2b2329cce2f31b2b5a399
0x2c715690ecc15d27bd0019c2dea55b58f982ad95,0x000000f20032b9e171844b00ea507e11960bd94a,1,0x5368a0505d624992aa62a1ec2d68a60d799c75ac
0x69249fc2a78cef92f29bed39bc3deea8300e213a,0x000000f20032b9e171844b00ea507e11960bd94a,1,0xc536588957ff7bfe2753d03d627bc9605192f200
0xca711983fefc92942e15c6a268d75d54fdf006ac,0x7354936bc7a72c8baf5a2f9262e70a52c427be4a,1,0xbd5406ff6464fa1c6053d34c9753941d197cdb2d
0xe90feb1c8930c66a432fe334cd8cf5e1d7796bcd,0x000000f20032b9e171844b00ea507e11960bd94a,1,0xc4b95b2a524fddb9c2da528edcdf44508f8a3bc1
0x20f8107d9d84006cfef297a0983ddc928ad576f6,0x612e2daddc89d91409e40f946f9f7cfe422e777e,1,0xae8f2dbd68838aa3f0893df54465dd9b65c94411
0x236672ed575e1e479b8e101aeeb920f32361f6f9,0x98f71381b77810b2f3accd3125a7baeceeb9105f,0,0x98f71381b77810b2f3accd3125a7baeceeb9105f
0xc71a726d390bf02b4af8920c0820970310d0f367,0xb41e32e17427ce187c3279ea5bef09eb70c6a0ff,0,0xb41e32e17427ce187c3279ea5bef09eb70c6a0ff
0x1febcd663f11e2654f3f02f261bee477eeff73cd,0x5927b9c6dde237639bc45c08455fa8f6f1072aa0,0,0x5927b9c6dde237639bc45c08455fa8f6f1072aa0
0x87ba7eeb098d25052f4e5299e2880e97285e344f,0x0936d3da04c98e320a967724a391eb436c255075,0,0x0936d3da04c98e320a967724a391eb436c255075
0x8c259d23a0e02afb8ef439b1c992e2ff9820eb50,0xd162d1a8aa3b31ab5c63c0b290b63ae4709ffd57,0,0xd162d1a8aa3b31ab5c63c0b290b63ae4709ffd57
0x4117417a2eba58766501a1968e2cc1321d50f698,0x79d922dd382e42a156bc0a354861cdbc4f09110d,1,0x868964fa49a6fd6e116fe82c8f4165904406f479
0xb872350b9bb3f951c9035fce728b784297e94ab6,0xc852ac7aae4b0f0a0deb9e8a391eba2047d80026,1,0xeadb3d065f8d15cc05e92594523516ad36d1c834
0x399043d9ca132ec432f269ac4ac65f6dd337b5d7,0x612e2daddc89d91409e40f946f9f7cfe422e777e,1,0x0d46780cfbccae5c959ee0fa93755bd02e30a1be
0xbe261a83f5a50154e22bf1f717e92929c5fb2b50,0xcde2aa916f7c528f2c4f106dc85ad08d6ea23c81,0,0xcde2aa916f7c528f2c4f106dc85ad08d6ea23c81
0xff74698a258c7b29f0c5afb578e53e560c5012b9,0x2c7e9c9c48917a0386ab20791cdfa698b0bc976b,0,0x2c7e9c9c48917a0386ab20791cdfa698b0bc976b
0x8149ecc70e4e6fb24871d88a77965db4d68fc4e4,0x2250e5e3ab7c9c005c919b4fdb5b9c80e611d275,0,0x2250e5e3ab7c9c005c919b4fdb5b9c80e611d275
0x6dcd514e73653fdb8dc46b6e77538bb3069a7e0f,0xbf9bca75b5a8c458dd73285b04b894e93efdf432,0,0xbf9bca75b5a8c458dd73285b04b894e93efdf432
0xdb226cfc36f439b9c971be85e5507b9d6a8dd984,0x612e2daddc89d91409e40f946f9f7cfe422e777e,1,0x65a92e44d58ed6e4049e157f1d99bee98bf595f7
0x32c35706bf095ed7b7a1de7659bfdab224d92e94,0xa71d3c1947168b05cfb8fe0e9143b49bfbbccbb7,0,0xa71d3c1947168b05cfb8fe0e9143b49bfbbccbb7
0x5c3bd369b07ac5f3569e73f3b890afe05b8814d4,0x11027c71a31f0eb416c6a1067c43a61f45574468,0,0x11027c71a31f0eb416c6a1067c43a61f45574468
0xa34b5a3345db8a6f09d5e3014f19e824b6ba4061,0x04ab2090d3aa89f7804794e3822dda7a3d46af33,0,0x04ab2090d3aa89f7804794e3822dda7a3d46af33
0x85b42f6af6b7bc21a5330c126e978ab4f25e1229,0xf739b48e89ed4b7c2398cc4e2dcd54479b7bea50,0,0xf739b48e89ed4b7c2398cc4e2dcd54479b7bea50
0x417c0bc1ed337d9f8161e0aed17b2711e44e10bf,0x077aca87f8ce2c3e7e1774e3ce4ff76939900cb0,0,0x077aca87f8ce2c3e7e1774e3ce4ff76939900cb0
0xf35c020776b326cc7bd31407eb36ea294ff981fb,0xc839de0fed241607d50aa4107ae582443b906e4c,0,0xc839de0fed241607d50aa4107ae582443b906e4c
0x307698c2b09bc0c414607432fbbe509c108c63e4,0x841e54526835b674392e2b8f0ec19be0577add87,0,0x841e54526835b674392e2b8f0ec19be0577add87
0x8d114a88c2e27bc6578f35821fa187d2e3ae63d4,0xbbb2d0dd7d29e33ee3de1a9fad718f18e5e62d04,0,0xbbb2d0dd7d29e33ee3de1a9fad718f18e5e62d04
0x1f69b57930ff7e4d06d2979c92097ef785438959,0x612e2daddc89d91409e40f946f9f7cfe422e777e,1,0x66e3255347253e0a887b5d4d0a2f03f08f3da2ab
0x4a3e49f77a2a5b60682a2d6b8899c7c5211eb646,0x5ed8910aab643b818006d83213b245e8e81037d9,0,0x5ed8910aab643b818006d83213b245e8e81037d9
0xcaa6cd692aa9f0e3aa0e23e64fb1317b7cecc591,0x2e2b5559f0fd6f7d15b0d7ab985e883e5d454b0c,0,0x2e2b5559f0fd6f7d15b0d7ab985e883e5d454b0c
0xf1938295912ea6dd0679b29ea89a36d233c4b2ed,0x0020001e43009b009ed2008100bb0cee00243400,0,0x0020001e43009b009ed2008100bb0cee00243400
0x32189de3f51121558db8ba5bfad26bb3e6eb9f8a,0x3aec3113a09627af7c9039954d8592ff0bc20c25,1,0x22a15393ec07b9cb2e80334f085a00b4769c71df
0x7174e29fb592e5b244ee4e8996edb92ed88573b1,0x96fd1615072fcb7d4c356f9256cda2e89b4d3131,0,0x96fd1615072fcb7d4c356f9256cda2e89b4d3131
0x0dd31fcab65124087c70bff24c34ae69bc66fa4b,0x612e2daddc89d91409e40f946f9f7cfe422e777e,1,0x7edf4a7be2d8d2c751036d871a73c98eeedd9135
0x2ed6a69c14ffb02263d8480050d6dad9699edb4e,0x612e2daddc89d91409e40f946f9f7cfe422e777e,1,0x4f5d19dca492efd27a9b16314ad259139352cacb
0x7057fdeaffcca1cd436d5028efa01c3b88ad0baa,0xd8fbafab62a12a5aee142c67babe4f28c3907f88,0,0xd8fbafab62a12a5aee142c67babe4f28c3907f88
0x82f094314407bcfff873603ee019efe9ef94e345,0xf74b146ce44cc162b601dec3be331784db111dc1,1,0x029559467c12ac8173c387da6e4c66e4a6c8af61
0x7ceb80e60d0b3f1e90b170b340d94f7a3ce89283,0x019d79e9794cfadeb0786d8808e42364b76d31a2,0,0x019d79e9794cfadeb0786d8808e42364b76d31a2
0xe8db55836aa461a5e0db7669889a5d4bdea84097,0x834d34207cbaa3cb6a65e9af6e7e8f328ec0df22,0,0x834d34207cbaa3cb6a65e9af6e7e8f328ec0df22
0x6647846fb982f037156f98b8479a93dd4822bebb,0xa6c5f2de915240270dac655152c3f6a91748cb85,1,0xa4f55e174581049ea4ad282f8e43c3b3b0fe3666
0x9df6aa0c24a63675c5c0e1f6bb2cf593acf52ec4,0x7354936bc7a72c8baf5a2f9262e70a52c427be4a,1,0x4c01495c14f9a4f3b800d2c8f7d2fb701878b406
0x3e5a260c4184ececb55b47b7962d572b1b094fbb,0x4adf0dbc8bb29a61be114c22879202a76790c9d9,0,0x4adf0dbc8bb29a61be114c22879202a76790c9d9
0xe3e1eac91d60ae787e9472333ed358fa9efd760f,0x17d68761a8e62e7acc067bc06cf7f4dd9c437220,0,0x17d68761a8e62e7acc067bc06cf7f4dd9c437220
0x6593507de3c619efe552cf925538ec22bc69aae7,0x733cf2b788daf29b9095763c78bc0aa4147aceb7,1,0xd689e0422e511c58e58fd56582dd6a1de2f3bde9
0x01300f58c6bb3a756640705464797882aeec62fd,0x5ac1703e7538d8a7e381e0cff514836b192559ae,0,0x5ac1703e7538d8a7e381e0cff514836b192559ae
0x022d4e2a0d64e62792fb0326121011ae9bd908a8,0x612e2daddc89d91409e40f946f9f7cfe422e777e,1,0x36ccd06409af10c557642836e490778b1a001c95
0xf977fb7ec33f7b22a40cf32d9712694f5a782688,0x19478179ef8bb7c4792a4041903080e097d137dd,1,0x7b706dd113c319eccc7e24baaa5a98b3650342cf
0x84ba857ac91670bdc4191d0260ca6c556a4c81e8,0x1ca2007d4f2bc0ec2a56ecb890e56e05f36182df,1,0xb0d08ea78d4aa351d31e35e7c1a500570fad554b
0x26609575f437cfccd7605ac414f6f618ae0788c3,0xcb8ecb94f6c25af4fab696b91cbb0a1449b98f64,0,0xcb8ecb94f6c25af4fab696b91cbb0a1449b98f64
0xf82d33559bb4b4469b80bd3601fa898086ad827a,0x495d4e2b3c7028aa592cd2f6781b008da60c1a07,0,0x495d4e2b3c7028aa592cd2f6781b008da60c1a07
0x30992007c70d437b61e89d245101d2c27754290e,0x612e2daddc89d91409e40f946f9f7cfe422e777e,1,0xc96321e6b097baccc822e97c24e25ae97c44ee5f
0x620b8931ea8ca993dae63a16d105e69ec2d4836a,0xa992afc09846a822c749d775735e7abe9383801a,0,0xa992afc09846a822c749d775735e7abe9383801a
0x4e865a836397bf42f7f1d715ae0bfb3493addf33,0x661f7b5a3266c441442a84ceef63055274590ede,0,0x661f7b5a3266c441442a84ceef63055274590ede
0xbfa29404036ecf468ea137dd1ada69cb975a1505,0xa12db9f88f096f527fbe87a752c6ec16d501a25f,0,0xa12db9f88f096f527fbe87a752c6ec16d501a25f
0xac9b1ca686c8101a5d2ccde427abb2091e603e6b,0x000000f20032b9e171844b00ea507e11960bd94a,1,0xff17819a8ad8912bf09cf78faa68c5cae08942d8
0x06ff95a031d92ef152128af8819fb941e7c3b814,0xf74b146ce44cc162b601dec3be331784db111dc1,1,0x8fdffb66b1680d26161c7a5d6154b26d422515c6
0x3d97271c73846f6ec408d05360aaabbcfe46c2e5,0xd921abe39a09a9e442763a756154f46693639c07,0,0xd921abe39a09a9e442763a756154f46693639c07
0xf41b697dd09bbba35dcce5207714e5b7a7da5821,0x78086ad810f8f99a0b6c92a9a6c8857d3c665622,0,0x78086ad810f8f99a0b6c92a9a6c8857d3c665622
0xc452d9f3cde2a1391fdfeef216a0388929897d54,0x000000008924d42d98026c656545c3c1fb3ad31c,1,0xfc330043d5aedbc0ec2cfcc722199b565c3681cc
0xc93164050b150140d70172ae1b1e279e0febad58,0xa38616f2b29ddb1370e5db7c43d09d9de76ae00e,0,0xa38616f2b29ddb1370e5db7c43d09d9de76ae00e
0xf777a0f147a63d45ce3c6e5fd330153c1a3f4a6c,0x000000f20032b9e171844b00ea507e11960bd94a,1,0x38af7644b120b56e2fece98b8a9a3de14f8fbf1d
0xd7ade129b8ecb19cbe3cb0776f7c148630e59c37,0xe3be356a8b27eb199e53a251e1a84ddad0ead9b7,0,0xe3be356a8b27eb199e53a251e1a84ddad0ead9b7
0x70738c3c628256ab969ffaf25b01580419af938f,0x7354936bc7a72c8baf5a2f9262e70a52c427be4a,1,0x15a9cc72ec6dfa64ca277efcdb4041e423342808
0xb344b936f66c04612643006d2195bc6269f0f056,0xa59fc43eee1f6335822409c6f1691096e77cf819,0,0xa59fc43eee1f6335822409c6f1691096e77cf819
0x35f211459cd609c21ac9c1968313731915261b09,0xdde2e1aa38442089bdb28be76009f42c65df45db,0,0xdde2e1aa38442089bdb28be76009f42c65df45db
0x2f23357ce83cb17c5b0f78ccd18330858bc3ca6f,0x00058e802800f23319e166bc3fa0003d5ab6a055,0,0x00058e802800f23319e166bc3fa0003d5ab6a055
0xa15609fb585df9b55819d850b530d8e92a93d48d,0x2117bf88b4cb0186eaa87500a045fc998290e42a,0,0x2117bf88b4cb0186eaa87500a045fc998290e42a
0xb119ddab6bab37511061db1a67d38a3f809369df,0x612e2daddc89d91409e40f946f9f7cfe422e777e,1,0x41b3c6952298b27b942e5c25cdc0d9d9763bcb80
0x14efb0a95a7ce6160caae5f31ebdc809ff1f8429,0x19478179ef8bb7c4792a4041903080e097d137dd,1,0x73a1033ed282066d568fdcae7ed54d840092957b
0x3b512e4c12339bdcae959e39d89cecf21ec9ca33,0x000000f20032b9e171844b00ea507e11960bd94a,1,0x6b415f4bfda75b1b2ad8db575c657170cb6db47a
0x8cd3f11de3d6a721f4ac23902643f7cb3181e52a,0x000000f20032b9e171844b00ea507e11960bd94a,1,0x174c3cb7925b71c28c2aef10448a2f73bfb68524
0x48fc2b89e78eca7be9e265ff5f2ed50dcb314c2c,0x3f4f2609bad184b1412a382800b8a5cd5c0648dd,0,0x3f4f2609bad184b1412a382800b8a5cd5c0648dd
0x9d413b9434c20c73f509505f7fbc6fc591bbf04a,0xaf2ce0962d1a4b1aab10f7faa62bbbca40a8ea53,0,0xaf2ce0962d1a4b1aab10f7faa62bbbca40a8ea53
0x04444486d1724738c3c02d98e6b20a56bb90815d,0x3b612a5b49e025a6e4ba4ee4fb1ef46d13588059,1,0x9f8794197be68c51819deb857867550b51676bac
0x14d855e2b5ab19ec17508d7b1e20e94401e98fcc,0xc691ac712df9ddf5ae49dfe7bf82c291b59d9af4,0,0xc691ac712df9ddf5ae49dfe7bf82c291b59d9af4
0x0b5c2cd622645a28f1713fd59f067e86b195da7d,0xb863a03a34e2fdb2fbe2b4d5c969c9834aae3ac9,0,0xb863a03a34e2fdb2fbe2b4d5c969c9834aae3ac9
0xfba22fab768d15fbb7fe36f07475c1ceb58feb19,0x3b612a5b49e025a6e4ba4ee4fb1ef46d13588059,1,0x7749b3a907e07598313320a7aa571a960b744cbd
0xf0cb6682b2ba85b7d4acdd93c052118469c7020b,0xf1329f494baca5eac3e401b6a6a7330560a7486e,0,0xf1329f494baca5eac3e401b6a6a7330560a7486e
0x8267983de889a7ca980bf53ccddc1288b10d825a,0x3b612a5b49e025a6e4ba4ee4fb1ef46d13588059,1,0xaa060b1cdde1e12b090c1d73cb2cde3fe5354aff
0x33e88d3ff8c2927e1f875f64794d3430ec02098c,0x3b612a5b49e025a6e4ba4ee4fb1ef46d13588059,1,0x86892c34f67dd88af5620fe57f93d4df36bb2a6a
0x715af60ec1c3c65e294c7d8ef340f14e754c66bb,0x179f3152df9fab888b92bf998c228fb8766efba6,0,0x179f3152df9fab888b92bf998c228fb8766efba6
0xfc042d73f4c0c3717545044039ea78e3ca1e253a,0x3b612a5b49e025a6e4ba4ee4fb1ef46d13588059,1,0x2115f8ebc87ed944b6b3737034dee4c6d652b118
0x49d2599048d308337b9cf88182fe8e8e0aa14187,0x3b612a5b49e025a6e4ba4ee4fb1ef46d13588059,1,0xa1be903256a247d23a67c5f748b23c27d3346de5
0x4c0cd93d27e41ea6eafb57b2e59156c44da57baa,0x3b612a5b49e025a6e4ba4ee4fb1ef46d13588059,1,0x2250e5e3ab7c9c005c919b4fdb5b9c80e611d275
0xcd65a2bd85fca380ab28c25ebd5183d1451cd5be,0xff06e0b98e500c396884803d4a0c35511bd22c29,0,0xff06e0b98e500c396884803d4a0c35511bd22c29
0x0c6b2adab1d310bcdc5caa1383e275ee5e63300c,0x612e2daddc89d91409e40f946f9f7cfe422e777e,1,0x73645b4e82c9cdb3abce617b75b6d0af566731ee
0xe8e738d7b47ff9829a81fe48a53c5a11f31d2d77,0x000000f20032b9e171844b00ea507e11960bd94a,1,0xe93a35894541fd9a4ad1ff317cfaef6d269242d7
0x8b79636e8d766e133f8572c1e12142d5eb482f6b,0x76ba235127e872dec7dd8c847fe40dfc56042611,0,0x76ba235127e872dec7dd8c847fe40dfc56042611
0xf680e8ff6d389b3101f97d328629efb2731ecdea,0x000000f20032b9e171844b00ea507e11960bd94a,1,0xff7249cb0df3cd41e3aaef5ecf8ac9e54fd53879
0xa2558747c64af5db5ce337ba1676166ef2d0f911,0xb4ea9a0c1edd5c41585cd3715a1269b9dd3105a5,1,0xcddf288bc7bfb0c96fd35d5948e780151bf50724
0x5f2a9ef2b70b8e3c6c3e34402f22fe088592c480,0x000000f20032b9e171844b00ea507e11960bd94a,1,0xd0f4ddfec0ec2740d06af207f74a7911e205badb
0xbe3a930e8c9deea1dae40a192fd221cc65aed4e6,0x4a21ed09505ea485ce74d1f7a55429b9c054b8d0,0,0x4a21ed09505ea485ce74d1f7a55429b9c054b8d0
0x9a52308590dfe4f09955e99dd8a7388c2d838213,0x7354936bc7a72c8baf5a2f9262e70a52c427be4a,1,0x2ad4510f4febc4386e9732d79e08c4a15d5e1758
0x1dbdaaa8202c25dcc8c97b028eadbb10c8468265,0x000000f20032b9e171844b00ea507e11960bd94a,1,0x6d78b78fdfad5ced626117195c468f0132f3eb8f
0xf2faaab9b0e92f643328e8c98fe1277bae2d9a34,0x1ed826b8d24570db1a991c3e170177dcd1459a2d,1,0x5b385b421b6a05ac5135e3d3da286ccc23488849
0xbe7979b62c46d1a2e03f3934799a5fd62b94925a,0x733cf2b788daf29b9095763c78bc0aa4147aceb7,1,0xe5b857a20b1ab55846179dcea0bea5f53d101b88
0xba1216aed59c9568b380530add2249a725941f62,0x000000f20032b9e171844b00ea507e11960bd94a,1,0x387f302cdebd19aea3950835970f64aabbc0bbb7
0x42b154805105789b353f6ce6454d40568877539e,0x000000f20032b9e171844b00ea507e11960bd94a,1,0xdfc357e6fea8c9e715f8e9359dc87e0a532b9306
0x9ba23658991c671fb468438b1f526739b74ad4ef,0x2c325156416cc7b701151dafb6d4c0bdf0d398f0,1,0xe1b8a38e447d17422f630b34dafdf7b633c455b4
0x1d03ba07979460fd52e0c7a3183e6036adcb76c9,0x000000f20032b9e171844b00ea507e11960bd94a,1,0x6af2b61fd8bc28d209be6d2e9f9558839f00de86
0x93a6fb081c66e15bef4b3d637757137620e17ebb,0x000000f20032b9e171844b00ea507e11960bd94a,1,0x26bb07034ad97df94e1b84c73f9adc76ee4e229c
0x6d0088a17c7c34987c58082276f577efaffd027b,0x12fb6a37d42e178c53c9958ddbce741cc758f5f7,0,0x12fb6a37d42e178c53c9958ddbce741cc758f5f7
0x9f45605f8a728cd460c5de081d814fbaf54abd60,0x612e2daddc89d91409e40f946f9f7cfe422e777e,1,0x431bd0d1f3180710123e11d84407df7e0d59dffc
0xdf8c80a67316f0a6d91ee671dd0ca790625bd752,0x000000f20032b9e171844b00ea507e11960bd94a,1,0x12dafee816e241bf66b9a5e62b96a40901694718
0x4fbe2ac52de60b3a43fbfad9e86f4cc81fd8e842,0x000000f20032b9e171844b00ea507e11960bd94a,1,0x0d60d6ac4c48c16dbcf2a978ebf1a0d995099072
0x3d44888675ca35e699583d1a445cc9342c829497,0x72ae961f39c9f9cf06e152adde2335b6c381e20b,0,0x72ae961f39c9f9cf06e152adde2335b6c381e20b
0x913e498b965b266c50b5e4006e63588672355c65,0xd3678aad0c996231d6ed910148302598f6d80fe4,0,0xd3678aad0c996231d6ed910148302598f6d80fe4
0xfd069a9ce733017b51719b76ac99e64730c62592,0x000000f20032b9e171844b00ea507e11960bd94a,1,0xa910fd81124768248e7084c429ef984b1733d3e0
0xc8d2dd609bde936a5be5381b60cb9e6e690f2c18,0x000000f20032b9e171844b00ea507e11960bd94a,1,0x1ee4e03e3d8488fc9284c925dd19c1809a8dfbe6
0x0df267c2a2d2a35202e495ade5552e832e7b9337,0x735ee7123383996168db3accd40abe3297f900c4,0,0x735ee7123383996168db3accd40abe3297f900c4
0x004fd80a5a9fdfd7ba07e6a5682076f2141d5cb7,0x000000f20032b9e171844b00ea507e11960bd94a,1,0x80fc183ef2e163e1abb72f9ea283fd25f56fdff8
0x4b2090ece0635a8ec470e130441ca2436378a872,0x000000f20032b9e171844b00ea507e11960bd94a,1,0xbc49e8cd8942926e4d51d6dd85ef0fdf5d03ac23
0x800a34970997037935cb82a98e7e0ac4fa47b4f2,0x000000f20032b9e171844b00ea507e11960bd94a,1,0x77aa0f3a24efcf7a27b4facefd764919257f41b5
0xdd0fa4e6cb5d1cc55ca0f4935ab5eaec4d39afc2,0x64756651bea4688a6e9f6fe552c84ec78a0b5134,0,0x64756651bea4688a6e9f6fe552c84ec78a0b5134
0x3106f27a511a4153f6629d12ca6fceaefc2ae793,0x612e2daddc89d91409e40f946f9f7cfe422e777e,1,0x313248649cd7f40a8911e275fd9155d9d5d37750
0x927e02acef8545b5943534b21d88c3e5fe7dfdad,0x000000f20032b9e171844b00ea507e11960bd94a,1,0x030d32b0bf51b69124ec0f7ad532ba10105a6272
0x3d3dd523e547ec151c1ee90435efe890109f1d03,0x76f948e5f13b9a84a81e5681df8682bbf524805e,1,0xdc33ae8ccdabca6bb560f383405ad0cfb3bcc29a
0x574d7bd5130d0b6c105d8b480a3674faa9261b12,0x612e2daddc89d91409e40f946f9f7cfe422e777e,1,0xb913858b56ace654a2a4fc7cdbf3e6f99e8d2faa
0x046d2e7983105981071e9bb8345d75a598ef3a65,0x76f948e5f13b9a84a81e5681df8682bbf524805e,1,0xb998e0830c027d51eb1b5f70793b411223f1d68f
0xd7b26749ccf89edd87ddd427d69406b66d83d913,0x941c824bc80770251ee8529d7b0009943664027d,0,0x941c824bc80770251ee8529d7b0009943664027d
0x8769dbd9dd4b081d146bd61ac0b1f0cdf10f91b0,0x612e2daddc89d91409e40f946f9f7cfe422e777e,1,0x8b6e81884f7dfc38e0eae0b2b7237b399a9b2a34
0x677cb8fed2fb5da32987ef24dc478089b61bd4cb,0x000000f20032b9e171844b00ea507e11960bd94a,1,0x9253d0501f0095207a25c6ded5d40e980ae740fa
0x7c770595a2be9a87cf49b35ea9bc534f1a59552d,0x58bd2e164d119e48a9b07ceeca1c3d1a83e55d9b,0,0x58bd2e164d119e48a9b07ceeca1c3d1a83e55d9b
0x36d02dcd463dfd71e4a07d8aa946742da94e8d3a,0xab2864a765a8e083171cb598e94fc81c9a0c4997,0,0xab2864a765a8e083171cb598e94fc81c9a0c4997
0xa74ba02bb4ce2af66ed0aceba2925cb0bf837993,0x37720bf7327136fad719aee4b5cea699c30c1d23,0,0x37720bf7327136fad719aee4b5cea699c30c1d23
0x72b3b26848a30d3d76e5b67959a365b6ad388c49,0xa9a5e68eb5756d86fa4e011ae99ccd8514c2fbc4,0,0xa9a5e68eb5756d86fa4e011ae99ccd8514c2fbc4
0xe73ece5988fff33a012cea8bb6fd5b27679fc481,0x214a4bc7c7843918ddbef45ee47ebed1688b0ff2,0,0x214a4bc7c7843918ddbef45ee47ebed1688b0ff2
0xa28058e7e111767b7221585af87987f1d4c1760d,0x3b612a5b49e025a6e4ba4ee4fb1ef46d13588059,1,0x9d2e60871ea29722ea70fd7fe3a60164498089f4
0x8b117772f006284f7fd628d39df92606bac13dd4,0x5dbc7b840baa9dabcbe9d2492e45d7244b54a2a0,1,0x5e7d0d9cca8018c4a71d7a01c303a30f36a116a7
0xaccc08965a2c3b7b31a1381bd92c80db1bb4b4d9,0xa49c0d9a786e659a0557281b4fa72cf8cf08f6cf,1,0xfbc3b76a206f03f1edbf411f280444cd3fd9c7c8
0x992e88d695c05c08f970a153b9b95b2bd9310987,0x5db71204c7d9a9a23359676ae159ed28d2ff4523,0,0x5db71204c7d9a9a23359676ae159ed28d2ff4523
0x10b712f8c8419b84394368af356c63eff5661c63,0x5fc13c5a541041f8fa12fab492d064435eb8d2f5,0,0x5fc13c5a541041f8fa12fab492d064435eb8d2f5
0x510ff3593311f8c11bac1aa49053b09f4fc1266e,0x612e2daddc89d91409e40f946f9f7cfe422e777e,1,0x931882311bb530d90accf437e4d1d2a1eded2a64
0xb7ded2a059f5852bb2c3ecc7fb512ac1a88af73f,0x612e2daddc89d91409e40f946f9f7cfe422e777e,1,0xfc126db15dcb6ed254a4090d896ebd6b04b21f7c
0xf885b583d36c38487992bddda96312b45516a430,0x0f7b881d71ef1996d090b5e59a4645d3e35a002d,0,0x0f7b881d71ef1996d090b5e59a4645d3e35a002d
0xdf32609e0fbfc9d3e62123de07e2fc2ca8ab5681,0xf92869c6d558dc36f6f22719624513dca0200caa,0,0xf92869c6d558dc36f6f22719624513dca0200caa
0x76b2977dbb5d56572d0c34079978e913f22a2d53,0x612e2daddc89d91409e40f946f9f7cfe422e777e,1,0x7db36ec0251930c590cf239dc55c9946988fb0a7
0xeed41d06ae195ca8f5cacace4cd691ee75f0683f,0xbc6f2648643f0d4595cc60210792158055432776,0,0xbc6f2648643f0d4595cc60210792158055432776
0xadab80cccc70748403a8ad0b365edc80eb699400,0x7edac4f0251a484a28f757d8f6e83783a1f38285,0,0x7edac4f0251a484a28f757d8f6e83783a1f38285
0x298dc446457897374d24f3b1f21d6bbfdd6487f0,0xda72cf4472b874f51166398e1f2ab2c8094d6608,0,0xda72cf4472b874f51166398e1f2ab2c8094d6608
0x7f45c6d31b9415e64a9a1987cf21355096e434c3,0x9a4759742281dbdc1a253af18e1c34bf59f3dce5,0,0x9a4759742281dbdc1a253af18e1c34bf59f3dce5
0xd9379d88d206721342ed5edc09c74215e97aa660,0x612e2daddc89d91409e40f946f9f7cfe422e777e,1,0xda2d8a5d58e0e25fa9e07138ce27fc76d32291b2
0xee06d1eb614003f081f2a98f5e6a8135eba99af3,0xa945f46ca376b18fb34d809ef4f21f9b58ae4c50,1,0x1c0aa8ccd568d90d61659f060d1bfb1e6f855a20
0xb7def63a9040ad5dc431aff79045617922f4023a,0xed9198181bbd4e09ff320fa11ae062e140be0c4e,0,0xed9198181bbd4e09ff320fa11ae062e140be0c4e
0x46b96e2d84cd2467b8b0b9e9baf94c259ddbe414,0x903b5fce0376898d61cc87bebbecc58c441dc15c,0,0x903b5fce0376898d61cc87bebbecc58c441dc15c
0x9dbc07f98bbe292d50b4c7e94547ffc070b1805d,0x24a0435dd391a6962d8d99ce19f51f2b540412b5,0,0x24a0435dd391a6962d8d99ce19f51f2b540412b5
0x2761692c02b85c03b21663ee05c889ea85e64398,0x612e2daddc89d91409e40f946f9f7cfe422e777e,1,0xd273467a0dc1e8332c396c62ae2a6b8429d3777c
0xaa96ae4bf9aee08348ad54561ec0767a4cdd3199,0x5c4feb05423fad90332c11a4bcd06588d17217b4,0,0x5c4feb05423fad90332c11a4bcd06588d17217b4
0xdb6d52394df796686283705ebc95705d87f0b818,0x79336089d91cd17a875adf63c66def70f5eb7e8c,0,0x79336089d91cd17a875adf63c66def70f5eb7e8c
0xb96f56399126a92529779a4e86e25e14c2fe6170,0x321ed5739440bdbd731d54a19aa20b18398d374f,0,0x321ed5739440bdbd731d54a19aa20b18398d374f
0xbff84640bf0e554202f1961de12f81a424cb127f,0x1c3512e08c1b18bfd41311a06b0977a3f8259140,0,0x1c3512e08c1b18bfd41311a06b0977a3f8259140
0x3ab6009948cbfbe145f5363fd864351cabed50d5,0xca31e53aa808fe22bf0a0100d6b2fe5e12250cac,0,0xca31e53aa808fe22bf0a0100d6b2fe5e12250cac
0xd9974d0e7ddef58129c24f83d4fe2818bc4c2287,0x612e2daddc89d91409e40f946f9f7cfe422e777e,1,0x1051ccff0b1ee58fbc934728e0aff76e18606e82
0xd14ffcf35d742cc2a732c5a070b4e28db6b7ef7d,0x9edd3a72601ed79552a806e6a7764789495fbb16,0,0x9edd3a72601ed79552a806e6a7764789495fbb16
0x1f1c3b35d5ca0cb41d266789354676514883c4cf,0x612e2daddc89d91409e40f946f9f7cfe422e777e,1,0x9acd371dbf0ad1387d77feb2f5deb7b67b64a3ce
0x906edd377de1e7797618f9443a862a7eb39c325b,0x612e2daddc89d91409e40f946f9f7cfe422e777e,1,0x8d5db65a41649423e31c2f9aad8e186f6475b48a
0xb44adddbf9b19bcdd12f978df8b36723488b9b8b,0x5631429423c0dc265086d88229761e5905b94cdc,0,0x5631429423c0dc265086d88229761e5905b94cdc
0xcb2aa7f7da9fe0b29dcd9b839954d973119aaa88,0xaf2f88d6cfec6fa67562b91b9e0131cd6362eb71,0,0xaf2f88d6cfec6fa67562b91b9e0131cd6362eb71
0x87acbae864ad161da412051feae868ff39a85d8d,0x5007fab32a2545d309e99f6da5b65c9cde55c900,0,0x5007fab32a2545d309e99f6da5b65c9cde55c900
0xe45c214b42265b2cd3a0d75fa1b69fc451ae47d8,0xa0e9f6eb552e62ccd6593029fae92d114c1f1560,0,0xa0e9f6eb552e62ccd6593029fae92d114c1f1560
0x033c05a52b67c465ca1d6fa5c59f60b7b775615f,0x62d7dca637e12c89a09fe39ee8c459f130928864,0,0x62d7dca637e12c89a09fe39ee8c459f130928864
0x17ee181f59b1489e89fa1e7af4eb1d742bad0a87,0x612e2daddc89d91409e40f946f9f7cfe422e777e,1,0x056af233c0a208d9882da504ecf1a59634a68408
0xfb593ec39870458833f7663509042bd26a5a9a0f,0x775ecef1c70ed299e37006f6820d6252b0e90bd6,1,0xa4e2d47615baae90f061b486d809a189e0cec1df
0x03739b971be62a4c5fa6a75edf4a9a7cccf452a9,0xea968e6ac95a95c68bf66decc803a1b2848cdc4a,1,0x11dd935d65dbc8425e8ba1d9ce4d85e8e6000737
0xc8cf86f01f852f925317a85cdb6e4e7020717993,0xaef3e8c8723d9c31863be8de54df2668ef7c4b89,1,0x1f1228c858cb8c842333b697e3285b53f3ae2548
0xc663f05b77001ba31d6ffe554286d90b05d37f77,0xf80e70004b49989544331060c9f263e496ce37e7,0,0xf80e70004b49989544331060c9f263e496ce37e7
0x808e5cd160d8819ca24c2053037049eb611d0542,0xc52351897e3295286ce38775e3741fb81bee928d,0,0xc52351897e3295286ce38775e3741fb81bee928d
0x68d0f6d1d99bb830e17ffaa8adb5bbed9d6eec2e,0x32220f07dbcd18149f619f28cd09fd911cc0372d,0,0x32220f07dbcd18149f619f28cd09fd911cc0372d
0xe39f09f241db18033ee6c04452ccef850f9b9b47,0x2c7e9c9c48917a0386ab20791cdfa698b0bc976b,0,0x2c7e9c9c48917a0386ab20791cdfa698b0bc976b
0x4c487cb410bd404a6501060d8011580babda7faf,0x5c2aeb0f2b70e3896d5cde7ed02e78961e53fa2c,0,0x5c2aeb0f2b70e3896d5cde7ed02e78961e53fa2c
0xb7ae9303a2fa393165d3efb0a56e095bbe6b7ea1,0x612e2daddc89d91409e40f946f9f7cfe422e777e,1,0xdbab9760558fae742a1d87b71292c27330f4c1c5
0x9ed7b8b7bfcc463a4e1ad183b387395ebc5842f7,0x612e2daddc89d91409e40f946f9f7cfe422e777e,1,0xb6b3320f913baa78ce062383f36c2010584d3e3c
0x97229a11ae001e5d4c16af9dfcdb632f3ea3602f,0xdbdd8330c7590cda7301d9fb867f86f854884407,0,0xdbdd8330c7590cda7301d9fb867f86f854884407
0xa0df8fdc80bc25bf526342665f40c6665d70bf0e,0xf7ebc23243bcb28ac70d6516aec8785ea74fb9cd,0,0xf7ebc23243bcb28ac70d6516aec8785ea74fb9cd
0xe7489ea1847395d7eead33e9c85fe327d513d249,0xa8da6166cbd2876ccde424ee2a717c355be4702b,0,0xa8da6166cbd2876ccde424ee2a717c355be4702b
0x2ee7677d2d9aebf3411b57da55871a917a2d47c8,0xf7ebc23243bcb28ac70d6516aec8785ea74fb9cd,0,0xf7ebc23243bcb28ac70d6516aec8785ea74fb9cd
0x3b238ce834a364b7718f537ddcc901fded0d04a6,0x39f34fb1439702290d59a24d80b47d9fd235044f,0,0x39f34fb1439702290d59a24d80b47d9fd235044f
0x0b6f193819d4e39725aac0ce82cda955719859e4,0x3bcd049cb56ae42c516d6e2bc8e5be6dc0615a68,0,0x3bcd049cb56ae42c516d6e2bc8e5be6dc0615a68
0x5b12215aad347630f5ac00818f25f4710bf5bf9d,0xaef3e8c8723d9c31863be8de54df2668ef7c4b89,1,0xa0f9bcbbdc7ab197dac1f1463354287e0617596a
0xb2eb85c8e44c56c5627b4683ef5bacb44c38d7ef,0x612e2daddc89d91409e40f946f9f7cfe422e777e,1,0x00a58651879fd753ab58d639b633368859cda6e1
0xbe86f8d47a20b4461ba1c30d470779115912ff58,0xa7e68700499ebcc36a00c9a595f2aeffb688041d,0,0xa7e68700499ebcc36a00c9a595f2aeffb688041d
0xfa20fdfc829cb86f984179c7654710e9d3703899,0x612e2daddc89d91409e40f946f9f7cfe422e777e,1,0xc8e30ebd9e3341bed0c209828b8296914342e9c1
0xbb68cc7398884f7046eab37153a5d6f85eb3b6a3,0x630f461cf7aab18c5b7a7e16083b49a1ea93a10b,0,0x630f461cf7aab18c5b7a7e16083b49a1ea93a10b
0x7cc7cbfca82bbcea8b87debaf2131da69fe5e38e,0x612e2daddc89d91409e40f946f9f7cfe422e777e,1,0xbfe6b1cd14df548b40a0ee2f2bbb67ec3f09dc1c
0x9e3647db523b9ed4f615e0190baf3de62437c388,0x574e124d7c9e1fbce8a61530cf25bd95e5f19721,0,0x574e124d7c9e1fbce8a61530cf25bd95e5f19721
0x79125f51fe0a65fb5785f059014bea803cdcccfc,0x000000008924d42d98026c656545c3c1fb3ad31c,1,0x8cb0827f32177f94717cea55ea2ce424079182ad
0x2faeef64e631ebbb7827e34728bf65d2bdf62acc,0x612e2daddc89d91409e40f946f9f7cfe422e777e,1,0x533ebd01e7cb0712891c0d0a3a6ed74a447cc538
0x62443fe69a71ca577addc9c7662d3d52bf897d47,0x759895a14152bb634756f15a7ae9a8cf51b976bd,0,0x759895a14152bb634756f15a7ae9a8cf51b976bd
0x3bad299f3f4fb88eb2397d7d10c8f3d0de1eb2b9,0x70bd1ee723a163b654011163e2a372dff82cce79,0,0x70bd1ee723a163b654011163e2a372dff82cce79
0x79c0c25f4826e8291d1cb5a1176878ef5f06284c,0xa8c55a921caf754333e823cea828cc5b3587b345,0,0xa8c55a921caf754333e823cea828cc5b3587b345
0xf126efa9f791da2fcad7deae777ac8b9eefa884d,0x3537763dab69ba36c6cd2124fba117c6c67b5743,0,0x3537763dab69ba36c6cd2124fba117c6c67b5743
0xc87029db69dba905ff35a86e4fb633ff377cdf2e,0x4d70631664f1cec37d33f289a3293662d70741c3,1,0x548ae0b8b5ec089129e5e9c00c5c779ba8d978f9
0x2d7fc97dba3dfcf1a96c3dc6a3f876fb5da1be74,0x000000f20032b9e171844b00ea507e11960bd94a,1,0x2c6e337718a56cea89de8869270e3ddeb62db9d0
0x4971a8018824888bfeca244e1a550e2abaf7e874,0x56d9e4a0663ea4fa310887c1ee02a56824c4533b,0,0x56d9e4a0663ea4fa310887c1ee02a56824c4533b
0xfe19e62aca45d556e3c233b1f8e5447e67b25eea,0x612e2daddc89d91409e40f946f9f7cfe422e777e,1,0xc909865fd044077cb3877b44161ae9e6fda66518
0x38f967da24773700234493693d7f85959e70090f,0xcb4cf0d59914ac00336a39754d3214f9f14f7623,0,0xcb4cf0d59914ac00336a39754d3214f9f14f7623
0xee76ce9fee7ba266a44a4b9e8c69c519c78cd7f4,0x000000f20032b9e171844b00ea507e11960bd94a,1,0xe0c8c5dc83df3f215516259a380bc756321b1842
0xf127c22c3f5303e913e932c64a0f474d780d130c,0x612e2daddc89d91409e40f946f9f7cfe422e777e,1,0x7b9d12e5f5ab53376616e24572e992619e0e63bb
0xecc845acc9a92496f39f9a71eb6ff1394dc7faf8,0x000000008924d42d98026c656545c3c1fb3ad31c,1,0x52df8c0ba3416aede4a4f5fd803cd6747c24ebf0
0xbb869f884186c3cba0ffa89ab84980cb86f8744d,0x139c8919ce2b7fb8a04f929d83b8c54c116c692b,0,0x139c8919ce2b7fb8a04f929d83b8c54c116c692b
0x0cd73c18c085deb287257ed2307ec713e9af3460,0xfc3d271123a4c14fdb9e99ff70ff69370317b977,0,0xfc3d271123a4c14fdb9e99ff70ff69370317b977
0x04b2b3a382ac51bc88585f7a6cef6dc202dcb482,0x3b612a5b49e025a6e4ba4ee4fb1ef46d13588059,1,0xd209ced4727d4905fc445fdacab6a556d51d15dc
0x2381b67c6f1cb732fdf8b3b29d3260ec6f7420bc,0x5dbc7b840baa9dabcbe9d2492e45d7244b54a2a0,1,0xcb06bede7cb0a4b333581b6bdcd05f7cc737b9cc
0xc044613b702ed11567a38108703ac5478a3f7db8,0xe49efdb44ab67f8377e59ae9027b0bf4eca9a091,0,0xe49efdb44ab67f8377e59ae9027b0bf4eca9a091
0x4765dfb514d05fae20a5a44ec4dd4b8e4209793b,0xc5325831462d809fbf532d71029fa3efe35cbcce,0,0xc5325831462d809fbf532d71029fa3efe35cbcce
0x1a95b485a70aa93b36ad7007ddce90e4dadc1528,0x3b612a5b49e025a6e4ba4ee4fb1ef46d13588059,1,0x4e8d4b44082184b0a07408c6374a3315296516b3
0xbe9c50274f881395e97ff0fde8c00e51aaf645b3,0x790937be495a0fd8f6c1ef79c55c1cf40aaf66c3,0,0x790937be495a0fd8f6c1ef79c55c1cf40aaf66c3
0x6e4c6d9b0930073e958abd2aba516b885260b8ff,0xef0133437ab8da5c5e8873b61189610e2d8cb4f5,0,0xef0133437ab8da5c5e8873b61189610e2d8cb4f5
0xc96709752ef031c3343f1875344738edc4ed58fe,0xe25384b0cba42e063d653f5e8229b7d901600be6,0,0xe25384b0cba42e063d653f5e8229b7d901600be6
0x5387dc78f2bf1fe16e8191227d555a9236c5c7f7,0xd5fdf3c2558de6e872bbbaa876c48bdd7e030304,0,0xd5fdf3c2558de6e872bbbaa876c48bdd7e030304
0x580d13bbca4fb0a921cd2bf3968578886fa113b8,0xf4617b57ad853f4bc2ce3f06c0d74958c240633c,0,0xf4617b57ad853f4bc2ce3f06c0d74958c240633c
0x266276a366ad6ca7e25c0b9ad24c2150bbee956c,0x877b380a5252e84f8a4bd37e2149ceb40f6058f1,0,0x877b380a5252e84f8a4bd37e2149ceb40f6058f1
0xc56936cc3ad2edcc9f05dcb2de52a6c07d0cb584,0x877b380a5252e84f8a4bd37e2149ceb40f6058f1,0,0x877b380a5252e84f8a4bd37e2149ceb40f6058f1
0xe8c1264e2d54b6da7e4a596bd8b9277039b33bfe,0x7354936bc7a72c8baf5a2f9262e70a52c427be4a,1,0xc9b5db189631ed9bb35eb795826d90717b43b56a
0xd3001af605bda5c2abedf1bacd725241100173b3,0x612e2daddc89d91409e40f946f9f7cfe422e777e,1,0x021e2f27ee3a0ffa6bd08a971624979340c5977d
0x40d3757883b84e17d1367f0c04493bbab29375f9,0xa503be40ccc748a63a8bd163b8744fe238bfde95,0,0xa503be40ccc748a63a8bd163b8744fe238bfde95
0x6940e9c7a298e44f190d7679ca187f65bdd69f79,0xde631ca196fcb712948ec93f9ce9c40162184386,0,0xde631ca196fcb712948ec93f9ce9c40162184386
0xf2199d9b43988b7a3f6894663ffc3c4e98a64400,0x000000008924d42d98026c656545c3c1fb3ad31c,1,0xd122d9a0bee6990cf1d7cd042155b3be63aded47
0xd02ca8193fad0b9afae43ee297aa57f15045e0af,0x000000f20032b9e171844b00ea507e11960bd94a,1,0xc1e5d437e115e246c9ece012de00ad072c20907f
0xe75b58162a783d3fb167987a809c8c3a8920173e,0x000000f20032b9e171844b00ea507e11960bd94a,1,0x4a7ba4b91dba71f8764fdbd841da7eb40be68190
0x8adcdf31de9a1dca38158d275ea4c757631b41c7,0xfca84c51f46a91b37a482bb7ff320e95b51e960d,0,0xfca84c51f46a91b37a482bb7ff320e95b51e960d
0xf7008c1543f59d92e2581369c06319b8adce1a03,0x3acf4eb191960c49860503f628a6f7c300b0e7b4,1,0xe73e3dd1e2d81b9e0101e449a3a3aa839fbc4615
0xfada0892e1049376d703664787b1b963757046eb,0x000000f20032b9e171844b00ea507e11960bd94a,1,0x30c5881ad36d8c476a59ac421152a2f0a3f40897
0x4ccceda9378b28dee703fd2af9b27c39ab19d274,0xd0126655f0c471bd490797449eb43b8db2c7b0a1,0,0xd0126655f0c471bd490797449eb43b8db2c7b0a1
0xce73ea06f55813446afc54f35e2c8af36dbe1096,0xedf40f29af0162a68a9f244006351b1874877065,0,0xedf40f29af0162a68a9f244006351b1874877065
0x3a715fc89c55b726afc5819325e4e06bee50af62,0xcf615a332888ab78a529bcb60d4de02a45eddbcf,0,0xcf615a332888ab78a529bcb60d4de02a45eddbcf
0x70bfb14f4bfd0cbde15f93cda5e017f92951c4fc,0xdc88a5f20a16140d7d06fe902bb8597603ecc130,0,0xdc88a5f20a16140d7d06fe902bb8597603ecc130
0x9e16b39da4046227f52e2f8555ba812ed314319f,0x000000f20032b9e171844b00ea507e11960bd94a,1,0x5fa48345875014cb09ddfe5b92f1f60c7061ccf5
0xa669ae6abd6a573a168da9bf8c7dda407288e50e,0x8901e03b0c47d71d363546a494d2e89cbf0b7c45,0,0x8901e03b0c47d71d363546a494d2e89cbf0b7c45
0x195779b7e7ba41d64ee90eb8001a0e4b37483fa3,0x2e4077f34f186f6959d9309e81fe4b0cfbfd1519,0,0x2e4077f34f186f6959d9309e81fe4b0cfbfd1519
0x6416c0cf7353729b695b8e04f19d29f7022c87f4,0xdbc30d47297b5360f5fb386e5791b6ca75ba54a9,0,0xdbc30d47297b5360f5fb386e5791b6ca75ba54a9
0xeea2975dbc1c7b096dbfd1575cb86e59506e7872,0x2e4077f34f186f6959d9309e81fe4b0cfbfd1519,0,0x2e4077f34f186f6959d9309e81fe4b0cfbfd1519
0x3bcfbe2dd89a228151ed10dd50904f728e006e3d,0x000000008924d42d98026c656545c3c1fb3ad31c,1,0x36cd6b3b9329c04df55d55d41c257a5fdd387acd
0x13558598acaf0f34ae6aa8b70fd740c092930248,0x9b2e6dfcb85237eeaac4a95968b616485ee53d8e,0,0x9b2e6dfcb85237eeaac4a95968b616485ee53d8e
0xbc854c12687146b19204e2096982f451e8546023,0x000000f20032b9e171844b00ea507e11960bd94a,1,0xd8ba18dd809771e57095ddb4ae512d05c7a8b99b
0x460c96e6c076685912b7f8b673c87d0fb7485f17,0xc5b3f7687de1c1fa622faf575c6a9d2634dffc6c,0,0xc5b3f7687de1c1fa622faf575c6a9d2634dffc6c
0x89cb60e0e304a94a421db735c99bb8b1084c2e49,0x612e2daddc89d91409e40f946f9f7cfe422e777e,1,0xc55048c19918201e73166ccacb03884ebaca1d0e
0x3054a835abc36eeb7302bae07fc327295d7e41ae,0x612e2daddc89d91409e40f946f9f7cfe422e777e,1,0xe588f6581329ce32e40641e20c61a96f296a763a
0x9c8ff314c9bc7f6e59a9d9225fb22946427edc03,0xfd16f84e1f9bb5ec33b52d0133d61f7d20699658,0,0xfd16f84e1f9bb5ec33b52d0133d61f7d20699658
0x926a65012c23dcfb2227af46e6135c1c6413d8ac,0xa1feaf41d843d53d0f6bed86a8cf592ce21c409e,0,0xa1feaf41d843d53d0f6bed86a8cf592ce21c409e
0x19b703f65aa7e1e775bd06c2aa0d0d08c80f1c45,0x3d9456ad6463a77bd77123cb4836e463030bfab4,0,0x3d9456ad6463a77bd77123cb4836e463030bfab4
0x71f1262c475ab90050cc8c2afe6ac2d5fb86a552,0xc5e08104c19dafd00fe40737490da9552db5bfe5,0,0xc5e08104c19dafd00fe40737490da9552db5bfe5
0x23cd2e6b283754fd2340a75732f9ddbb5d11807e,0x33280d3a65b96eb878dd711abe9b2c0dbf740579,0,0x33280d3a65b96eb878dd711abe9b2c0dbf740579
0x9fbf34a4062a3d6cdbfa8c3d217a638a40f91f88,0x2f50b631543f6eb046d8e0b8d06668bb8c0d89bd,1,0x2a68bfde822e92953bf641d4a15a7399ce89fa04
0xeb9b2cb5d29abdd718315ca851cff9871602ccf1,0x612e2daddc89d91409e40f946f9f7cfe422e777e,1,0xe273faa01dc83cf1309217db976b2ef0109846de
0xad71bc89c0d56049b7cca1b73ffb84d153688fa3,0x7849887961c5d977cdcecbbec17d0ed8afb73bee,0,0x7849887961c5d977cdcecbbec17d0ed8afb73bee
0xb712f6e0ef3f4e3cadfd14821cbef4455381f84a,0x132df84e9ea2f4cca42976b4ce1a8e814e5cb809,0,0x132df84e9ea2f4cca42976b4ce1a8e814e5cb809
0x869a96493d64ed5bbbfc24d96c5e84f95e558cf2,0xa41341bab6588948da8503d1dfb0a0ab0ea269cb,0,0xa41341bab6588948da8503d1dfb0a0ab0ea269cb
0xc2d65ec4cac3feaf4e411f68a213870b17b2a4c0,0xf74b146ce44cc162b601dec3be331784db111dc1,1,0x7cc4e967242e1cad92152d47ae0bb9169e97d553
0x9b0150513c80bf32301f7836be9ef5b6f8b74e78,0x98dda99d5fd9cb0001933458a3db187e3f24c60b,0,0x98dda99d5fd9cb0001933458a3db187e3f24c60b
0x0134618e260478d5a8af9732b6609b0d6bb1a98c,0x612e2daddc89d91409e40f946f9f7cfe422e777e,1,0x7bf3fee21404fc4df00260342e7008579d9ebb75
0xdee5de6d41a70eea80b5ed684bf5a448a1188bc6,0x99522c0f67d45c69e2ecd58be9671cd3675f3761,0,0x99522c0f67d45c69e2ecd58be9671cd3675f3761
0x55093d31fe8a1abce49340b6be9bf8b53d515109,0xabfc9dbded41f9734f8c1a6e20d83ececedc990e,0,0xabfc9dbded41f9734f8c1a6e20d83ececedc990e
0xafd17cb86d7cd086fc720365e873469ebcb103da,0xd01d744ae46b1b80ed908479b8e704ebd8a53ad7,0,0xd01d744ae46b1b80ed908479b8e704ebd8a53ad7
0xceb6fba498795245410ced55fb636e3b4f2ee6a9,0x6ca6a072c5bde79838301f20cb9dafcca754aab6,0,0x6ca6a072c5bde79838301f20cb9dafcca754aab6
0x85c787d46dc410a50f350157298d1f20231506ef,0x36beb8b64b7e8b6872562623985819925692a85a,1,0xc32d2c2797c8d340c71d7108daa2bb148ed364b6
0xa5b2f1ee5ca9a622ff576e15f44022dd7092c1fa,0x6d521bc8b57676ca5fd3878b905075ecfd93acf9,0,0x6d521bc8b57676ca5fd3878b905075ecfd93acf9
0xd1faa1d37e78f794040e2ddde4328d1b3778dddb,0x612e2daddc89d91409e40f946f9f7cfe422e777e,1,0xa49a9459e382d2b9c44dd9588dee6e6852e01db5
0x3753077b2f6914de6716339f9ca1bcec06b5bc86,0x75bd21c5896107c7f7715297bde7e6add688ffa2,0,0x75bd21c5896107c7f7715297bde7e6add688ffa2
0x2ae1e7fbe6c72bc091e9883d3f341b6ea7700a0e,0xf740a730e7577255871a7ed03a4c4f7f84774ab9,0,0xf740a730e7577255871a7ed03a4c4f7f84774ab9
0xfe726d4f11f9078e3a44e8e7212ddcab1b072874,0x8f049f77f04b5ecdef56fe0de2ed1d1c9019e83b,0,0x8f049f77f04b5ecdef56fe0de2ed1d1c9019e83b
0x1a7530fdd62a71199e59b3cb501fc960dbabcc76,0xc619e0891c6262c03b41c666002cff471cb5c249,0,0xc619e0891c6262c03b41c666002cff471cb5c249
0x1a99091ba131360abdcd70141954bbec41a5f27f,0x9f128b52128027dd6ea9892f741519979d36fa34,0,0x9f128b52128027dd6ea9892f741519979d36fa34
0x27cac3a1b07bc5f96ab64ef5bd3db863962ee1fa,0xea968e6ac95a95c68bf66decc803a1b2848cdc4a,1,0x6393d36fefb5fce9eb41643ff4352c1a88393c31
0xff5232471ea2aecfd59bb8cb701822d6c8d3e87f,0xa7071299be9de85a7ac0c170e7f129856b7adc9f,0,0xa7071299be9de85a7ac0c170e7f129856b7adc9f
0xd955e7bd8ca9f2aad391760f849cfa4ee2d80d57,0xa24b48663aef19f656d94d0896d92a37e303bc5b,0,0xa24b48663aef19f656d94d0896d92a37e303bc5b
0x4ac7e7d7fed637210e6681f4c2f0d4ad7614ce32,0xe1917c2ae334640589d7593502a3a9b3615358c3,0,0xe1917c2ae334640589d7593502a3a9b3615358c3
0x44761e687393d73f79848d2753b5456da3a86a07,0x612e2daddc89d91409e40f946f9f7cfe422e777e,1,0x2daa028a488ceeb5bed903df8a0ba7389b9dcaba
0x94b00049bb89a0ab1564bba4dbfa2bf2648dc93b,0xc9fac24a346f6bc3a240641d8921a4b91f760bf4,0,0xc9fac24a346f6bc3a240641d8921a4b91f760bf4
0xcb86c063e219ccbb6e7062cc1d23c6c2f0e9fbbe,0x7f91208fb7f46f2ec2f438769bf98f4fb6d7f911,0,0x7f91208fb7f46f2ec2f438769bf98f4fb6d7f911
0x26d6c3e7aefce970fe3be5d589dbabfd30026924,0x72aca6af29b5c8df2db90df91884f0a3926ed0f6,0,0x72aca6af29b5c8df2db90df91884f0a3926ed0f6
0x91ba8a14d2cc851abb69212c09f59e06e1e7f0a5,0x086336b3fafe868066d935ef40a89ddb570bf7ca,0,0x086336b3fafe868066d935ef40a89ddb570bf7ca
0x29e61501d67f007f5e48bddb545dfc449d6310d7,0x7041da8f9a76adc9d008be9a1bdeddfe3a27ec55,0,0x7041da8f9a76adc9d008be9a1bdeddfe3a27ec55
0x01efb0299eebd80c4270e7e80b8fefb19b0cd78e,0xf74b146ce44cc162b601dec3be331784db111dc1,1,0x589ffbbda0eacd5a9c2ba208b379c886b2630503
0xf69f968300cb9491dd2e194d1be145a7cf809863,0x612e2daddc89d91409e40f946f9f7cfe422e777e,1,0x85b25d05a356cb8e17bccb4af0d5773e22c46bd6
0xa7367c89434ac03c8410306936106e31a91346fe,0x2ab4dd403864509b85e59aef060a9e59f28bfaae,0,0x2ab4dd403864509b85e59aef060a9e59f28bfaae
0x1071063cb82661d281d590a70b5d0eae351ce9ae,0xda00a06ab3bbd3544b79c1350c463cab9f196880,0,0xda00a06ab3bbd3544b79c1350c463cab9f196880
0x2d4c92da9ebbd3575dd6e8ea937969bd57c820c6,0x612e2daddc89d91409e40f946f9f7cfe422e777e,1,0x754ee8d70042545fcb886be165abb179e65d1b5d
0x3c802f6cac567b47981c363adb238a138387a01b,0xa46d3167c2444a3b0c98dc665b4bf8274ef56c51,0,0xa46d3167c2444a3b0c98dc665b4bf8274ef56c51
0x07f7bbc0e46aa051c620dec8f7a9fa30f754f6a1,0x7354936bc7a72c8baf5a2f9262e70a52c427be4a,1,0x6be12cafa11c8f92079ee7329aaf2c217d46b988
0x7f2d90a7a552410103d7a00513f1879128d4cebd,0x48819265ee5683b1c9776d9ba9558f20164f9308,0,0x48819265ee5683b1c9776d9ba9558f20164f9308
0x7ea3dff0fcd9a203f594c7474f7c6bd098af0427,0xf74b146ce44cc162b601dec3be331784db111dc1,1,0x538527f3602acad78596f17b422fcf5613af1409
0xdfa2031bc0691105cf5a874b79159d938fd4d331,0x612e2daddc89d91409e40f946f9f7cfe422e777e,1,0xb1781f611447d593cebe6cd54065bf5aec37afc0
0x420cbd9f1cb5351d347f4b5d44d83a91514c43b0,0x4aa09d6c1e4ce1461579b6839ab3d1cb76a310c5,1,0x8ac86844563d8b3490961197b364ac618549216d
0x4aa07ee600634465984002ad145abae6bc9338f5,0x3e52531da35868993865c76e2851918c925d40c9,0,0x3e52531da35868993865c76e2851918c925d40c9
0x8ac865b70a212af1825bdff9f0561a26a2a94b37,0x3e52531da35868993865c76e2851918c925d40c9,0,0x3e52531da35868993865c76e2851918c925d40c9
0x11ae5c13f9fe86c3cd4c616702df2bfcf44ce9d5,0x5dbc7b840baa9dabcbe9d2492e45d7244b54a2a0,1,0x400076ba142ea47f0c489c490a3b0ec97031ce62
0xda0ecba47d408bb46cc5b56c4629ea27c421edd6,0x1f2205315a42132f1f1b0dc8fe2d9cbb4f5fc18d,0,0x1f2205315a42132f1f1b0dc8fe2d9cbb4f5fc18d
0x08d6ed9be64d20b564e720cdb5123d85683dc9ab,0x612e2daddc89d91409e40f946f9f7cfe422e777e,1,0xa9bd6caf5264c5a994e3bf029f6173823604c67b
0x0d1d1fff2242e9bd48b84b4f910c310f53b7e097,0x612e2daddc89d91409e40f946f9f7cfe422e777e,1,0xc9c9b085e8eec56a2e8c00619f94e6f0e488b50c
0x882dd757e02a3420f003dc2550febf58374797e5,0xf6b01895a147e34abb9b35c2c2bfcf44aae51622,0,0xf6b01895a147e34abb9b35c2c2bfcf44aae51622
0x8f173f62bfa40bb024dc423131fdc1096b3d11b7,0x3f19ef86498fb8f5ca555a3b5ab6b25f3eab406c,0,0x3f19ef86498fb8f5ca555a3b5ab6b25f3eab406c
0x7b4ced75ae1e13e83b2059658d7c0e950af63969,0x612e2daddc89d91409e40f946f9f7cfe422e777e,1,0x153002a1aa045a92317cb58893a5e2907ee3f421
0x458a9887667b731a599179fc1f428e474b40bb66,0xd524c27108bb0e92f7c28b59f998d390e2664c1a,0,0xd524c27108bb0e92f7c28b59f998d390e2664c1a
0x59fd8a189ff66c654628949044e774518fe22034,0x8cc0019c16bced6891a96d32ff36feab4a663a40,0,0x8cc0019c16bced6891a96d32ff36feab4a663a40
0x44cbf67b6a7946606e77f335bb0330b4c825a1fc,0x000000f20032b9e171844b00ea507e11960bd94a,1,0x246bd809ec08e84dd14e0aa9b8e04bfed6e73a42
0x51daf146fe9d17182c6fb3d658e3cd78148a6428,0x76f948e5f13b9a84a81e5681df8682bbf524805e,1,0x9720bde4ce94cd48482835eb92569a1bffc2d44c
0xddc933c3fc3d3d6190abf045cfaf5cd27f8bc3eb,0x000000f20032b9e171844b00ea507e11960bd94a,1,0x8c712b8754b8dbe89e2e3d83f96fdd7494f620e0
0x1a5e818b276a9b89affa2afb105de651bda6fc4b,0x612e2daddc89d91409e40f946f9f7cfe422e777e,1,0x02d34fa1852dcecee565eae868b689bbd33a11c2
0xd899c1edc59b68755bed089ed0df8b49f4652876,0x4756d8f89097c434c6ccd52d6dbc7dc9d2ff7697,1,0xef6e9b47577fd0faa452471983980ab5a3d396dc
0x7ef4897c055582193e8fe327a1a4a440d420948e,0x612e2daddc89d91409e40f946f9f7cfe422e777e,1,0x9282c8cc7b9062e38717464fee4643f344924105
0x8e306997af0c8ac01a0fd7f6102912e9369e1891,0x000000f20032b9e171844b00ea507e11960bd94a,1,0x946750148557047ab24fa7dfe2fe6a6f7485d6ec
0x573ffd86eefe85bb53df617d2edad85a503a892c,0x612e2daddc89d91409e40f946f9f7cfe422e777e,1,0xa8e86b2809764f6c7453d332b03497990f5eca63
0x3c3300764d79eb8a3b612422ad59fcae3018fc35,0x000000f20032b9e171844b00ea507e11960bd94a,1,0xa2640cf59dd3f7a0174717926857a545656885ab
0x0d901592dcd7597dd2f8f6ba67185da6fc7171bf,0x000000f20032b9e171844b00ea507e11960bd94a,1,0x3f4cd698e78c55164d30d15615492217022bb007
0x3ad3be44393ac81a07a4f4efc11252af5992e460,0x612e2daddc89d91409e40f946f9f7cfe422e777e,1,0x047d746e450516ab68b5f3c3fdeac95ad1ef20b8
0xc7369696ecfa1a9f46594d1bd799adcf1c106509,0x6822562be4dac2a9c39412885a646d4c457c8ce4,0,0x6822562be4dac2a9c39412885a646d4c457c8ce4
0xe7909d5e1be8bea31a7d5ba786e7d9d51f45e14a,0xc1fee758e6335c30ba68975225184cf4427fbf0f,0,0xc1fee758e6335c30ba68975225184cf4427fbf0f
0xb8a67ebfac217a981e32a2bf595f607f25dcfed9,0x000000f20032b9e171844b00ea507e11960bd94a,1,0x3ac302498915920d76b4865ec2cb935ba05574b7
0xaa904fa94df31faa3a870ef33a53b8f835a1ee73,0x76f948e5f13b9a84a81e5681df8682bbf524805e,1,0xff1896cfc912ceda37319eba452906dea8cb343c
0x01a7ae2411ed1d32004f9f79820b35bc4d7561f5,0xd219122e3a0a327fd028a6fd9389315d1b2ed99f,0,0xd219122e3a0a327fd028a6fd9389315d1b2ed99f
0xc205656c89f4c56090e4300186cc930d3514dd3d,0x000000f20032b9e171844b00ea507e11960bd94a,1,0x41945f2fa779e88830c3c9300ed73c80a100b7d8
0x1961a23409ca59eedca6a99c97e4087dad752486,0x1247f36104f71d5849d4d4f8a5a95e56b03e7fdd,0,0x1247f36104f71d5849d4d4f8a5a95e56b03e7fdd
0x99293836aae7a67717dc7b73e4f6de985332b140,0x13c8d03c54e2d3642d0412d2e1969e3b783368b4,0,0x13c8d03c54e2d3642d0412d2e1969e3b783368b4
0xca34a29d40204e0133729bc612086b649520704a,0x19478179ef8bb7c4792a4041903080e097d137dd,1,0x38c1ee752b67ceff2b75b242c7d950b16bf0efeb
0xfed730f1c7cdc92d7171e62f5acba777765bd985,0x612e2daddc89d91409e40f946f9f7cfe422e777e,1,0x7c455586a6d52951f2527220b8bd4b3158c82b88
0x10c294633483619362556569af9a7ba657672ba1,0x612e2daddc89d91409e40f946f9f7cfe422e777e,1,0x8e9bcb77942805a3c4c800c8c62bd792acb24081
0xdfa11f993bc194c0e910354774cac3ae669276c0,0x612e2daddc89d91409e40f946f9f7cfe422e777e,1,0x1fcd249d9bbd4406801f4d9151e42d22dace85ae
0x110f6bf60bb92e7e16dc92627e6f0c4c2788200d,0x5c9f2fd6ce9e600dd9c4ca4cd67e777cbab6353b,1,0x83413e7f6697e975be9150c620bc3570f6fc7c53
0xdcfb3568d0fcd5c7ee0f9bf9ed2ea6906faf8b67,0x5c9f2fd6ce9e600dd9c4ca4cd67e777cbab6353b,1,0xc02ffb0e123aeae9ad930b0db104bd6fe3995430
0xeb399babb0d851dc2a4bf4d7063047e0d0fded1e,0x612e2daddc89d91409e40f946f9f7cfe422e777e,1,0xcc64663a86f21bfe07268feda3127d875f4580b0
0x666aabd9e413e6a76f488c67e3f93d40ba342d06,0xa53fdd396025309ff00a825fc70fbe2f1ed3e3ad,0,0xa53fdd396025309ff00a825fc70fbe2f1ed3e3ad
0xe77cf5870e60d20649355081cf259e546c083388,0xb4e62d6363f82e0e74e8963828815f907eab2c66,1,0x73a77f5108db8c21041701561e436f0354f632f2
0x2a036569dbbe7730d69ed664b74412e49f43c2c0,0x656b1d2e9425c76eaa15f67e7ae17ff72415ecc9,0,0x656b1d2e9425c76eaa15f67e7ae17ff72415ecc9
0x4e54ac98d4ca1f8330c6c5fcb0f3daf9bff4d196,0x3b612a5b49e025a6e4ba4ee4fb1ef46d13588059,1,0x4a5425ec1bb6e6c2f90b11c643e1894cc7404c48
0xe9509e17c40642f4c86fffd6cd44ba918c2e1d63,0xea968e6ac95a95c68bf66decc803a1b2848cdc4a,1,0x6eca2c027f425a9138f1fbf799aa0d4f22a2a63b
0x75d7b00031916e11672eb847fe3a57dbe07c1fb1,0x3b612a5b49e025a6e4ba4ee4fb1ef46d13588059,1,0xfb5cbd20758efc31b6a092160c004cb5c7df9266
0x6f2713c265763ed19ea784bccd5d6eb475dc777c,0x6861698b928562e396b9b6db2c0abb17c4c729cd,0,0x6861698b928562e396b9b6db2c0abb17c4c729cd
0xa40829b32748b8d6013e7a1a57e5e0d390407acd,0x6cc435f69fbac8ccddc8757e46a9d4376fdb16b5,0,0x6cc435f69fbac8ccddc8757e46a9d4376fdb16b5
0x578ee16a48a65ffd97ed3891923575cae41c60ed,0x3b612a5b49e025a6e4ba4ee4fb1ef46d13588059,1,0xaf104778860a24126b12af1468a9549875606566
0x0364e54fa0372ebd6738a38126747715e81d250c,0x3b612a5b49e025a6e4ba4ee4fb1ef46d13588059,1,0xe511b3ef3a2539220770de8a2491a241fb44a979
0x08a4a3b2eef5cb33f4e06e0e64a780e1e51335ed,0xf6feea608ea8d14a8095ed655650cc8d49d25895,0,0xf6feea608ea8d14a8095ed655650cc8d49d25895
0x1d65a4ec70095f69b9aeda1ac8f2a24eca16a434,0xa3ad01c017624a436a34383b03d530f30c2c7440,0,0xa3ad01c017624a436a34383b03d530f30c2c7440
0x33a85a87bfde10cd8f560b712f496cb9c900f666,0xf11f2d8fc53532aaa211b65d2202c25ba5ea9a8a,0,0xf11f2d8fc53532aaa211b65d2202c25ba5ea9a8a
0x9bbfdd87509b65f36f5ad81f5aa4eaa6c3634d8d,0x6ffd7ede62328b3af38fcd61461bbfc52f5651fe,1,0xc6c3e9fb299f3a21930d79da0af7b65548e3ba87
0x8d1ed87d2b47d3fd77d1e46651481f78a862150e,0x741ca4ed38d4a25bdcaf1b3d1730fc98b1a97334,0,0x741ca4ed38d4a25bdcaf1b3d1730fc98b1a97334
0x0b97ab6be7d6b3fdb6f789e16bd9d58ee5012fc1,0x000000f20032b9e171844b00ea507e11960bd94a,1,0xa2ab39b88b8fda769c12a7e8ba2410eb421f57ee
0xa0a4ce70ed76b754df9479d747c0b07a9323a70c,0x000000f20032b9e171844b00ea507e11960bd94a,1,0x528a302cfdb04037f132d488a2c6596abecc23c2
0xe0df82651ba0a194fd33415c68e05b1d383bd762,0x717e45dd608ac22175b52f30578558892927362b,0,0x717e45dd608ac22175b52f30578558892927362b
0x368a80d059c8e7b1f30a159a52a37cb51e1f6d7d,0x000000f20032b9e171844b00ea507e11960bd94a,1,0xb6c13548e11a5adfc0b6904228e939d6384bdd16
0x684e4ba303898d9ea065a3e783cb118fa707391e,0x000000f20032b9e171844b00ea507e11960bd94a,1,0x650af629bd3b17662745b49a515795a63c857191
0x508dabe3b892bcb4aa73ae62298f807011ee1ee4,0x000000f20032b9e171844b00ea507e11960bd94a,1,0xfaa00e3a9034ae0ef82c7552dd553d71b3439374
0xd1c490ebc7c079d87c884160670123fef55cf6fe,0x612e2daddc89d91409e40f946f9f7cfe422e777e,1,0x254b2f65dd679938aac2585e134a38699d86ad35
0xa5641fd619389472f574e90e89d6c777317d9062,0x890cacd9dec1e1409c6598da18dc3d634e600b45,0,0x890cacd9dec1e1409c6598da18dc3d634e600b45
0x66e0a19f87eadfa7b7812e38b08a7ed6a688a452,0x000000f20032b9e171844b00ea507e11960bd94a,1,0xec9433b25327a28421e17dadea51e6aefc9e7ebe
0x345f10953443a94558957148ade49349736e3773,0x76f948e5f13b9a84a81e5681df8682bbf524805e,1,0x3f2ccee880d91f620a9f142a31602d8cc258a526
0x786035aa151733d3ccc02ff214560c698edd006d,0x338f99e6dc45270108d6c0fdce0370bd78c40cb2,0,0x338f99e6dc45270108d6c0fdce0370bd78c40cb2
0x2faca3035e8c82a8f4980e3280eeb71284ff7b57,0x76f948e5f13b9a84a81e5681df8682bbf524805e,1,0x9f69b274fed787d072c143057dd37afaae264c3f
0x7888209058d1f8c86224b02368f123041d997701,0x000000008924d42d98026c656545c3c1fb3ad31c,1,0x4b4b4c89b990d3ef104f110cd71ae792b4031a74
0x184dca7f89d77aa681eb5234b5056801ef3a6117,0x31e2e4701b86b6fb3cfec3fab29c78d89482641f,0,0x31e2e4701b86b6fb3cfec3fab29c78d89482641f
0xf09601c212f7fcdcdec4c5de464ba0fb0917be93,0x94c35ebb8fbd3e3597405b4b2814326f1d9d6e24,0,0x94c35ebb8fbd3e3597405b4b2814326f1d9d6e24
0xa56dc30952ff6c7764aa448557d3e69576ae27c7,0x8d1fa935e5e8a5440c9efc96c0d9ff387ebb179b,1,0xe0c42ea4704251431786fb76e178c3d733eb073e
0xa80c0edcc70e6b28aa6d715ffa7ee168cf4df8e1,0x000000f20032b9e171844b00ea507e11960bd94a,1,0xf861e8811655fae9577093d45b23b8802469710a
0x08e08ed8768c207f36e54bc182529a1bd64b8c9b,0x3b14cad1e8711f5f263c3b1fc78f765b0d4bb583,0,0x3b14cad1e8711f5f263c3b1fc78f765b0d4bb583
0xc34c39aa3a83afdd35cb65351710cfc56a85c9f5,0xa8c6990bc778611ffd5b94db6befefc7ae74b147,0,0xa8c6990bc778611ffd5b94db6befefc7ae74b147
0xacc5bef50fc56fd0d1350ad6f735eb6d9d90b3e4,0xa49c0d9a786e659a0557281b4fa72cf8cf08f6cf,1,0xb9d5c93ec9aba93180ddd00a628e8facc3103039
0x7aac5d6bef76ec70c899f47753795d60029185f6,0xd46f565e89ce3ff5378648c214b555c74452d56d,0,0xd46f565e89ce3ff5378648c214b555c74452d56d
0xc2527f0c964cbd962bd0351f96a2f678500430cd,0x3b612a5b49e025a6e4ba4ee4fb1ef46d13588059,1,0x71feea315e5026c09db3e260cdaec14c3d990b75
0xe244d76407e77913dc2036ba8b196fc3736818a7,0x612e2daddc89d91409e40f946f9f7cfe422e777e,1,0x86b7a3db9f35277779eaedeee32b544fe5d2eaf5
0x4734e795bc71513af17c466f9de5f358e44a74f0,0x0d782c67c2db1702498a38bd330968a9286cf99f,0,0x0d782c67c2db1702498a38bd330968a9286cf99f
0xacc6c1e48beca93f1343ebdc0dec8467a0656484,0x05eabb16738be3456078ce80dffd601e023b45f7,0,0x05eabb16738be3456078ce80dffd601e023b45f7
0xd0e53f7100f5d0497c2f28b8c560c013a83b5811,0xe701f08120058401c64e3b086ceb580559a01af4,1,0xddb08939f7c3b9ac229b238eb913cadb9d90d534
0x0014c3f99fd309eb05308b87444c69ec3b2a1c28,0x3f19ef86498fb8f5ca555a3b5ab6b25f3eab406c,0,0x3f19ef86498fb8f5ca555a3b5ab6b25f3eab406c
0x655644001ca7f3bc8686181db36ac4d125981946,0x8648880327b5afb6aec1bc6c4d17ffb3323a50ae,0,0x8648880327b5afb6aec1bc6c4d17ffb3323a50ae
0xee87cfdd238ed316dbd513999f5144b808623bba,0xa992afc09846a822c749d775735e7abe9383801a,0,0xa992afc09846a822c749d775735e7abe9383801a
0x4d3b7887df73e27d3f16b9a222e228dd7f05f7d8,0x612e2daddc89d91409e40f946f9f7cfe422e777e,1,0xb805ba39c8ddde29f27928e40604ea83cc40c157
0xc0e68379a12601596bb091eb58ee4371214f9873,0x9d088ce0da331fd5ac3613e0d3d3606007fc51df,0,0x9d088ce0da331fd5ac3613e0d3d3606007fc51df
0x3a9494024360eb37edee8830a3f52d1cd1989533,0xe58cfe247f53f232486d389b18efe66f4fcd7908,0,0xe58cfe247f53f232486d389b18efe66f4fcd7908
0xb423b014104b7891fbe7a58d9797ac762b4160c8,0xc77c58dff4820b93c69b8c7342a3e3965c80dc95,0,0xc77c58dff4820b93c69b8c7342a3e3965c80dc95
0x26e4a7afc40bf6ab56a9b701c5e54f5922ebd207,0xcf806faa913b3ac7bcb7b57b1199411a76d96646,0,0xcf806faa913b3ac7bcb7b57b1199411a76d96646
0xbd9184927ca8a3d14e32f17744a4cab53ed8d976,0x71a548c09c6d09df38811c6df025d281e878258b,0,0x71a548c09c6d09df38811c6df025d281e878258b
0xa4dfe0723ab2a481048371de82f0d6a792d667d2,0xbbd1610b758c178e2c72b5ffe31e41cdb8cd87c7,0,0xbbd1610b758c178e2c72b5ffe31e41cdb8cd87c7
0x0d88c72d179b9326cb51671e128681f35604421e,0x26aeab9bc6630bf8e155770ab314ec5f8169edb5,0,0x26aeab9bc6630bf8e155770ab314ec5f8169edb5
0x3d26e1c5ed615ce474f4465f3b8a6fbe458f996e,0x3999ec8dc239df7e3b91f8557a492ed95133b807,0,0x3999ec8dc239df7e3b91f8557a492ed95133b807
0xf63eb8966e9de7a395128008ecb5125857c965bc,0x66ad6c887d52dfe5029354d49e0faa5b97cf57f5,0,0x66ad6c887d52dfe5029354d49e0faa5b97cf57f5
0xba43f73acdfb2d8ad0f20a679df75349d7368469,0xda5bfe0bd4443d63833c8f4e3284357299eae6bc,1,0xb28b197bc9eef144781fd406817dc1349faf712a
0x4f3c8c31b215047bcd37ab1ff9dc92d383e8f64c,0x612e2daddc89d91409e40f946f9f7cfe422e777e,1,0xa24c7f31db3f3429c5c743320671d3effb8532cc
0xec8fd6bf9ba67abc8463589019ed2b33d2cd6088,0x44a9c4af84c3d966407b426f96805c3f704c438e,0,0x44a9c4af84c3d966407b426f96805c3f704c438e
0x84a983138ca21150f052d361ca325aec462eca3b,0xeb7273e57db530c6f22bb4d1b8a725dc0596258e,0,0xeb7273e57db530c6f22bb4d1b8a725dc0596258e
0x1127526fc47458d5c472a69bb726745374ea0086,0x0670437af1a487607b5279f2e979621dffe49031,0,0x0670437af1a487607b5279f2e979621dffe49031
0x83d37295507f7c838f6a7dd1e41a4a81ac7c9a5e,0x32220f07dbcd18149f619f28cd09fd911cc0372d,0,0x32220f07dbcd18149f619f28cd09fd911cc0372d
0x0f6487e2ce1494dfbee2978384db906a403edd36,0x98b6c82566a3d73899dcd9eed99bffba9655c780,0,0x98b6c82566a3d73899dcd9eed99bffba9655c780
0xe375b8e970b0fac31d44ed978893de637640a71f,0x77037050bb27ae8f09118a0c480224d897589c65,0,0x77037050bb27ae8f09118a0c480224d897589c65
0xdce499a286dfe644ca9f556dd2df41b69da803c7,0x41a9b54aa53cb8820d2d5f3a1ec032259bf8f1a5,0,0x41a9b54aa53cb8820d2d5f3a1ec032259bf8f1a5
0x9d66c1f6490892334cb24f3bc83d44221d6b0b1d,0x9cfeae92c8a5cdf5d00d91883edc8e2db9a2fea7,0,0x9cfeae92c8a5cdf5d00d91883edc8e2db9a2fea7
0xa723a8a69d9b8cf0bc93b92f9cb41532c1a27f8f,0xf74b146ce44cc162b601dec3be331784db111dc1,1,0xd7029bdea1c17493893aafe29aad69ef892b8ff2
0xec28aae84c5cd13738fdd4a6a4cee058566f01b7,0xb27afe18e5e1fb961b0d6568d7c3bab305f0b82c,0,0xb27afe18e5e1fb961b0d6568d7c3bab305f0b82c
0x32e14d6f3dda2b95e505b14eb4552fd3eeaa1f0d,0xc140295ff0fbee888fe6f0f979b4eef12d907ac4,0,0xc140295ff0fbee888fe6f0f979b4eef12d907ac4
0x0b51eb9d0e54c562fedc07ceba453f05b70c4b79,0xadf49b9f133fb137e82b24f06d23e49c51f586c7,0,0xadf49b9f133fb137e82b24f06d23e49c51f586c7
0x022a1ead11a532c7f98764458870adb6f60180b5,0x853cb0f3fe7558c441841ec72968a8c517f2daf7,0,0x853cb0f3fe7558c441841ec72968a8c517f2daf7
0xe6785ba7d61f3b79fe50a632fb9ca4aa5710120a,0x811e6c938baf76f4444dacb7f2a4c35c6639f036,0,0x811e6c938baf76f4444dacb7f2a4c35c6639f036
0x2b4bb904cfde74ec423cc534ef08579ee1c79148,0x48cf2a4b8a74974beabf8db1f45f9123edc79c06,0,0x48cf2a4b8a74974beabf8db1f45f9123edc79c06
0xb21c9e7374f8aa119459ddfd5dbadd77de2704a8,0xf74b146ce44cc162b601dec3be331784db111dc1,1,0x2332f94a14d983d0da9a01fe640465b34a33dc26
0x959d2f3caf19d20bdbb4e0a4f21ca8a815eddf65,0xb8559af91377e5bab052a4e9a5088cb65a9a4d63,0,0xb8559af91377e5bab052a4e9a5088cb65a9a4d63
0xee0b0bc6390fe29e5c246ba9b6403de8253c8d56,0x612e2daddc89d91409e40f946f9f7cfe422e777e,1,0x2dff3a4ad2d3ae3d96e981ecf0ce38fa8af32fda
0xaa38214298f3af3af4f8106022a0f9b93216d16b,0x612e2daddc89d91409e40f946f9f7cfe422e777e,1,0x3b2afb5a2c58e15674af8608a77370a80f182cdc
0x9cd44eca3d1e0ada6fbdaf5793031c3a500089b1,0x0000eb34fc57b8e0cfb94f2ff502d7e5bab413e2,0,0x0000eb34fc57b8e0cfb94f2ff502d7e5bab413e2
0x250ba7c46b5e11762554be3c9dbc5d53f2fe972a,0x8f6f410f8e92304690493df40c521a3dab160109,0,0x8f6f410f8e92304690493df40c521a3dab160109
0xb903b0d2477b05d1683882471e212eead9ac6df5,0x84ea8215947e5484ee59818b789de9b4555bcfae,0,0x84ea8215947e5484ee59818b789de9b4555bcfae
0xb86626eb8e5627207c39101c079b0add955b8fad,0x93e77d3fcc5fba352039cc24c16bab733346b7e2,0,0x93e77d3fcc5fba352039cc24c16bab733346b7e2
0xf629127a9077be81c75b3381b766147f8abd2ba8,0x612e2daddc89d91409e40f946f9f7cfe422e777e,1,0x3184db147e36717b1c0696edef48f9419320f4ba
0xef371a11e6adb9dc3d333dafcb1ff5afbcb6cdc8,0x762ba8627a1f4ffc4b85595d3c0a7cae4b363499,0,0x762ba8627a1f4ffc4b85595d3c0a7cae4b363499
0xd4b82b2ae4e5b2ee576492cb9f4760d83415aaf8,0x000000f20032b9e171844b00ea507e11960bd94a,1,0x15c37ec13c1e3897715fb3ac478f5731e2e574b8
0x40b72fd8b4907608838469d6306b432fbccc4b6d,0x612e2daddc89d91409e40f946f9f7cfe422e777e,1,0xc426afa4979e0d74a6b8ecd2f68df7250c618dcc
0x61545cd6d14bfb4bef366d2b74d146e812c83a09,0xccab4577f1c989228735a34eefc8c9f2df5c354c,0,0xccab4577f1c989228735a34eefc8c9f2df5c354c
0x45ca66ffe7f29a95bd4b77d8907f96c8119e85a9,0x7d6276517df98361edd9f2ddb3374d6901b9773f,0,0x7d6276517df98361edd9f2ddb3374d6901b9773f
0x82812f855a83590e09ef2581a1579c03dbfc82cf,0x000000f20032b9e171844b00ea507e11960bd94a,1,0xbf20e5c13fef9d0816c7d6a1492b9e39339544d2
0x8b28fede89d011d3e052dda9dd04a5e2565b1bbd,0x612e2daddc89d91409e40f946f9f7cfe422e777e,1,0x641e29991b4991a096a40ac1902f52b0393b4669
0x23983aa6d8afe88f05e52c6d3ee29c32882dced9,0x612e2daddc89d91409e40f946f9f7cfe422e777e,1,0xeafc05e4d2bee5337653dc597197d3f922d97276
0x842e496dc88e44ea1f31dd6aac5e1f475b20908c,0x612e2daddc89d91409e40f946f9f7cfe422e777e,1,0xe7ca0e5adcfcb56d3cec007ef40a08136cb9f474
0xbb4df7133e4f68f71698a8a251e0578670612989,0x000000f20032b9e171844b00ea507e11960bd94a,1,0x745179c932a30c4256c0d98294353482d84812bb
0xb19507b6ab72babe9bfb72262435e5b162e6f696,0x76f948e5f13b9a84a81e5681df8682bbf524805e,1,0x6969eda74508e754eb0bd53debd20cadffc30616
0xb963fc55e59c07e7f278ccf369b75d83c7f84227,0x0000000000aec84f5bfc2af15eafb943bf4e3522,1,0xd6fa9ffc8fe21478ee338366952abca8693abbe1
0xd8c17e78b230d2a659eef8cf1d4dc981c62aa106,0x950fec7e16506e2f3738d95cc20c2b55e8a970f5,0,0x950fec7e16506e2f3738d95cc20c2b55e8a970f5
0x67080806222ec21a52dd800cde51b22a75d378f6,0x4b522ca7249854cfb7a529bc7d0db831f00295f4,0,0x4b522ca7249854cfb7a529bc7d0db831f00295f4
0xb88f89dfd103dae298a3c722fc792ed3ab51071d,0x17ad865ba9f06a4bf0063bbbdd9c8e344d8be8ec,0,0x17ad865ba9f06a4bf0063bbbdd9c8e344d8be8ec
0xa2956d29d879ab7b9a1d16723e376d9e2be5c911,0x2c333bd1316ce1af9ebf017a595d6f8ab5f6bd1a,1,0x4d7f3aea074c6e8136c7e81ff8af8bccda3a7d89
0x74c719a36ef628422213f7e8a5c6910fd4bcb25f,0xc4c313291e03aed45259397ebc55a158bd2820a0,0,0xc4c313291e03aed45259397ebc55a158bd2820a0
0x15491a9ffa5b717344ed3e6bf60a6548e95355e2,0x3b612a5b49e025a6e4ba4ee4fb1ef46d13588059,1,0x432d71ba14d2602b566dd9e3e098e24859d166c9
0x1c70d0a86475cc707b48aa79f112857e7957274f,0x03fede75ac53dad83d9c00a549f10c5b583b3447,0,0x03fede75ac53dad83d9c00a549f10c5b583b3447
0x2aa5d15eb36e5960d056e8fea6e7bb3e2a06a351,0x26adb982d061b5e667d75f9dec1360cc671007f3,0,0x26adb982d061b5e667d75f9dec1360cc671007f3
0x1c0e5c6a2be3111cd68ec0fa8499be2cf205b1f5,0x69fdff084d18cea61cc676573a4b1dc45e7ff09e,0,0x69fdff084d18cea61cc676573a4b1dc45e7ff09e
0xdac5d64a55b77e3ebc3303ff637275ba6ef94005,0x3b612a5b49e025a6e4ba4ee4fb1ef46d13588059,1,0xbea2f040c7ffe7cebe2fbd5149cbd5364f27c224
0x9ba24eee10a0611caf007a25e1790211d32e65b8,0x3b612a5b49e025a6e4ba4ee4fb1ef46d13588059,1,0x498778f50c1faf41c2d60666065955cfe5ef12cd
0x10f74c70685e80185cd88965049ed8361f7d0be0,0x3b612a5b49e025a6e4ba4ee4fb1ef46d13588059,1,0xcbf26062a08ddf88abbdce04e064f6371baf7b00
0xebfaa4261935abec133b5dc41baf210a2b8eb24d,0xe64581f067cfdce58657e3c0f58175e638c30f2b,0,0xe64581f067cfdce58657e3c0f58175e638c30f2b
0xcb4a486c23e2f7253ee654ea8c3294314b501d48,0x74648fe8f97095e0d1b94f2b2d48676db5318629,0,0x74648fe8f97095e0d1b94f2b2d48676db5318629
0xcab1d8574d1a38651f544bbc45ce32541790abef,0xf74b146ce44cc162b601dec3be331784db111dc1,1,0x806164c929ad3a6f4bd70c2370b3ef36c64deaa8
0x125afee79b96da4c3f58b119788085fdadd279e6,0x4ae67e0d2ec76703f25c00c1a06b1be8d6b80e71,0,0x4ae67e0d2ec76703f25c00c1a06b1be8d6b80e71
0xa2565a32fc5e12b2606e69dd809c354550fbce76,0x612e2daddc89d91409e40f946f9f7cfe422e777e,1,0x2fa5ac62ff5c3a2800e3eff0d1bdd14bdeb0e1a4
0x245fb5b27c68dfd9d085e7721de894e3c6ba0e07,0x612e2daddc89d91409e40f946f9f7cfe422e777e,1,0xf6bc3f5c616786133367cb14f065c06a29e5bd50
0xe7766fc9e333cdd9eb69405d15c5388b7d5ebb05,0x612e2daddc89d91409e40f946f9f7cfe422e777e,1,0x3b1100874d4c4624f5287dd5bff4a452a241bb3c
0xbbfd3010490372d48dfed0350d0583b43b04bb52,0x89645786f523cee2d8cccdd8a0ae85acef25e086,0,0x89645786f523cee2d8cccdd8a0ae85acef25e086
0x3c19024a9b3d5e4881e7441e1a7c8d457ff07f82,0x000000f20032b9e171844b00ea507e11960bd94a,1,0xc8f5674c68f7e27212a82eb94c489e416a550486
0xda0abdb1b0814684f840fc9f2e49898632df3402,0x000000f20032b9e171844b00ea507e11960bd94a,1,0x295c1dc7978846b1abc123797718c56bdf32924c
0xb8b3b0e420ac16cdc5faeb8a8b0afd26a5a36623,0xfa5d30d721c7341f95775106aa83b4ad4076c50f,0,0xfa5d30d721c7341f95775106aa83b4ad4076c50f
0x52ee7bee5a3b36c94a93b9e5ecea098af15dd29e,0x612e2daddc89d91409e40f946f9f7cfe422e777e,1,0x7959f39e77e29e8a2706260d0f3fb025165591c4
0x0b0dd188fb68b2e42588386366cf3411fb5fec36,0x000000f20032b9e171844b00ea507e11960bd94a,1,0x5581604bef00404151e5836e3c6d77cf6ab87efd
0x6e3d030f8ca57dfc27c4b4ca131fb800a7b18443,0x000000f20032b9e171844b00ea507e11960bd94a,1,0x08a30fa2cd346658980411342d98a11b65d53eb5
0xca5e744a5dc28b5801fc371530e02acb7b4d6bd8,0x000000f20032b9e171844b00ea507e11960bd94a,1,0x081cb52cdd375654496c99bac32aaac85246fa26
0xa89f0e0176323c250bd8fc23bdfcc91a39f4f36e,0xa6c5f2de915240270dac655152c3f6a91748cb85,1,0x204a731a626438a0b2a657378668cfbfe70a90f5
0x36896b62b540a4d4bd631aad511aefcdd4005fa0,0xf62c22a4fb55c6ef0e2d298d56fb9fd781de0f2c,0,0xf62c22a4fb55c6ef0e2d298d56fb9fd781de0f2c
0x03160b3932d31da0ff13807ec2ad9a26066104e0,0x612e2daddc89d91409e40f946f9f7cfe422e777e,1,0x014c2b84bce4f4ec280c8d91d9f6a9eb46063daf
0x3321c59fe0ce9b491c0aec148d494c103813716a,0x000000f20032b9e171844b00ea507e11960bd94a,1,0x7bf201ffb2af7b2e42c3dba006c19a4128f88d10
0x61dd2baf666e4dc2b104a3b11461589d66d4748b,0x612e2daddc89d91409e40f946f9f7cfe422e777e,1,0xe846267048ba61ba829362bcbbfb62bb30f9a893
0x3b07d53b983bf4e81b1506a5c761bca3c0885382,0x612e2daddc89d91409e40f946f9f7cfe422e777e,1,0xc38c39d565a55cf8a886ef0c45fae61a346f1b9b
0x5c3405b08e407b313c182e768433252c1a6e289e,0x612e2daddc89d91409e40f946f9f7cfe422e777e,1,0x596dc4bb87c9d7dc4e227906b2fd6651ae2e6fd9
0x4a58993ce9788293f73da6f85e73673394b9b6d4,0x000000f20032b9e171844b00ea507e11960bd94a,1,0xb07897fcc2f21f73b2b1d782baa453848be3b2b1
0x77e60b545582f98be1bc92f6d56fea426b0d56a6,0x92c159895901439caa212997d505083a2fe88885,1,0xfb151f59810397164c3d36346331dd3904a89971
0x8444b8c50c41f26050bb12c098d26ae1b06fd2ad,0x000000f20032b9e171844b00ea507e11960bd94a,1,0x1d72f03a4960bba85c40ca8b861998d144f9af20
0x589ba628e36cbbbcd667911992a219170f7731ca,0x000000f20032b9e171844b00ea507e11960bd94a,1,0x209cbbf387b37230fc07a5950c47d58d393b5558
0x86fa2a13a84e2fef5471cb3c39f000260f68e2a7,0x811a3d04a32b06a8e87603a2c73bbcc3fb42356f,0,0x811a3d04a32b06a8e87603a2c73bbcc3fb42356f
0xc70e18cc4bd29fdc05413e115151c7118efdf694,0x000000f20032b9e171844b00ea507e11960bd94a,1,0x68aa551182ed6614ebcc79fd71fbdec8ee0e958b
0x08a8758d950e3be348a8202e77e9f74c3fb560e5,0x000000f20032b9e171844b00ea507e11960bd94a,1,0x610ce35feab1530fe459db07a71506732929de57
0xe2f8eb4f8cc2cd1030faf457123737cac01977f1,0xb9bd4527727e5745473b893465dabce20194ee63,0,0xb9bd4527727e5745473b893465dabce20194ee63
0x949173fd3fafb8a48ac68c21e7ae408d8dbe9712,0x000000f20032b9e171844b00ea507e11960bd94a,1,0x98d0624390600ea1fa7396a758f03b937a9ff9ee
0x92961bbf2ad8eaf2f63b68d7a10ca1917f9f9a8f,0x000000f20032b9e171844b00ea507e11960bd94a,1,0x14709717a07a654e40f963a1ce49a06ee3430049
0x2b6b0b975b88521092c2e9f666e120c66b98b06f,0x000000f20032b9e171844b00ea507e11960bd94a,1,0x2d42dc8a59a67ce39aadd4f0445426cb1d4ac210
0xd0681b6ab9294b713515afa23e4ed89576675da4,0x612e2daddc89d91409e40f946f9f7cfe422e777e,1,0xa1e17ddac6228616e4c326023f22035c4711a52e
0xb9b40e6bb164501555c5478813b1508cc393b47a,0x640de47b2509285a15edd2f378868fb6b6fd3db4,0,0x640de47b2509285a15edd2f378868fb6b6fd3db4
0xce07d2c70d6c78572cf4dc7ce24e81a958274fc6,0x6e42262978de5233c8d5b05b128c121fba110da4,1,0x2514dd6d24a14af1deec2c4cd487c361f599983f
0x566bfa25484aa1d006f2406c8c0b4e3e2299b6d4,0x612e2daddc89d91409e40f946f9f7cfe422e777e,1,0xc57ace0ecf918c715a081892648eefd64005b78a
0xf59a2aa82b1620a7eea69d10b39efcba3693ecac,0x60877a6603f39a4a9078d80952fcf8b90d8fe779,0,0x60877a6603f39a4a9078d80952fcf8b90d8fe779
0xac65e53b2979ef04f057a8cb26006a6bef625a50,0x000000f20032b9e171844b00ea507e11960bd94a,1,0x8a919eedaace3ad61a1280965d5c5b298600169a
0xc6ee4588d076cbaf299499a0423a7028fa1af5eb,0x000000f20032b9e171844b00ea507e11960bd94a,1,0xc899e46df1f1dd49e3dffa88f42b5505345219f2
0xecd8d519852f986347a29d3228da5103a480205b,0x000000f20032b9e171844b00ea507e11960bd94a,1,0xb363ccf309c5c99394fe3cf1af6b457c0727b152
0xc3c9cdc594a66a9e3652f269c71e08728efc57fc,0x6c270a8e67a42a12680ca4b17262353189e103b4,0,0x6c270a8e67a42a12680ca4b17262353189e103b4
0x277509890689750e3ed863ddc30aab3993d1a204,0x000000f20032b9e171844b00ea507e11960bd94a,1,0x9dfedb97bf2e9280ef2b1226de92444fb8e21ac6
0x6d206d1e57014a023e2d3195a57330ee3f26b9db,0x000000f20032b9e171844b00ea507e11960bd94a,1,0x8a2f000daa80a57504a40e8c8a2c72a5376382fd
0x86325caa21ae0148f014d0d1e251335875efc873,0x612e2daddc89d91409e40f946f9f7cfe422e777e,1,0x1d4ac79937140e14bca9fd9ee4f39527001b3e3b
0xdf74156420bd57ab387b195ed81eca36f9fabaca,0xa2d9846c352ca61dcb20d6aad40cec1d1b228a78,0,0xa2d9846c352ca61dcb20d6aad40cec1d1b228a78
0x0d1e686af0e86bebce1f2fa428cd33b699319b73,0x11b0f1f43fe14b3b24d699ae940a8b21efc862d8,0,0x11b0f1f43fe14b3b24d699ae940a8b21efc862d8
0xc02474e00a3a65852315ab2d6786d61d37a0a5d2,0xedc31c4e8962e15ba8fbf574a1c9242ce10741e1,1,0xfbc3b76a206f03f1edbf411f280444cd3fd9c7c8
0x58b8345ec9e216fa2b7697dd0b18d446ad219558,0x5dc5a7a7f39471a21b977cdfbe796b039ae3df56,0,0x5dc5a7a7f39471a21b977cdfbe796b039ae3df56
0xee0438e634e3706360297f3f6ca67aab512c99df,0x3b612a5b49e025a6e4ba4ee4fb1ef46d13588059,1,0x98175fcafcbd021769431b29bcc8fa7d7408e5fa
0x3f547b34f612dfbb449320e98943fb52a5d2d9e7,0x7c5aa293bc282c8881f515125b26a29d83caec17,0,0x7c5aa293bc282c8881f515125b26a29d83caec17
0x434fa625416ef1f93987f8532249d9f61ef49ec9,0xd8b09768537ff4c572b11b1bbdb112b1b14cdebb,0,0xd8b09768537ff4c572b11b1bbdb112b1b14cdebb
0xdc7659f5a950b36cf635dcc632e79ce2d7f054eb,0x622bdbf43d9d47a5320c7fd907123f520cdb7063,0,0x622bdbf43d9d47a5320c7fd907123f520cdb7063
0x895e2058bd2a5ecb659956954eced21151f96731,0x2c325156416cc7b701151dafb6d4c0bdf0d398f0,1,0xbfc9f6c46715755e2ee8b01f20ab36d22cb4ad4f
0xa36676528337d965b07648a04ef09d99b0f9393a,0x48cf2a4b8a74974beabf8db1f45f9123edc79c06,0,0x48cf2a4b8a74974beabf8db1f45f9123edc79c06
0xb829a5b349b01fc71afe46e50dd6ec0222a6e599,0x20da9f3d7d5cb96c2822338830cfd6dee6d508d8,0,0x20da9f3d7d5cb96c2822338830cfd6dee6d508d8
0xcd2e9320fb56d79bc508dafbb16e6ec4bc87b8ac,0x658884c6be7a46cc14229c7646a57c9e049f4a6a,0,0x658884c6be7a46cc14229c7646a57c9e049f4a6a
0x471339b44928e82dd06e35385642b777e7da84ba,0x94d036bd10d1bf7358e44aa2b435e6b77bdf3b3c,0,0x94d036bd10d1bf7358e44aa2b435e6b77bdf3b3c
0x4fc0f57eaf5c08d0b8e72cad5d7e5a4e0ecc1a24,0x72aca6af29b5c8df2db90df91884f0a3926ed0f6,0,0x72aca6af29b5c8df2db90df91884f0a3926ed0f6
0x5f0dccba6438e0c8adfb58cecf5ad5d3f9b3aad7,0x0b1215a95c070ceb2b4b1131672440af668b08dd,0,0x0b1215a95c070ceb2b4b1131672440af668b08dd
0x6e14372810d93e7971efbc46f6390bb44568824d,0x3e78bf147c94b0bf94b4ab8b1d459c5852b87fa9,0,0x3e78bf147c94b0bf94b4ab8b1d459c5852b87fa9
0xa9ffc832874c952ac402d86e4d407b6a014cddb7,0xd8c77a29dda47eedbd5f56cc67f3b44570467941,0,0xd8c77a29dda47eedbd5f56cc67f3b44570467941
0xb58ade9c8677ff136917681ca2f122ee64b89bf7,0x45faddea1c17a97cf61dd605226d511fd09dff7f,0,0x45faddea1c17a97cf61dd605226d511fd09dff7f
0x9f2b334139a3c130e2e0b96d5c8fdbea3da06a88,0x07c6014a9e1ea7e4adcb019fb0d4899846fd7607,0,0x07c6014a9e1ea7e4adcb019fb0d4899846fd7607
0x496191edc9f01f4ab9dbf75cce844367dd62dd4e,0x94aa50fe3c1ad32b0419004eee4f278ca3908876,0,0x94aa50fe3c1ad32b0419004eee4f278ca3908876
0xe453d62a0f2c56e903585be5ffe1ed2a45200226,0xd64ad0e8f8283f607c89de0367902682cdcc0a7d,0,0xd64ad0e8f8283f607c89de0367902682cdcc0a7d
0x5f32d31778a8588cfa0af9ca996b989d288832fe,0x87a1979e700bd59a5a6386b177f50cd4d1a98ea2,0,0x87a1979e700bd59a5a6386b177f50cd4d1a98ea2
0x8ac04c6aaef30bfc8e5e216e1b1b98a4dba361c3,0x12d0c787c2a5594703727b542ba2007e307f4fed,0,0x12d0c787c2a5594703727b542ba2007e307f4fed
0xe27bc12be738e041c3050213d4c516792c9c21c5,0x3604db07f0a3c46a7437464297d3f13ae5d04f4f,0,0x3604db07f0a3c46a7437464297d3f13ae5d04f4f
0x9356ed83ad9a7a2245b6e2a537b1b1789a7362ec,0x612e2daddc89d91409e40f946f9f7cfe422e777e,1,0xda47a6b9ec624f9d8cfe1db6423a26cbebc1246d
0xc3efb993c5bbedf1ad08bd202efd15d83e6d4d5f,0xb2bc80661b87c29ebbabc1de81c611c07630a40c,0,0xb2bc80661b87c29ebbabc1de81c611c07630a40c
0x5cd14f75679332c3b21ca54d6ac58693b24f5ee8,0x612e2daddc89d91409e40f946f9f7cfe422e777e,1,0xd52d384258df513ccf64bd8d26a20d930aff45eb
0x901c12e1c7756990d3bfd11fd0381e852a4e1d5c,0xe17f1ec3916df923be2882f22fa4e6e85265d4f9,0,0xe17f1ec3916df923be2882f22fa4e6e85265d4f9
0x373075bab7d668ed2473d8233ebdebcf49eb758e,0x784a410b891ee92612102521281a3e222a6e326d,1,0xf2989961bf987bdd6c86cd6b845b6faca194a8e4
0xe89eb9ffc12621d7c111c5b9d27be9a311917482,0x501f51187acfbbfb711166dea9ee5bbf77c6c2d8,0,0x501f51187acfbbfb711166dea9ee5bbf77c6c2d8
0x98f2e96435e814231c3ca540f3ff716ed75d2fcb,0x1c3512e08c1b18bfd41311a06b0977a3f8259140,0,0x1c3512e08c1b18bfd41311a06b0977a3f8259140
0x9589669e104aa22cbc4a6341870212f5685c5ed1,0x690d8e9e23377b5a773b12b2a93acad952da3799,0,0x690d8e9e23377b5a773b12b2a93acad952da3799
0x3af2a97414d1101e2107a70e7f33955da1346305,0x48dcfd6fe331348600a377dfeb0ab3db0a415f88,0,0x48dcfd6fe331348600a377dfeb0ab3db0a415f88
0x66c09149c3e4197d5ae379c4139b4acdf574a85b,0xc2d118a11cce453ac65310c80286594228bbaf1d,0,0xc2d118a11cce453ac65310c80286594228bbaf1d
0x0abd08c3794d8d5e88e112113aa11ada4ff12b8e,0x28ae97aeec8af255c2d26669a04d88d57add90c5,0,0x28ae97aeec8af255c2d26669a04d88d57add90c5
0x1a4da761d26a52bc6f9c47299ec64e5bc4ad2112,0x612e2daddc89d91409e40f946f9f7cfe422e777e,1,0x397dc9eba1ae1bbd4b89b59d42c021f656b1f800
0xe845655dd86ae88a898cae5418a8988a3b93340e,0x122dbdebd4396db403ad6038a0ec2b49c5500734,0,0x122dbdebd4396db403ad6038a0ec2b49c5500734
0xae55b142f1ca580b3f67e519eb0f0585f88063a7,0x365c231a37e1de128e62cf173923a7fbae785860,0,0x365c231a37e1de128e62cf173923a7fbae785860
0xfcf2d0179c45f888d6a3a5578e2c8d8a076ce84c,0x1ca2007d4f2bc0ec2a56ecb890e56e05f36182df,1,0x68e8c90ef8b4882e16fea5f31590a492a1a44d71
0x75a83d5fee5019a5cf80da95d1653f9781db46f7,0xb85e5644e36add22e13ab42c92e4a705ebfcc2ab,0,0xb85e5644e36add22e13ab42c92e4a705ebfcc2ab
0x9f65626279d60692fbbccccd3233c443f988cbfa,0x7354936bc7a72c8baf5a2f9262e70a52c427be4a,1,0x56e1908cbb6cebea1b33c95df07982d723ed068f
0xe4880ebcb55d1ec86f66cfbae247270f8a4c4eba,0x612e2daddc89d91409e40f946f9f7cfe422e777e,1,0xe3be356a8b27eb199e53a251e1a84ddad0ead9b7
0xa94161fbe69e08ff5a36dfafa61bdf29dd2fb928,0x6a07feef7eb458a71ac0ae759ccd3c78c70139ca,0,0x6a07feef7eb458a71ac0ae759ccd3c78c70139ca
0x3637c6891432624dc9c7ec6605f5e33051644272,0x612e2daddc89d91409e40f946f9f7cfe422e777e,1,0xb7ade4e9c2023ea68e7a2f1a0f62c16423ba19f6
0x684ea83d4577e4ab131cb6d7971cace0f4925785,0x476b535cf58dbdb440fcd4e8bc21c847b70a5314,0,0x476b535cf58dbdb440fcd4e8bc21c847b70a5314
0x9237dfd3ff86710bfd16ee6172f184a2bb4de10a,0x50de00357b4c96defe9780bc285dc939bbb5ea2e,0,0x50de00357b4c96defe9780bc285dc939bbb5ea2e
0x630439d12cf950d3a97b8945f5fea2ba927d91e6,0x7354936bc7a72c8baf5a2f9262e70a52c427be4a,1,0xa469cb7d4eb0dc7d60791915ecb1d7c22c617f7c
0xfbb87a6a4876820d996a9bbe106e4f73a5e4a71c,0x98229a914d556728f9350d5a2401b0f8192456ba,0,0x98229a914d556728f9350d5a2401b0f8192456ba
0xbb41130753a5363b35445efac34ebf0cd0ac4a68,0x5eb97ab1c9805fd0f1196ba0a889384cdadf815e,0,0x5eb97ab1c9805fd0f1196ba0a889384cdadf815e
0x19cb55f888d635d4f6bc908336301c6f644d3e91,0x000000f20032b9e171844b00ea507e11960bd94a,1,0x6da12e4b3b32a23f646412159cdabab224a693ca
0x5fab6d0f500acd40057561fdcf0e914915cef84e,0x612e2daddc89d91409e40f946f9f7cfe422e777e,1,0x847025f13eb4981456fad35b72b279d21968d578
0x41094435570a11da8b9da29d49c9e924a4d15a77,0xa6c5f2de915240270dac655152c3f6a91748cb85,1,0x41146fca1872eb57963375e62ac9b1c5f704fae9
0x56dee90bd445a1d7e1ddf36cb07e8a7269f8c1b3,0xa43a3077298cc89233b81213d7126a57ae0c1be5,0,0xa43a3077298cc89233b81213d7126a57ae0c1be5
0xdae24065f88a623c009bae9fd14e67931241e180,0x555198f9d03cfe62f6520ec1eba90c20bd997705,0,0x555198f9d03cfe62f6520ec1eba90c20bd997705
0xb2acca8dc0e54846b5a215b4934e2eab721504fe,0x000000f20032b9e171844b00ea507e11960bd94a,1,0xad2b0a886d72726226cca88c756a51692af3b6ed
0x5b5b0d702efbccf5e864cb5fba6674e46046967e,0x612e2daddc89d91409e40f946f9f7cfe422e777e,1,0x37b84b579e6b2ef70f1abb87427d81ced7c87f4b
0x9b8ef8b9ec86214dae0edb43ac1922c11ae2b8d9,0x872e5925d1fb3a63176129d9b576dd7c196a05ff,0,0x872e5925d1fb3a63176129d9b576dd7c196a05ff
0x0ef3dd5dd40ecae2c3674ab06c9cee65beb3a900,0x000000f20032b9e171844b00ea507e11960bd94a,1,0x9d6eb7e37e13f46368ec614d2976a4addecf15c1
0x637f938842f416a90a2f569c0a96f112b512832f,0xcc4d0eb09d8cca70cb7b170887be5fd11d0b848d,0,0xcc4d0eb09d8cca70cb7b170887be5fd11d0b848d
0xd24b66c8e81201951c31adc54729bd7e33805b27,0xb358e711c5db1ebc7caff4f4781c8f2575da6338,0,0xb358e711c5db1ebc7caff4f4781c8f2575da6338
0x90a3bf25f775e39fe74b7022b60f811dc7221fef,0x02b5f98a2cd98da04b77cf5a507021a9988b5eb3,0,0x02b5f98a2cd98da04b77cf5a507021a9988b5eb3
0x33551a38ab56abab9f17dfaac817c287c2fbb624,0x000000f20032b9e171844b00ea507e11960bd94a,1,0x836883aec5ba5d5c65c87874d7a2baa4e713c140
0xb04d8db80cee9dc53c1616f2d72fc19eea5a7c5a,0x612e2daddc89d91409e40f946f9f7cfe422e777e,1,0x62addcd4928d535f4d6a5e3da0a05846859a9f1e
0xc8b4ed6d2e45cfedb1fb7bfbe7e69f90118a1adb,0x000000f20032b9e171844b00ea507e11960bd94a,1,0xb1c439311022cfbffd175e09c32f4a72ac28ba07
0xad32646e42bc11ec468c923b40b9a662eaee8989,0xba7e1ad6ef62841b057fcc4694847bb0f79a991c,0,0xba7e1ad6ef62841b057fcc4694847bb0f79a991c
0xafcf1a63de4b18fc903c488bae6d3eb368599312,0x612e2daddc89d91409e40f946f9f7cfe422e777e,1,0x5bcf016d5f701001a785a3f69290523892291bc1
0xa216145244a7b5b55c567739d1aff7c353c779f8,0xe79b93f8e22676774f2a8dad469175ebd00029fa,1,0xf6140dfb940d5340185dbc4016c57e8f6e095b64
0xf6d5f0e5d8212cd25f72e8b8d7090e61a91d2477,0x612e2daddc89d91409e40f946f9f7cfe422e777e,1,0xdea5fb39405bbdd0e3f78075492df5839f9d4908
0x90815e89ad30a400186b6215805e05d084a6dbf4,0xa5e32144effdc76c1435aee01f499b7a6d0c018b,0,0xa5e32144effdc76c1435aee01f499b7a6d0c018b
0x4b8b7e5e891a6f1ab0b967d0755562f065ad8467,0x2269bceb3f4e0aa53d2fc43b1b7c5c5d13b119a5,1,0xd3dd256c6d545834d78f7a747f9ca39849a26e50
0x5987cb4f9db9a1765fd3f4a824d585ec01314dbe,0x5f0589a0cbba08dd66c1135e8bc781c2b3993812,0,0x5f0589a0cbba08dd66c1135e8bc781c2b3993812
0x8f078ed87fdec5dee80a74416876371c30b3acaa,0x612e2daddc89d91409e40f946f9f7cfe422e777e,1,0xdb7b1a018741196b2cf9b04bc5b701de1df37acd
0x8c33b7a8d62445bccada1345b08b1cf14c6c210b,0x4ebc5728224e067f27b6fa83199a2fe01ebf5496,0,0x4ebc5728224e067f27b6fa83199a2fe01ebf5496
0x1d15954010c99263e735282d4a6157496ff90242,0x5c9f2fd6ce9e600dd9c4ca4cd67e777cbab6353b,1,0x83413e7f6697e975be9150c620bc3570f6fc7c53
0xfa364fabcb746e993249ae0780616d4f2c575d88,0xab9c1225662c7990a2f95c6fa1ee8c931d370c0e,0,0xab9c1225662c7990a2f95c6fa1ee8c931d370c0e
0xe3cc76d3b95efb7d42c1b5448dff5515a9c5fcf1,0x09134f8b9470ac70f30555f5be87f9c43b552e5b,0,0x09134f8b9470ac70f30555f5be87f9c43b552e5b
0x5dcfc680e03d42c20391da66703b7f60ce07e7d8,0xe62dcc17ce53be4afe9bf2ea662e09c594b09a0a,0,0xe62dcc17ce53be4afe9bf2ea662e09c594b09a0a
0x8490c1e245dd2c1e0243463cb466cd0ea53134de,0x86fa6a4cb1bc9f5bb0d0824ba25f9065436eed70,0,0x86fa6a4cb1bc9f5bb0d0824ba25f9065436eed70
0xe6212a0da1ebcedefeeee022083d86b9e97e5fef,0x7478f2d0bf268fe222b26c05fff36b0cc2bc66bd,0,0x7478f2d0bf268fe222b26c05fff36b0cc2bc66bd
0x9690eeb9bb5451b466ae8c0f2bacc4621a131502,0x3b612a5b49e025a6e4ba4ee4fb1ef46d13588059,1,0x8a90f7679506b79a9175bcf6cb755ecba8e905f0
0x734203220eb0ce893003a2b251e0dcaab230c80a,0x4fc21517878b88dbee76f93cff2a3eab0d6304a3,0,0x4fc21517878b88dbee76f93cff2a3eab0d6304a3
0x738a0be4d2b2128dc17a6a30ff30c1e88da76d53,0xe4f091560461b441ae8dc1c2de961e002facd59c,0,0xe4f091560461b441ae8dc1c2de961e002facd59c
0x23e377c7897dc0f33ff4e0f615c161c6a2baf129,0xd48ba19c4d8ae08fc189273b52b696931b271e53,0,0xd48ba19c4d8ae08fc189273b52b696931b271e53
0x31bddb8e69bf8a2b88f031d8640f1c958b3f0cce,0x3b612a5b49e025a6e4ba4ee4fb1ef46d13588059,1,0x28778a97aaa60fc7698749afc848ccfaf34275a7
0x69d5fbfdc94de080112641fd7d7a0ec1819f246b,0x612e2daddc89d91409e40f946f9f7cfe422e777e,1,0x9baada55e440836c5d44425f24561d1d7f3e3c72
0x3895cdeae7cbed053e9669f5f8c7acba10a33ac1,0xb4f67420b0d5c579f60af6fd5991d1e17d1128e5,0,0xb4f67420b0d5c579f60af6fd5991d1e17d1128e5
0xf6d1a9f640012e5e219969ed79a59f1f4c3b80f1,0x612e2daddc89d91409e40f946f9f7cfe422e777e,1,0x640ccc7bc29c1d7a71f991e473b70c8b9900b90a
0xb6833d44b9c998a443fc90e022377a950b6e9cef,0x4f92ae4960a6ac49fa88bcf9d6d4b8c53f626a55,1,0xb13db625c65a1cf39579ca6500d1592065d1abda
0x28423516a082b458601c8dabac0136a7a49df84a,0x000000f20032b9e171844b00ea507e11960bd94a,1,0x853196d8baacce9d012e696772390d1a6e7a37fd
0xfcf97f3ecbc0667ffa6d6055fb3d357ac8493ea9,0x000000f20032b9e171844b00ea507e11960bd94a,1,0xf8107cdff7cdd966e0a5a5a0ba47100993fbc86e
0xb71be6854972380198571d1633324f6918ce8b81,0x000000008924d42d98026c656545c3c1fb3ad31c,1,0xf67cd8a34b1aa96ef179966c4f09914b28d16da7
0x7de495bbb7a1c40999e612b402510fdd9e4da3bf,0x618407c23a0768c8eecc0bbe17bd62d22c33624b,0,0x618407c23a0768c8eecc0bbe17bd62d22c33624b
0xe88602d11fed92cd1fe18016022c433ddf062bf4,0x24655994252b3aa038aa2ae9feb6049f2b772a39,0,0x24655994252b3aa038aa2ae9feb6049f2b772a39
0xe0387eaf681e5067c835b13b4e7f308b4f6de0c5,0x000000f20032b9e171844b00ea507e11960bd94a,1,0x46a90f2cda3073b754aed50be4c62e7278983cb0
0x9f0ad3e27fc651339878a0dadeeceb152cf16d61,0x000000f20032b9e171844b00ea507e11960bd94a,1,0x1a87d2d985fc9b723f9649bf01e0200e25fcc492
0xc01199123d4f298408c889b855095cceefd3efa2,0x000000008924d42d98026c656545c3c1fb3ad31c,1,0x3107436e65d179eb90af00b0720f4d6699722a09
0xc0e36592713c102cead818b927968583fc9b457f,0x41f07238c5096eb7eb68c50fe8ae5addecbbf5c2,0,0x41f07238c5096eb7eb68c50fe8ae5addecbbf5c2
0x3c6cafd0d06c9ed0c3e1671fa8b8278cfdbd6a8d,0x000000008924d42d98026c656545c3c1fb3ad31c,1,0x202cb5979eac659da12d17af3144e762efcee7d7
0x53e01235700b4c0e75e43d7965cadb8d63cee587,0x5bff316dfca49819d3cb2a574dbeab5916f34903,0,0x5bff316dfca49819d3cb2a574dbeab5916f34903
0x9a0eeea5525323e8f9fb3fc41cf5925ffc403a2a,0x000000f20032b9e171844b00ea507e11960bd94a,1,0x318e707839e86c7fcf1ce9c263037f34c3edeb00
0x143181d65ce26895199a89283aa6dbcdfccf7f8d,0x000000f20032b9e171844b00ea507e11960bd94a,1,0xc726cda81d87c2efabbd1a98885d0ad5d7814f5a
0xe397769c2c832290a5f0c0132fa98250c7288264,0x000000f20032b9e171844b00ea507e11960bd94a,1,0x50331c11b5d0035e23f733ee4f82f412663661a8
0xb2f87c69820fcb8f6c2bdf4b83dd47ba2ce174d4,0xb66f000362b08e3d4018ec67026635c4aacc7221,0,0xb66f000362b08e3d4018ec67026635c4aacc7221
0x3abc6415a65d23287b473de07b13d7529110fbe4,0x000000f20032b9e171844b00ea507e11960bd94a,1,0x5d467c3cae6bd1af1fb3c43f4c6cc1cb4973a87b
0xc95ee5288c3dd7a99d31eacee246a98b1ee96a29,0x83edba13f160994d638d7f84d3ad41ca16f1d35f,0,0x83edba13f160994d638d7f84d3ad41ca16f1d35f
0x11d8250aaee0d01b92576302ef8f417402ccc657,0x000000f20032b9e171844b00ea507e11960bd94a,1,0xd383965fe09a4f9322a93df622f4ea3605c48c58
0x005fd2e3fb1a0ee98ca2bc9c57797212134b98d8,0xdc3d3fa1aebd13ff247e5f5d84a08a495b3215fb,0,0xdc3d3fa1aebd13ff247e5f5d84a08a495b3215fb
0x6e435872f7a40d0ddedb7a632be7b8eda9bb0923,0x211b9f667ed28963fefe7b54d58bd806f1f17489,0,0x211b9f667ed28963fefe7b54d58bd806f1f17489
0x4476b6a19154c3f967f7c6af14fe0091d08a5c1d,0x612e2daddc89d91409e40f946f9f7cfe422e777e,1,0xea4918567d7a7917f43602bd445cab47c934f4a3
0xb8d0d4b5abe8144e3507e6382e868f6673535084,0x9996f23c497a0b7bbeafc1c4721e13c06108cb8d,0,0x9996f23c497a0b7bbeafc1c4721e13c06108cb8d
0xf5eeba0dd9e69f59053d86265ab4b087c80484b8,0x000000f20032b9e171844b00ea507e11960bd94a,1,0x621e5a7859008deed8165666d8a19102a5d6d82b
0xc31ccff59409ddef31e7545b5ceb5d1f597a5db3,0x440fb810c8f981c12572b63806f95a5adefe13ea,0,0x440fb810c8f981c12572b63806f95a5adefe13ea
0x9cb2755c42f86b0e93f9434f877a5e01ee96c349,0x612e2daddc89d91409e40f946f9f7cfe422e777e,1,0x92aa548e9f6d48082963fa94ecdf7d30db25867b
0x567426806b98ba916a94479bfa37071146a674ee,0x000000f20032b9e171844b00ea507e11960bd94a,1,0xa8d5f0f88674134825d1f3b8730f7ed35780da72
0x3b351c4cda0ca6e6619fdc5d7bde1d6f86edaf4d,0x000000f20032b9e171844b00ea507e11960bd94a,1,0x3a8642ce733474241c23e8a591d87e753515d2f5
0x1ab02ced79098eeb392f0a7bebb6530de2056357,0xa6c5f2de915240270dac655152c3f6a91748cb85,1,0x9e5f945cd821e308f45487990b58b01e271ab23d
0x8f9bbbb0282699921372a134b63799a48c7d17fc,0xafe87013dc96ede1e116a288d80fcaa0effe5fe5,0,0xafe87013dc96ede1e116a288d80fcaa0effe5fe5
0x8f2a7af7aaf33ffe4e2c61ee91fde92cecea45dd,0x5c852791fe774bb41757711b37268f713e1d6559,0,0x5c852791fe774bb41757711b37268f713e1d6559
0xe81175546f554ca6ceb63b142f27de7557c5bf62,0x070dcb7ba170091f84783b224489aa8b280c1a30,0,0x070dcb7ba170091f84783b224489aa8b280c1a30
0x4b69b83309f8077663f7c642fdea9da7e23852c8,0x4369cea3ea6b07fac2a506e5954d1511a2936042,1,0xfbc3b76a206f03f1edbf411f280444cd3fd9c7c8
0x659ee8e41175a5555e806d780c9efc7f588d71bf,0x4369cea3ea6b07fac2a506e5954d1511a2936042,1,0xfbc3b76a206f03f1edbf411f280444cd3fd9c7c8
0x1c69d6bee307e726ca1164b93dfea512bdaeba2a,0xae4d2f063b6e75921938445c8ba78e45d268c783,0,0xae4d2f063b6e75921938445c8ba78e45d268c783
0x8c4cee26dd4eb163ea89430434519a18ce6897bc,0x343bcbfaefea40f2d395016c335ccc7b91c000d8,0,0x343bcbfaefea40f2d395016c335ccc7b91c000d8
0x86802b7e9b6d78ebea4d855fcbad6e490b4bb7ea,0x45576be0d36a5b9f5bccc60995746a71a27af625,0,0x45576be0d36a5b9f5bccc60995746a71a27af625
0x49887f299dea25ca407f599d2d8a3937e108bac7,0x3b612a5b49e025a6e4ba4ee4fb1ef46d13588059,1,0x42d6977c0e0596dfc681afc637cfa53e48301488
0x28783a20548092fa6c9ccd55c4f58fdd8f57293a,0x98e77f4a6d2f5f3300651ae3d6b6d470707c3939,0,0x98e77f4a6d2f5f3300651ae3d6b6d470707c3939
0x1536591a2ae88bbfbb2511b0808696bc0266dca0,0x319985fc6480e0e56e24d268041b7f6f0a194158,0,0x319985fc6480e0e56e24d268041b7f6f0a194158
0x371e60cd08445afd78098a74984ff2c9902197b4,0x2009a752a50d3cde486d7b5921944377b729e747,0,0x2009a752a50d3cde486d7b5921944377b729e747
0x9df70aec91bd0680369e94125e76559fbd4f7b78,0x3b612a5b49e025a6e4ba4ee4fb1ef46d13588059,1,0x80d29018698ce8202f0df2a084701a730cb78e41
0xb40e4620d3a2bfe0259b409840adcdd5d78aee02,0x5927b9c6dde237639bc45c08455fa8f6f1072aa0,0,0x5927b9c6dde237639bc45c08455fa8f6f1072aa0
0xc1e105af33b1b548d6801cb74dbafb83a6e0903c,0x816ec855f5806df61c060a4d6a863b391ba0a821,0,0x816ec855f5806df61c060a4d6a863b391ba0a821
0x8d40ce30da8de4d8c78687e13911d7a6cd1ba703,0xe103e3209927b4a0cac542170b70dca090f337eb,0,0xe103e3209927b4a0cac542170b70dca090f337eb
0x380f0656a2cc032583bd26d4ffe29a27b6079050,0x6819ea7792cc89394feee84fc70d54a67cd0b765,0,0x6819ea7792cc89394feee84fc70d54a67cd0b765
0x9ad00312bb2a67fffba0caab452e1a0559a41a9e,0x2ce780d7c743a57791b835a9d6f998b15bbba5a4,0,0x2ce780d7c743a57791b835a9d6f998b15bbba5a4
0x9ff808c7e6c9fdd2c55aca09ba54eb282f9189b1,0x9425bf08e420bbfc380c2d453896c9e28f2012b6,0,0x9425bf08e420bbfc380c2d453896c9e28f2012b6
0xd16c89dfa1d2d841d23ce5cfe20802c803669e01,0x612e2daddc89d91409e40f946f9f7cfe422e777e,1,0x98ad29743dd5620292296c3379ae02e7f0fd76f4
0x3f9a5dd906e38334e4df804839e9080ab68669bd,0x612e2daddc89d91409e40f946f9f7cfe422e777e,1,0x431ffe26e2bf46c6d75a4ce14acb1b04586bb464
0x04ab7d10b2b28c753f3acb74fc79f9d154f94e7d,0x612e2daddc89d91409e40f946f9f7cfe422e777e,1,0xc8822de0e40522b26f76a3cc6505a67acd250fd1
0xb20e024da94fef84b5dbde3a639048952de58169,0xc358522c2eb462e4886f4c5a53e5e380a616b63a,0,0xc358522c2eb462e4886f4c5a53e5e380a616b63a
0xe1d6ffd8549f03d444102d75de99882f25a6af4d,0x2c325156416cc7b701151dafb6d4c0bdf0d398f0,1,0xa7db2cb984db795ae132a14523d9928472360228
0xabe292b291a18699b09608de86888d77ad6baf23,0xff19a52d31fc2055415080cbf82099dffb48b21c,0,0xff19a52d31fc2055415080cbf82099dffb48b21c
0x0a69fdbaf055f92b8cc16a4ddb2dde8abe876927,0x76e073b20c2c5d3332a73ee29fadb463daa3299d,0,0x76e073b20c2c5d3332a73ee29fadb463daa3299d
0x9ff19be8fa1f8cf8a017051daa5dfb491ac2ccee,0x72754d618a920781f3568c7269df4aefa3835fe5,0,0x72754d618a920781f3568c7269df4aefa3835fe5
0x80720d5866237550f43259431fbc6319937ef8f8,0xcdb8446b0346ef1245d5f5224b334d2959d53ed9,0,0xcdb8446b0346ef1245d5f5224b334d2959d53ed9
0xcf7b52509d3c9d19c5fd2a96473ae717836fb4f7,0x612e2daddc89d91409e40f946f9f7cfe422e777e,1,0xdd48069a09588b84cd0df5a1ff9e1afaa0136001
0xcb686e1643d333ee3e076e32cfe5fd754280391f,0x612e2daddc89d91409e40f946f9f7cfe422e777e,1,0x70be9412d535d876f46ec469e5d91a44922f61ac
0xd7961426b8039bb69b3dad0f848778a1c116ed4f,0x7479abf9c6565117c524d7c139cf62aade952aa3,0,0x7479abf9c6565117c524d7c139cf62aade952aa3
0xd176d7d014656c99f36055c5fbc4d534ad421afd,0x6860a976ad57c6c41d3697682cdace90c8db3c26,0,0x6860a976ad57c6c41d3697682cdace90c8db3c26
0xe1ef77f138e0b4f918b0bc4ee5f00f677663734e,0x76de050980cbedbca6bec638637016ea5d467d7e,0,0x76de050980cbedbca6bec638637016ea5d467d7e
0xc5565441ee6ef6e163ddee87a844a1a912e9fc0f,0xf0581bea7a63b930c4e11e67d746b207e4326cd4,0,0xf0581bea7a63b930c4e11e67d746b207e4326cd4
0xe6f8da9a68be9e49972e5f85bf6be0ee36c6bbb1,0x4b7a8ce7d004c5c68207f355f6a838c941ff6b96,1,0x229144503392aff5dfcdb8741dc1ef4d885f1dc6
0xe22aa156c99428b419898c982a97e43eda85744e,0x8157a950b55523ca4631ecff62b092fb59b5ce1a,0,0x8157a950b55523ca4631ecff62b092fb59b5ce1a
0x9a0e5198aa188b87a13541d160af5559e9abb4b6,0xa0169a3ab66615915d64b80df83d20bcc7746e3f,0,0xa0169a3ab66615915d64b80df83d20bcc7746e3f
0xb3302077b95d6a7e4a35e4f3bca2efeed9280781,0x612e2daddc89d91409e40f946f9f7cfe422e777e,1,0x6b57844faf88db2199e90f81d7e250b3f516cc4b
0x6414e52fb0d419cdff8f93aec3aa15fdbc584bdf,0x7354936bc7a72c8baf5a2f9262e70a52c427be4a,1,0x5704eaa611b175105895862e72f7ea930a80eae3
0x895688bf87d73cc7da27852221799d31b027e300,0x62ac2dbbd306610ff8652b9e0d1a310b6c6afa0f,0,0x62ac2dbbd306610ff8652b9e0d1a310b6c6afa0f
0x02132b0cd333cb2444ad4f315943a400dfef933e,0x420afea8152c4e038b18ac54898ca9b4e2e1f4b1,0,0x420afea8152c4e038b18ac54898ca9b4e2e1f4b1
0xcb45f008676c2638056849be2813ab08063f67ce,0x6e55e861f025cb338cc5b1ab20fbb4fc5e3f6233,0,0x6e55e861f025cb338cc5b1ab20fbb4fc5e3f6233
0x499d4ee8fde7959bcd09810fb6709eeee86ebf0d,0x612e2daddc89d91409e40f946f9f7cfe422e777e,1,0x38e23cea342deea0744a4f68780053f347b8bfa6
0x48ad2ce1ff4b63d6a22c6da90de13415f208230a,0x173820fc6e6f8d4f85a7a7e186e5852e1b4a968d,0,0x173820fc6e6f8d4f85a7a7e186e5852e1b4a968d
0x8f66a1247a7e2a48998d02593407474b75a7ced6,0x3e52531da35868993865c76e2851918c925d40c9,0,0x3e52531da35868993865c76e2851918c925d40c9
0xfa84f7ca8e0ebf129fb3dae3b8eb7d2cceb1eff5,0x733cf2b788daf29b9095763c78bc0aa4147aceb7,1,0x7d73d8bc4d62e93496cdebb51e1be573d0ae03a1
0x7ad7f98f229c5c1ea5161bed952c3007dbe1f307,0x80cc222ea02f4334f67e9e55e7412fed62599004,0,0x80cc222ea02f4334f67e9e55e7412fed62599004
0x24b7c656f5a64530f42450bc4958720b3204e1e2,0x612e2daddc89d91409e40f946f9f7cfe422e777e,1,0x5568945b2978f255e653f364acff5c1aa85d83a2
0x70f90de4fe4d81db5999a507912ae5b366a002a4,0x91f4c11a35444c6ad79b0d4a264b636089396678,1,0x988b64a7e619159632e282f5e741d0206e857097
0x3118d9776af8953ab252ba1b1f7a1d5f24101127,0x565336703d10178b375338e8026e820aee2daea5,0,0x565336703d10178b375338e8026e820aee2daea5
0x8db4a0ce6adceff24cee23c9601aae4de05028fa,0x7354936bc7a72c8baf5a2f9262e70a52c427be4a,1,0xb6bb8729babbbfdd37ae2fcdce73955427dcc79c
0x277f2293e5a64647b92c5fc23f423c06da0069a5,0x000000f20032b9e171844b00ea507e11960bd94a,1,0x123468cb72fca19f721cb17eb71c6da4e7b850ff
0x7c1223f61036d47acb5dd6c6155698691bfdf635,0xb2019531de3bfda451668acfe40fb3aee59975b5,1,0x0b3b0c62c472468327174fe1ec1fa618e6fcf0b0
0xa5f7dc85ad2a07ba0190544b64c8a881bc970fed,0x0dadb64c3ccdae2b1f3bc6088edc8fc7021d3f28,0,0x0dadb64c3ccdae2b1f3bc6088edc8fc7021d3f28
0x4304e9605806d92e01a76ef538ca3199cc67a96e,0x000000f20032b9e171844b00ea507e11960bd94a,1,0x232c274b2cebe80676698e09e723d06960b7f0bc
0x41e2bd964d25f4557441b1ed9d9f42ae09fcbe03,0xc8f8e2f59dd95ff67c3d39109eca2e2a017d4c8a,0,0xc8f8e2f59dd95ff67c3d39109eca2e2a017d4c8a
0xf9827f412e2332475e6e3d56f99f5b37c5fb02cf,0x612e2daddc89d91409e40f946f9f7cfe422e777e,1,0xde9ba5f62d6047c4a9ccf24455aa733ccc5b8f41
0x3cb38a7f0c24e54b6eceee501724c934e51e4655,0x50a5838b1c305b21c7f7084f45a03e9900bf43df,0,0x50a5838b1c305b21c7f7084f45a03e9900bf43df
0x738d6e91a18d6981d485953d7027a294ad36964d,0x612e2daddc89d91409e40f946f9f7cfe422e777e,1,0x0545804590f87e88302bd5aa98a531b5147a3a4d
0x4a75370c15a636d3136c1ca8cf66ca02f7b1e5b7,0xa65c85404eb6a99060304de0bde6ad3f195f6afb,0,0xa65c85404eb6a99060304de0bde6ad3f195f6afb
0xb5bd929a7d27e738bd9d37ff7931e259dee3f7bc,0x000000f20032b9e171844b00ea507e11960bd94a,1,0x769f96d9e5ad64e81303e23f86a9836e7cc45a27
0x1bace9678782f1b7844da559b2cf29d3467dbaa9,0xcbfccaa1935a6641347377e5031f955aeecfa6f9,0,0xcbfccaa1935a6641347377e5031f955aeecfa6f9
0xd32977557aae57bf2e526d4985f54ebf6281993b,0x612e2daddc89d91409e40f946f9f7cfe422e777e,1,0x38e0e001d38e01e70a93cf75e96d69db0cd0e0e7
0xa9b9561c0dcb6540ed7338c6826b1635232843b4,0x612e2daddc89d91409e40f946f9f7cfe422e777e,1,0x4bae43a2c32978c6ed56fa9500917dd47664b44c
0x7ff8744e739a16f42d09bf6c75fdfe4e82792f09,0x000000f20032b9e171844b00ea507e11960bd94a,1,0x09c15b9c25ae812ef175dd73f30f187edae585c9
0xf80c449daaa28a9d88d8e1fa6797878766cfc43e,0x000000008924d42d98026c656545c3c1fb3ad31c,1,0xc3d909683270f33842dd8f566f8f960ca219875d
0x6f9836336fd0574074c4ad8423644b8af01c83b3,0x5a590b66eaa1f8b4dd6efcf321a82e8761338476,0,0x5a590b66eaa1f8b4dd6efcf321a82e8761338476
0xf65c773758d8c30f302fcd03fab37474d4e39026,0x612e2daddc89d91409e40f946f9f7cfe422e777e,1,0x41b3c6952298b27b942e5c25cdc0d9d9763bcb80
0x4c25d8af50e40fc88e15af463f886c2037b34f80,0x612e2daddc89d91409e40f946f9f7cfe422e777e,1,0x047d746e450516ab68b5f3c3fdeac95ad1ef20b8
0xe3e822fe93a503eef0be1e05087b85249173948b,0x000000f20032b9e171844b00ea507e11960bd94a,1,0xe32c6fbd29544b5356a34a69041ee15d5fd39b9f
0x63691c5fb634c5eec1f7dca86d03e906eeb3e909,0x612e2daddc89d91409e40f946f9f7cfe422e777e,1,0x1479e8e655fb6adaece7aeef8cb4bb980ad5ead1
0x96f9f4e204a3b2f9dd59d0ad7a93eb4d5004deac,0x000000f20032b9e171844b00ea507e11960bd94a,1,0xe22f77713d1497c8fd0ae0a68125e1f3aac1ae8d
0xce0eec5029b0d598ab603e2c2a1b0affe8c17792,0xb721640f923f9eac62032097cbd916501a3d3e0f,0,0xb721640f923f9eac62032097cbd916501a3d3e0f
0xad6e74eeb2ab98dfab8bccac71be51c32983c6b6,0x612e2daddc89d91409e40f946f9f7cfe422e777e,1,0x805d7d1bf6207ed2b2f76c710a235636a018faf9
0x1b1dfb3698d6922956e4aeaf1d8ee640ebfc08b6,0x612e2daddc89d91409e40f946f9f7cfe422e777e,1,0x9f218c1380ad55e4a40b4da89795bd56e93e90ea
0xa518aaaa1898118ed03fca5e97b1876ed45c9c48,0xe79b93f8e22676774f2a8dad469175ebd00029fa,1,0xd733178dd3a916b023e655d6ccb5c20ab0baff25
0x8853b05833029e3cf8d3cbb592f9784fa43d2a79,0xffaba14532e9ce13639ceeddb6b71645f013bf5a,0,0xffaba14532e9ce13639ceeddb6b71645f013bf5a
0x8f6fdbf28eac284dc7511aa1d900cb1d8b155296,0xc852ac7aae4b0f0a0deb9e8a391eba2047d80026,1,0xa921af7e4dd279e1325399e4e3bf13d0e57f48fc
0xefdbe9a86a0ccdf905e566a6ca809b85a3214ffc,0x90451243ad2d7da2229fcaa263f460dff2e375ce,0,0x90451243ad2d7da2229fcaa263f460dff2e375ce
0x08d215e4af1e723ceb6b6a0787a6ec777353ae93,0x3b612a5b49e025a6e4ba4ee4fb1ef46d13588059,1,0xd0be6e218bffbc34e228ecdde6d04bf8484f4404
0xb932a70a57673d89f4acffbe830e8ed7f75fb9e0,0xb2d39da392f19edb27639b92adfe7edfcc96391b,0,0xb2d39da392f19edb27639b92adfe7edfcc96391b
0x0411f0ff4105fdc075e5e1bfdab47183c1b9df78,0x6df08c7b0ce433e29a77281b6e776487730ee900,0,0x6df08c7b0ce433e29a77281b6e776487730ee900
0x03d8ff0226dacd17d180b417f193ec4aa27530e5,0x3b612a5b49e025a6e4ba4ee4fb1ef46d13588059,1,0x93ba538d15642b703aba9adab81d25d589e116d1
0x201360e23b6468481af7116e4bb0ef95ba67afc2,0x4076eca4db9684fa1d9bfac231cb516889a33e5a,0,0x4076eca4db9684fa1d9bfac231cb516889a33e5a
0xa7d8d9ef8d8ce8992df33d8b8cf4aebabd5bd270,0x96dc73c8b5969608c77375f085949744b5177660,0,0x96dc73c8b5969608c77375f085949744b5177660
0xd93206bd0062cc054e397ecccdb8436c3fa5700e,0x8208792493b50913ed495f9caf9a30662debbf57,1,0x70feeec90d37dc73d9ded8cfafd7ede3f697b70b
0x5567cc781b169ed6e930b407ab038e7a8789dfd7,0x139c8919ce2b7fb8a04f929d83b8c54c116c692b,0,0x139c8919ce2b7fb8a04f929d83b8c54c116c692b
0xb95abd5fa9e71f1981505c3d9a7800c369b0718c,0x70e833e78d70fe7d8edee4b6a4a229fc437827b4,0,0x70e833e78d70fe7d8edee4b6a4a229fc437827b4
0xba9b9b30545d12289d3019ca5d15fabce88562e1,0x3b612a5b49e025a6e4ba4ee4fb1ef46d13588059,1,0xc1cf83f7c006cc8f50e62eec470c704f05cd7e29
0x82d015ba040331d04f422c1148424386db54d1f4,0x3b612a5b49e025a6e4ba4ee4fb1ef46d13588059,1,0x29f990c2a1ab7e65cd360052d309f35decf04c3c
0xdebc3785c668a0bc72b38c4190601a499127c5da,0xccc03abdc998e77b91f95283a644c99a0b3e0f14,0,0xccc03abdc998e77b91f95283a644c99a0b3e0f14
0x3331f6359ff4b118ee8a68ed2a1edff0238a4f52,0xad3a2af858b08474caef73333f6000eedd7f6131,0,0xad3a2af858b08474caef73333f6000eedd7f6131
0xe948a35a7bf57dd2cb8dae43714154986821e2bf,0x3b612a5b49e025a6e4ba4ee4fb1ef46d13588059,1,0x72e0f3ca569a7887fd5ff485e480863616f38ed5
0x144bc33595f485f31e4ea2db823caeda68ea356f,0x612e2daddc89d91409e40f946f9f7cfe422e777e,1,0xec61579f47adfd31317d50cb7e3cf0e3c774b2e5
0xd68a7beb859e6a1047d0e83e3e9f2bbf9500f833,0xea136d0afa6211ddd98bd83ba021b86302eaf664,0,0xea136d0afa6211ddd98bd83ba021b86302eaf664
0xfd4efa1565906b3e41a9bd4d3db6c97f7066e722,0x0b63bd4617846a8cca68e05343861cbc80002233,0,0x0b63bd4617846a8cca68e05343861cbc80002233
0x623efad68f39805a9948de309062f3d972b55e04,0x76f948e5f13b9a84a81e5681df8682bbf524805e,1,0x6a17d3dd92a8d8fdf8a1f27c36a9e046121fc69c
0xae8e16c4a37fbd8241d60ec542a4ab97a924f563,0x049de5b361360ced1e9c15a8b1e791795d8d4057,0,0x049de5b361360ced1e9c15a8b1e791795d8d4057
0x4bcf74964b994c6049c112ef2fb82174b6b5e7f3,0x612e2daddc89d91409e40f946f9f7cfe422e777e,1,0x7a5fff6406b5e66112fc55da125baa6f1cf501d6
0x068487eb7689f1746d1adcb295e561ec00df8ac4,0x612e2daddc89d91409e40f946f9f7cfe422e777e,1,0xab0f23bdb8007fd9407cddfdc199de97cda34745
0x1f35fcb331332dcf033d56779691bb76f8d8f39c,0xe830c0d6b74e1dc2767ea3b36f8eb359188b3d90,0,0xe830c0d6b74e1dc2767ea3b36f8eb359188b3d90
0x00158695588a10cd1cd22c9d3f8fb1713a851d4a,0x000000f20032b9e171844b00ea507e11960bd94a,1,0x4b30eb025c931278fde67725428e0370183559aa
0x14f153803b953da42e7bf2c15a4a3dd5df51a701,0x19478179ef8bb7c4792a4041903080e097d137dd,1,0x257b8b99446bd0f982aead09c0d9b7f9d4361c1a
0x3763a064e299d189442d56ee6618aee5ba6e209e,0x000000f20032b9e171844b00ea507e11960bd94a,1,0x2fba2b6cbcf496f9c4ab9bc0346f0fe51e7cf1ed
0x03676689c0e461643fe5bf177b51b80e6fa91faf,0x0000000000aec84f5bfc2af15eafb943bf4e3522,1,0xd9e1da631da9b9bd061f47725fa624f407e51dd6
0x674f194515c89788ccc2434d913df782aadf9a76,0x612e2daddc89d91409e40f946f9f7cfe422e777e,1,0x176e9e635598ec3fbb3ccd67ab5cb47c99bccce8
0xfa95fdd4fba54252a1f98bb49aabeeff8cb5040f,0x000000f20032b9e171844b00ea507e11960bd94a,1,0x0ceb3da7dd4c5e40b3de60733f5e36486b60d39e
0xe997f485b5fa82a2ed4474d7e3e8608df4b1d4bd,0x612e2daddc89d91409e40f946f9f7cfe422e777e,1,0xfce6abe45b291522cd0d7ceddf1dac2ee0283a6b
0x6e5c256710d0a8e63a991a5e63aea0462fd7513e,0x38b08883afd0725e4a0e9213591481d9ad33aec4,0,0x38b08883afd0725e4a0e9213591481d9ad33aec4
0x509112a7ab789c6866615865a8ae0950b9acbb02,0x000000f20032b9e171844b00ea507e11960bd94a,1,0x17844e04d41adddf4b4a96254aee7598ce19ed06
0x2e370e4700532d0872b651c495277bd4bb346cfe,0x000000f20032b9e171844b00ea507e11960bd94a,1,0xc870fb651a7e18d0bd2223b6ac6afe0529172ef5
0xec690d32cccd488dd6c21eb43ba041f592d49499,0xa8357ee17cb3ff5a6b9694ddc8fde0ed2ce9d788,0,0xa8357ee17cb3ff5a6b9694ddc8fde0ed2ce9d788
0xf34a7b9982c4ce4c37911b57ab8d555dd3fa24cc,0x612e2daddc89d91409e40f946f9f7cfe422e777e,1,0xc7c1cf469a6297695c016148ec4a4724901c127f
0x408a643532e0191f22e525f8c66016492c3b0efb,0x000000f20032b9e171844b00ea507e11960bd94a,1,0x0031063bc6bd13b50fb45d9360c7a094108318c3
0x87ea97cbb80b161ef28fedb17b227abd539477de,0x612e2daddc89d91409e40f946f9f7cfe422e777e,1,0x7a34c387965762094a119aabba07b7eb84efbad2
0x14ea5a8917de0a70d2b4f87b458de6f2e8d70fea,0x000000f20032b9e171844b00ea507e11960bd94a,1,0x69885a66be5c59e3078bed90335db826a12b9791
0x8436f16c090b0a6b2a7ae4cfcc82e007302a4b38,0x2b320551df9cf5770be76a6bea38f3571f7ccee2,0,0x2b320551df9cf5770be76a6bea38f3571f7ccee2
0x5988fc0c92313e1a511e05dc4803709b17c92262,0xa49c0d9a786e659a0557281b4fa72cf8cf08f6cf,1,0xb9d5c93ec9aba93180ddd00a628e8facc3103039
0xd4d7fb29a9792ad2233223296af887036174189c,0xa49c0d9a786e659a0557281b4fa72cf8cf08f6cf,1,0xfbc3b76a206f03f1edbf411f280444cd3fd9c7c8
0x6b05d538724e2cfa5014c187bbfb52822cc89a72,0xa49c0d9a786e659a0557281b4fa72cf8cf08f6cf,1,0xfbc3b76a206f03f1edbf411f280444cd3fd9c7c8
0x7a15b36cb834aea88553de69077d3777460d73ac,0x1d05cf6c6beb0c869851bfdb9510d4e44e855ad6,0,0x1d05cf6c6beb0c869851bfdb9510d4e44e855ad6
0x68ec932ccb3b1aac03766a3f2f3d90b7603f2cd3,0x049c48d6e1619cc9aad5005aa3508a33b4f4a114,0,0x049c48d6e1619cc9aad5005aa3508a33b4f4a114
0x20016fa709765558ed8229d8572a4275d3a1899f,0x63e3c398609184f948a671a02cb87740d0aff856,0,0x63e3c398609184f948a671a02cb87740d0aff856
0x48dacfb883a452af47404650f7538e6e0893cc56,0x3ed9707718a0a41464c905aed5fbc5a067236c0e,0,0x3ed9707718a0a41464c905aed5fbc5a067236c0e
0x3180f5cd37bb9db58add51f030fbd836b6833414,0x3b612a5b49e025a6e4ba4ee4fb1ef46d13588059,1,0xfadada0d6234062b63ed017538456e997d7c0db9
0xc5f2e725726d80ac099db1d33ba15dc5243a7e44,0x6e42262978de5233c8d5b05b128c121fba110da4,1,0x5550d9f1d786f5e0f32470d8f333181930e4b55c
0x736f09ce5538b2b06f06f7d4cb560a51efa34d8b,0xdbf511df11612e32625b80a0ac97266e62795c51,0,0xdbf511df11612e32625b80a0ac97266e62795c51
0x9dfed32690b9dff8e4fdc1813636a07c66353352,0x0503bf05c49f96faac2b0f5fd394672ed4603c52,0,0x0503bf05c49f96faac2b0f5fd394672ed4603c52
0xb71cd7d8c1c07f2265e220917b499be9f4f4be0d,0x2262d4288f35b75831f0b132a7b1fcf719430274,0,0x2262d4288f35b75831f0b132a7b1fcf719430274
0xf41fbc1ceaf70bf4dde519b7086a2151cfe3cbdf,0x0c481cd7d09bdd222351d52622d272367cb3d159,0,0x0c481cd7d09bdd222351d52622d272367cb3d159
0xf3ff64b9477b19adcf15e71945282dfac1a1703b,0x87faab05be6ffd3143e2150b2da656fcc0ec40dd,0,0x87faab05be6ffd3143e2150b2da656fcc0ec40dd
0xf4fcd91f61b2b3e44a8530adf8d4d7f310d5f20d,0x2b138068b1c68ee044d50f735e686f21e8087f89,0,0x2b138068b1c68ee044d50f735e686f21e8087f89
0xb5fb0184a22ce644139bf9b888f72a1e1f85c884,0x36ab75710650754c32e4850d2ad050849ebb5899,0,0x36ab75710650754c32e4850d2ad050849ebb5899
0x832de117d8fa309b55f9c187475a17b87b9dfc85,0xb4005db54adecf669babc3efb19b9b7e3978ebc2,0,0xb4005db54adecf669babc3efb19b9b7e3978ebc2
0x64387ff1c6735a1d3bddf8065e5660f4e43d5115,0x942c896ec7a388e4bbc782889cfa287b74a49df5,0,0x942c896ec7a388e4bbc782889cfa287b74a49df5
0x79241493ee775c271fbfec8d4afa23a2211a16ea,0x2c325156416cc7b701151dafb6d4c0bdf0d398f0,1,0xa2b50bfd6c82d8e8aed5704f3b931d7c78d02397
0x0c700fe23ae289677003ec8244b5b6c612318ebe,0xd3d95ecbc251b6ce668a2abe88bb8821de9f6b91,0,0xd3d95ecbc251b6ce668a2abe88bb8821de9f6b91
0xbbbaa1ac3a628e31e7317c3c6560d9afb84ee5a9,0x612e2daddc89d91409e40f946f9f7cfe422e777e,1,0x0635df58f27c724fe211e4c13378139717232816
0x37cdcd2e33c487a1480acfc0726478232d16eb4b,0xff51dea702f2251d3e8348543c555eec5a1a10cb,0,0xff51dea702f2251d3e8348543c555eec5a1a10cb
0x595787ffbc575619f1e22f9f0e4cd069e93d228c,0x5136bb396563a9f5e6cdabd2507af7597f54b2b8,0,0x5136bb396563a9f5e6cdabd2507af7597f54b2b8
0x3f5492798a65bb05f9da37516bdb17540681a3b1,0x0f7b881d71ef1996d090b5e59a4645d3e35a002d,0,0x0f7b881d71ef1996d090b5e59a4645d3e35a002d
0x6c410cf0b8c113dc6a7641b431390b11d5515082,0x623fc4f577926c0aadaef11a243754c546c1f98c,0,0x623fc4f577926c0aadaef11a243754c546c1f98c
0x5e4a202dc69b3ad36a8b84801cfeba9e5934edd4,0x33e51a1141c44cc8bcb9b50c4a3c7ab59f4cf68c,0,0x33e51a1141c44cc8bcb9b50c4a3c7ab59f4cf68c
0x68804d1c95ee4d4768f0209435df7f66896cd623,0x89d1017342eb1c9e7b1090b32f44ac6459324ead,0,0x89d1017342eb1c9e7b1090b32f44ac6459324ead
0x919da7fef646226f88f70305201de392ff365059,0x5dbc7b840baa9dabcbe9d2492e45d7244b54a2a0,1,0x83378eb64704e73a2e32152041c1b5717b1971bd
0xcf25c9881a36176ad89d6144ff7b5c639bfb30f6,0x612e2daddc89d91409e40f946f9f7cfe422e777e,1,0x23ab8cc9b8cdc2c9830dbeddd1c59d32014a41a2
0x3f5fcf0c10d3d8380ff2159f7b33b5ad103b8a1e,0x6faea455ea5309259cdfb076caaf779488ddf8de,0,0x6faea455ea5309259cdfb076caaf779488ddf8de
0x3a296a32ad88d12e95199b704e0c07e0c9e438fe,0x6351ca30d72f41f65af21a7a48c8e79163a9dea7,0,0x6351ca30d72f41f65af21a7a48c8e79163a9dea7
0x592f5e8f752365cb54425cac09d93b8a9460b657,0x9c0998152d9654b3dcad1da31bb01bfa0b61892f,0,0x9c0998152d9654b3dcad1da31bb01bfa0b61892f
0x8f46001d30a9206b67741ebb04509e6a5c1b6671,0xd630b9fe9683b2e03735cab7b5df1a0a3c258636,0,0xd630b9fe9683b2e03735cab7b5df1a0a3c258636
0x4b75e18bb0b64f5089ba4a0535dfd00cce0b09e8,0xd9004015faddec92e9454915438ea7880de3be6d,0,0xd9004015faddec92e9454915438ea7880de3be6d
0xe7bb7e592d1445b67abf1016cf9eb46e404fb3e8,0xec4e75dd64afc0a94b1e892f5c71bab3d64ef1af,0,0xec4e75dd64afc0a94b1e892f5c71bab3d64ef1af
0x7161174f2341d8ee0a5808f6152d6e67de9021e4,0xd612f455fc59fdbe3dcbcf05a2e7424a5551e38f,0,0xd612f455fc59fdbe3dcbcf05a2e7424a5551e38f
0xabd0159c92c8d535fae8a597a27fa46e1caf6e2e,0x612e2daddc89d91409e40f946f9f7cfe422e777e,1,0xa04611ac0438bdada004680628704151c8db044f
0xd819b814fcd713a6f7e7b354d8206d1d7c6444c1,0x836ca162d001ca23f40eca50dcdd21c66e350f64,0,0x836ca162d001ca23f40eca50dcdd21c66e350f64
0xd8a1a7f98f0c1b7abd8db5c00b84ce4e0a6698cf,0xb6b35d3263832338f883be9373d18f7809f21e3b,0,0xb6b35d3263832338f883be9373d18f7809f21e3b
0xef5baa46f76653c90defaeb558d39afad73845e2,0x949068b016f55ae5b47aa2cea0e082e8ee6eb1bc,0,0x949068b016f55ae5b47aa2cea0e082e8ee6eb1bc
0x39ae76a06f0508f53a25b08595e744f975f5927d,0x21e0da7e1d18f312de341d8f61bcef1ce50480ec,0,0x21e0da7e1d18f312de341d8f61bcef1ce50480ec
0x20cddf283164ee59742c80aa5ce9b97127f123ce,0x15b61e9b0637f45dc0858f083cd240267924125d,0,0x15b61e9b0637f45dc0858f083cd240267924125d
0x45ce64a593b0fc696a6be15337dd1943abd7dbc6,0x633aa3290cebed55d1c39b0d53dbb188a81099ad,0,0x633aa3290cebed55d1c39b0d53dbb188a81099ad
0x069cea660218820935ee5fc9099e7874c69065d9,0xad3c9aefb16ce19e0c31b505d7b76e5b8e7eb9d6,0,0xad3c9aefb16ce19e0c31b505d7b76e5b8e7eb9d6
0x3b80862bf6eed75a7536b6533cd2271ca7d89774,0x3783c56c35963d83742d1fe3eab546f61d0eb9c7,0,0x3783c56c35963d83742d1fe3eab546f61d0eb9c7
0x9532b6ca96906c330055822622f2c05628e426e9,0x612e2daddc89d91409e40f946f9f7cfe422e777e,1,0x7938735f25c28e7dc785b198426a74075a432b67
0xa7fc58e0594c2e8eceffadce2b3d606baf782520,0x59283132cf299596b4c8084a38c4cf72f5f73d55,0,0x59283132cf299596b4c8084a38c4cf72f5f73d55
0x67c8aff20754629308ce5be49f5cfeef5c7d5296,0xea6e311c2365f67218efdf19c6f24296cdbf0058,0,0xea6e311c2365f67218efdf19c6f24296cdbf0058
0xa3fb4b91aa7beb43bcd520f7979014e9c7378d86,0x7354936bc7a72c8baf5a2f9262e70a52c427be4a,1,0x934c80e3a3e9136ee3558950385b66ac5e7d9bf7
0xc1ed28e4b4d8e284a41e7474ca5522b010f3a64f,0x868964fa49a6fd6e116fe82c8f4165904406f479,0,0x868964fa49a6fd6e116fe82c8f4165904406f479
0xf6d3b8098967dd349d0477f01c16e8864a832ac2,0x868964fa49a6fd6e116fe82c8f4165904406f479,0,0x868964fa49a6fd6e116fe82c8f4165904406f479
0xd72c81c7f67ada916bb90685624288d2aeb99ea6,0x612e2daddc89d91409e40f946f9f7cfe422e777e,1,0x211c4802667c90ff074da26425097eaed9ac9079
0x8c3c0274c33f263f0a55d129cfc8eaa3667a9e8b,0x2272ecf43a7481088fa2d4ba9109804ed5a31901,0,0x2272ecf43a7481088fa2d4ba9109804ed5a31901
0xc3ae21da37d7f200a85f007124854b933d8638f4,0xf74b146ce44cc162b601dec3be331784db111dc1,1,0x0000009d4f6e8fd7f8df727bbbcd5d4ad57e8ba5
0x166c947383b7ca7c3668bf98d278205e95eda3ea,0xc017a3f357a1c5f5298ca40b5647d5667b73b22a,1,0xe2a5e35239c4c47a5e565e881b33a4c8c836ae8f
0xeab5bd14d86407955e641be93bf7d376eec9cfc5,0x429f42fb5247e3a34d88d978b7491d4b2bee6105,0,0x429f42fb5247e3a34d88d978b7491d4b2bee6105
0x0249d59e37b57c6d080746dca32df15d8afeb77b,0x612e2daddc89d91409e40f946f9f7cfe422e777e,1,0xe18a7449f5ae26afc8c3075d593ff8db67bbf01d
0xc735b0be4955c8babd41f8f9bc88c9b296cb3fea,0x7354936bc7a72c8baf5a2f9262e70a52c427be4a,1,0x47fc62b80c31ffabfb1792b197815f1e965c3b00
0xaa78067955a7efe33aae8fed09c8443c58486bb3,0xa107e9f9d382244f3a669340cf53014abbc58629,0,0xa107e9f9d382244f3a669340cf53014abbc58629
0xdc4d65998fde48934b31317caaaca5d5f5d1e32f,0x5ec9553b7c8c38649284d5f52c51c2da90ee5cb3,0,0x5ec9553b7c8c38649284d5f52c51c2da90ee5cb3
0xfb82b5fccba1b9dabfe72ea3528bfbc6a59fd05d,0x630a7f9eca7795b45d7e0dd5aea068113a7e1672,0,0x630a7f9eca7795b45d7e0dd5aea068113a7e1672
0x31a46832d49e2cec27bfd9fbdcbc4a9df2ea41ac,0xee52b116157a7b38fa97ef9cd6f912fcb3dbbf14,0,0xee52b116157a7b38fa97ef9cd6f912fcb3dbbf14
0x184ddb67e2ef517f6754f055b56905f2a9b29b6a,0x2272ecf43a7481088fa2d4ba9109804ed5a31901,0,0x2272ecf43a7481088fa2d4ba9109804ed5a31901
0xb1cfd481d0c3defa716a259d1d86ceae0ea3c610,0x425b5dc767bf7cb2d30bb7ab12d79d7bc2b4e4c1,0,0x425b5dc767bf7cb2d30bb7ab12d79d7bc2b4e4c1
0x3684a6e774385dbdc2d269dfff8977c8576c2b93,0xc753aebe8aa0998d2e4bc1a9eef467b239a0401d,0,0xc753aebe8aa0998d2e4bc1a9eef467b239a0401d
0x156d8f8ef6719e940393cc76fabbd919810d6f44,0x000000f20032b9e171844b00ea507e11960bd94a,1,0x89c6cbf0ad3c3b7dd24dbec7fd2f96ef08788d07
0xebd3ba30777bff584686bd3fcc10128d4fe29706,0x612e2daddc89d91409e40f946f9f7cfe422e777e,1,0x298b8bd664349c6f86d2d4c36c81336eeeaf41a0
0x7d1c05058b6af1cf110cbe3575851c8d29ddfa16,0x000000f20032b9e171844b00ea507e11960bd94a,1,0x10bb3f723f4ed0801a88d42533081ee1ac35714c
0xac5853f39c95bda8d9ee3f38caf649b310d1924c,0x6c4965aefb460dc0da40b43f363cd919ea0ba4ad,0,0x6c4965aefb460dc0da40b43f363cd919ea0ba4ad
0xf726bb09ec6492f7239475fb7751ebdc778404d7,0x612e2daddc89d91409e40f946f9f7cfe422e777e,1,0x30c7850d46efff9212a1ab17564a9d2a2981930d
0xeb15afe4caa084a5cd56fde0acb6a5b678564f37,0x000000f20032b9e171844b00ea507e11960bd94a,1,0x432f4193ae49215d4e5914180e1c6dc932395570
0xbba0a57aca666c162803888989035eaf5441ba6c,0x000000f20032b9e171844b00ea507e11960bd94a,1,0x071540d2fdc3cdf7e4794aeaddace62589af6682
0x8ab50882fa30db4b8073ef9280e42f49fd38aba4,0x000000f20032b9e171844b00ea507e11960bd94a,1,0x66c405bcc5dcc255a11d24b806c12f7c41d639c0
0xf2cd3e8959cf6db5448bb83438e4a46387b5942d,0x612e2daddc89d91409e40f946f9f7cfe422e777e,1,0x669e5ee1799b754a931d3fc12f03a6be81873c6f
0xb44298c4ef2f474a25a570ce23ece36ecfcd45d3,0x1ff241abad54decb967bd0f57c2a584c7d1ca8bd,0,0x1ff241abad54decb967bd0f57c2a584c7d1ca8bd
0x5aedd0b88f4be2199fa3483d65548a8855a580fa,0x612e2daddc89d91409e40f946f9f7cfe422e777e,1,0x305d680028b2e2a707bed68ce7118601ddbd2235
0xe46e2ec6d984be344c601df38533bd072a61c38a,0x612e2daddc89d91409e40f946f9f7cfe422e777e,1,0x7015853f4be641296f6c92690ff69fd36704dc2d
0x9930cae533ed77f1fa6aee0ee993642ba1cb7d5b,0xb2019531de3bfda451668acfe40fb3aee59975b5,1,0x5c7c2007e3b57f007fb7018b0b613be4e410c998
0x01947c178f8feef38d64c7eecb67deb51d9bf05f,0x000000f20032b9e171844b00ea507e11960bd94a,1,0xa19f3aa08fe33a8fdf31786aaec8f0cb2d6ba830
0x75f2d06acd4f58c176f22c6c6ea180a687204949,0x9cd8b00bcf911205d1ef229bce7a5fae82701a5e,0,0x9cd8b00bcf911205d1ef229bce7a5fae82701a5e
0x39e06b10251c5c360f645abada6edbcef07abdee,0x84f181dc3ad7964a1b2e7cb04336026a5b4ee103,0,0x84f181dc3ad7964a1b2e7cb04336026a5b4ee103
0xc3da23a12a9389c7b84120959e09c6096b7956bc,0x000000f20032b9e171844b00ea507e11960bd94a,1,0x11e2eeaaf5275c5497bb6463a35e80a300e5fdbb
0x59eb699d10559e2829e4197ad621c6918f5b3905,0x000000f20032b9e171844b00ea507e11960bd94a,1,0xd12ae30fede7876f1fc9142bcd2be15428626cc9
0xb4f31c5a14ce53dba8b0af73c839dfaad0316ab9,0x612e2daddc89d91409e40f946f9f7cfe422e777e,1,0x01a2ec28858e8c5e91632871a34b8ac849fb1c79
0xd9b49c972ec7719c61dd6f5ea03405dda3172bb3,0x000000008924d42d98026c656545c3c1fb3ad31c,1,0xeb119f265508df53f34123e774379c70b5ab6bdd
0x6aa296b7599cf9a1ecd678abc607f7be585f0641,0xdc0d83b367eaec2648ecb387f0371bfcd21374dc,0,0xdc0d83b367eaec2648ecb387f0371bfcd21374dc
0x9c1d90e8bdbcdb160c5850a5bb50e2d304e3c230,0x000000f20032b9e171844b00ea507e11960bd94a,1,0xf69efcb3e091bf207003ec83593b649a2633833e
0x3c395d8e1f49c0b2339989a1e8759900c132ec6b,0x19478179ef8bb7c4792a4041903080e097d137dd,1,0x79b690fa52e8539cfadc07cd349f53dfac414d3b
0xe78eefb051732cad1dc459b9c4f4a74abfffcbe1,0x000000f20032b9e171844b00ea507e11960bd94a,1,0xb1993efb28ad034aac6b3ef8427193ddd51cd187
0x9c5f05cc5c39ad26c9de200734c6fc735e2084b2,0x612e2daddc89d91409e40f946f9f7cfe422e777e,1,0x2ce64f21dcebb47b08375e62d75c098ead3c1cb4
0x7f4e988c966a6cae1a3e12b80b88ea835feb85f3,0x4a6291d397a45356c4bc1d3a3d522572d3a27950,0,0x4a6291d397a45356c4bc1d3a3d522572d3a27950
0x67ed938ba13446cc579b3c48a5443ee0c38759d6,0x4022f41a0c7559dc5002a7ad3aebd394161a4060,0,0x4022f41a0c7559dc5002a7ad3aebd394161a4060
0xf0d2d631a24db247f5eb0421fa3e6a169c72565f,0x63eb2274670069456153d7d6f79b16f1803f28aa,0,0x63eb2274670069456153d7d6f79b16f1803f28aa
0x2f1f7d38e4772884b88f3ecd8b6b9facdc319112,0xeb2a22b27c7ad5eee424fd90b376c745e60f914e,0,0xeb2a22b27c7ad5eee424fd90b376c745e60f914e
0xb739f97110e3466d2d5605a5c7960caa945baeae,0x5dbc7b840baa9dabcbe9d2492e45d7244b54a2a0,1,0x4e3edb0782cb57afd11aefe97df55b78faeefd9f
0xd5899b2203f573b4eafb7b851cacba8172f980af,0xeec7689e935a0d8c440f9b1d403f0b6305935788,0,0xeec7689e935a0d8c440f9b1d403f0b6305935788
0x8d2457696170154671df9201a0906c236f08b271,0x3b612a5b49e025a6e4ba4ee4fb1ef46d13588059,1,0x64c90f8a492cdf2e1126b0bc1a82d40edd20497e
0xa56fa216629b04376b03163b9461818c8f8b9c64,0x3b2d699110aa1788b2b1cae336e0ba8ff942a390,1,0x28eda986ab374ca5103b8cf05f72e6fdd0dabfb6
0x7cd73533f99f034fba9bd66ec7ae9cea30e268d2,0x4298e663517593284ad4fe199b21815bd48a9969,0,0x4298e663517593284ad4fe199b21815bd48a9969
0x7dbc5e71cdc2b565d5fee8fdf5aaa5fece46a180,0x6e42262978de5233c8d5b05b128c121fba110da4,1,0x0d0a082b5cb47ba9ba030719fa84c841ef6d6396
0x52d41924fda42704fe22267006b8ad4118326eb8,0x1ca2007d4f2bc0ec2a56ecb890e56e05f36182df,1,0xf93aaaec5e4ced8605a57b3dff011ec408a8ebdb
0x878adc4ef1948180434005d6f2eb91f0af3e0d15,0xb4005db54adecf669babc3efb19b9b7e3978ebc2,0,0xb4005db54adecf669babc3efb19b9b7e3978ebc2
0xbe5eab847fe3e04e6e1462fb19680be0e2750fb0,0x612e2daddc89d91409e40f946f9f7cfe422e777e,1,0x9d3c4678ce905404d4ca99223043ab0329ca8f0a
0xe588f74f78de04f1fae42c11e8d3d35fe96f12bf,0x612e2daddc89d91409e40f946f9f7cfe422e777e,1,0xca052f79b7d946467ba366e727a3d0019d467fa8
0xe5ca2617ffc25cf3e4ad01e3c67f2ff5a85e7548,0x000000f20032b9e171844b00ea507e11960bd94a,1,0xb69eedeae98aaf911ebeee2e7b916dd5bbc30a7d
0xc69c7175e786cd59f3f0c8fae283f25f6cbf2a31,0x000000f20032b9e171844b00ea507e11960bd94a,1,0x8219ec3d8d067dde49bfe68d3b8cc2345f8314be
0x600f53415109fde7e46de037a689aa9c85e02871,0x450525dd89e05f6baaef8e812cd181e4ad34c88e,0,0x450525dd89e05f6baaef8e812cd181e4ad34c88e
0xe1482a837814309a08f339c9bc5a337d87b86768,0x612e2daddc89d91409e40f946f9f7cfe422e777e,1,0x990a79a4c6f56fbd44bc235ef0c4250360bb865f
0xa18d7d71accae7c4b14bc7db30ddcf5b6c01ccea,0xe9858750bebf1967f87a4a0667d68a81831c6dda,0,0xe9858750bebf1967f87a4a0667d68a81831c6dda
0xe95f8cfd15d696c6e704269f5f76916786a803c7,0xbb7a17b6ccfb6dcd152e098d7c8519f0b334cd13,1,0xed4cfdf518e19085c4cf9aae94522ba7521acafd
0x13b1df8adae6af4ce318095d8e950f9a99064a52,0x612e2daddc89d91409e40f946f9f7cfe422e777e,1,0x2a9aff0420b165ac421f5f2d8dcb6bae9675f168
0x2fbde6474382668262b54e56eeaab6ea060d6c6b,0x000000f20032b9e171844b00ea507e11960bd94a,1,0xa8be692953d85943f781a7425f3c33e12ee76d3c
0xc8a0a013c09ae9c7be5574ba28edd3537da928f4,0x000000f20032b9e171844b00ea507e11960bd94a,1,0xb47087d53e31838bdb769b65815f67e8f1a274dc
0xcf6e2e300048977f97d24097072ae7e5de2a2e2b,0x612e2daddc89d91409e40f946f9f7cfe422e777e,1,0x4a9b72d587602315c1951f53a7ff40e11dc46179
0xfaab4f999f60b1bd5ce3cf11dda2e049d7ba6cb2,0x000000f20032b9e171844b00ea507e11960bd94a,1,0x0d877761bcfb1ee7fdd5e30a7f7415cd3b279259
0x6dc6001535e15b9def7b0f6a20a2111dfa9454e2,0xfd64b63d4a54e6b1a0aa88e6623046c54f960d00,0,0xfd64b63d4a54e6b1a0aa88e6623046c54f960d00
0xfc6f1ddf79d3589d4d3cf3107cad96fa8eb3de80,0xd230f390abb50470fa265a022d673c6147bdc396,0,0xd230f390abb50470fa265a022d673c6147bdc396
0x0762aa185b6ed2dca77945ebe92de705e0c37ae3,0x2149a222fed42fefc3a120b3dda34482190fc666,0,0x2149a222fed42fefc3a120b3dda34482190fc666
0x49cf6f5d44e70224e2e23fdcdd2c053f30ada28b,0x12ea19217c65f36385bb030d00525c1034e2f0af,0,0x12ea19217c65f36385bb030d00525c1034e2f0af
0xde5a4f229366914a8fe0b46be105824f3af4b25c,0x3b612a5b49e025a6e4ba4ee4fb1ef46d13588059,1,0xf86c2685b91bf98c3fb276b0a72545d1dfb86f3a
0xde07734c6a573371a5c88753b77e3c81055bdcc1,0x5fef6748d386300d1dd1e221a963aa2e0699bf67,0,0x5fef6748d386300d1dd1e221a963aa2e0699bf67
0xc6c1dbadf5a722d4bb3b62aa1b07c9140bca4ef8,0x3b612a5b49e025a6e4ba4ee4fb1ef46d13588059,1,0xd4029b93f67c6fd8a7443b17471508d01c7590b6
0x330a5c22c6bfc8eb0d8e5497ea0bf1912e0aa8d2,0xf74b146ce44cc162b601dec3be331784db111dc1,1,0xad031eee55f595df6dbd61e9ef3b908fad1b3671
0xf4b6f2ab709703aa1a3e47fa0183ec700017c62b,0xb6ad42d615759e50c8087849a2f6f0e2032f7085,0,0xb6ad42d615759e50c8087849a2f6f0e2032f7085
0xe36c363e1ce5c772b36c112cbeaf90157be612a8,0xfbfcfe9702f0700ce5fd25d07c5eadf2fb9ee7b3,0,0xfbfcfe9702f0700ce5fd25d07c5eadf2fb9ee7b3
0x474a3d2e25eca7448cf894df7846d2b5f73229a7,0xd29fd08842152e79216bb4b877e68f013a04f830,0,0xd29fd08842152e79216bb4b877e68f013a04f830
0xd0aa796e2160ed260c668e90ac5f237b4ebd4b0d,0xdc98ec297a9b962e40359738a9cb9afbb74e528b,0,0xdc98ec297a9b962e40359738a9cb9afbb74e528b
0x1b7616939e80b371234b08ac4f6dfd5eab4d2708,0x82e9ce9fc589e117b51b83c464aa6a6d2ad0c40d,0,0x82e9ce9fc589e117b51b83c464aa6a6d2ad0c40d
0x6e15cbdcf3be14188d3c42ef43d0267a77a3e816,0xcb4f91d689bd30de607a05293a96a064b31808c9,0,0xcb4f91d689bd30de607a05293a96a064b31808c9
0x9e4cde6fad267f6a58ce2e01ae51385e07a8288b,0x157ae65f17c8eac3d76b9a5253108537025afdf1,0,0x157ae65f17c8eac3d76b9a5253108537025afdf1
0x93540f47a972cd066f78c65ece332b3bc4f3c5b4,0x525f85e1bc93f96a3d3665ad2d29c1cbf64c0d8a,0,0x525f85e1bc93f96a3d3665ad2d29c1cbf64c0d8a
0x08c18a626beebdb879a9dd911398d0fef79ee324,0x612e2daddc89d91409e40f946f9f7cfe422e777e,1,0xc83e83677dd95618686ac9af2cd48972f1b72c22
0xd9a38437b5bd50debac7ad817e5170cf02744535,0x612e2daddc89d91409e40f946f9f7cfe422e777e,1,0xb4d8d59c51e052f64d05f76caf731a4f774010fd
0xb7faaaeda382d89f7e1345f170bbecb06e1245f2,0xb01b3a335db49192a31af43a88c458e5070ca5e1,0,0xb01b3a335db49192a31af43a88c458e5070ca5e1
0xdea5560896b7d7802d32005039a52a68445b8773,0x4605b98845836517a1e40faa66d6b6fae51c3904,0,0x4605b98845836517a1e40faa66d6b6fae51c3904
0xfa45cda680b40245be677fa4dda7670cc5b80bac,0x6faea455ea5309259cdfb076caaf779488ddf8de,0,0x6faea455ea5309259cdfb076caaf779488ddf8de
0x29f19d0c5d8ae36fe0b5e4f2e6a9e4d62ca06efc,0x90198c48129ac7564933f8bab85669e303ff6b9f,0,0x90198c48129ac7564933f8bab85669e303ff6b9f
0xe777dcddc961ee03e4ffc1874643c65bb5d6d4ff,0x8a8035f056af830b7205c58c1dc037f826fc2b92,0,0x8a8035f056af830b7205c58c1dc037f826fc2b92
0x286e531f363768fed5e18b468f5b76a9ffc33af5,0x484ec62385e780f2460feac34864a77ba5a18134,0,0x484ec62385e780f2460feac34864a77ba5a18134
0xb8792e7e12af13361b7e933991fd73b703af8eac,0x149e8b2e15c59c9c0d8caf3e8ca2342f7476188a,0,0x149e8b2e15c59c9c0d8caf3e8ca2342f7476188a
0x99a67716105b423ba924a4e3f87fececc0880b92,0xa6f233aad73bd505a8aa292417778f1ab68d59f3,0,0xa6f233aad73bd505a8aa292417778f1ab68d59f3
0x78fde77737d5b9ab32fc718c9535c7f1b8ce84db,0x06263e1a856b36e073ba7a50d240123411501611,0,0x06263e1a856b36e073ba7a50d240123411501611
0x05ab5a50f77b9957b51145b259f05e805d84e92e,0xf8f9b4a0eb286ac2493723fafd7b92dee7d1a2eb,0,0xf8f9b4a0eb286ac2493723fafd7b92dee7d1a2eb
0xa06e5e4a6e88484177d7e4c5f12b7530e566e9a0,0x612e2daddc89d91409e40f946f9f7cfe422e777e,1,0xf1e76801b8053a8dd568e302b8585c9cd26005c3
0x327b26be6184c76f28a44a008b771c794e348f1b,0xf74b146ce44cc162b601dec3be331784db111dc1,1,0xd6d0c9fc8f1f6cbca3472052df3678e5b29b2dca
0x175bc9690822fda1b344995f78bee70675920e89,0x612e2daddc89d91409e40f946f9f7cfe422e777e,1,0x0d81d01023a196d9433b44958dffdd784c5d2a09
0x3b7b232437fca748f3d63d9e34e67facc2212557,0x3b2d699110aa1788b2b1cae336e0ba8ff942a390,1,0xe52ec3305e1126a69fb18c20e568efb1c0914958
0x2c6c5bc10af349574af2ee08c26f8aad185b3e3a,0x0d8485f374972db47f52b4d7fd5548d75a4d02f7,0,0x0d8485f374972db47f52b4d7fd5548d75a4d02f7
0x0259119359bf053ebf42c9807752de6bbb4925f3,0x7be52e01fdee83ddc846bb706dcac410b788fefc,0,0x7be52e01fdee83ddc846bb706dcac410b788fefc
0xf7f0809a60ab1ffe2a65ff6119631e22beeaa0f0,0x612e2daddc89d91409e40f946f9f7cfe422e777e,1,0xdc23d6deae9d573c81331116222864f13e7f613d
0x56ca43cbe18ecae79e44f50f3ee08aeb73150b07,0xf9521ae0482fdb271816739a6a6cb6e3c8699dea,0,0xf9521ae0482fdb271816739a6a6cb6e3c8699dea
0xccbf1684cbff96c6e74e2e88d961f7ffa26b391d,0x4b7a8ce7d004c5c68207f355f6a838c941ff6b96,1,0x0efa897a3a824e1c91698c8ba634bcae3bb1224c
0x85c17229b247109fd657e733c839894291014bd7,0xc477f5da12011ea5e2d132cbadf3f08028bf0d33,0,0xc477f5da12011ea5e2d132cbadf3f08028bf0d33
0x7b4c392bca0986b5f9f06ee1e27659f8b5bfb45e,0xd802e4981f94928a079172b7eb1db3dd9e6c1d07,1,0x1b4b3465b65fb87f869f8eb880ac28099ef43dee
0x7a03cff659a939738783327d21b55e4c3dfb3497,0xe7c739b5d9bd7710d67e31491f17835d7c4ff853,0,0xe7c739b5d9bd7710d67e31491f17835d7c4ff853
0x3b327a325924226d77c3d326362dd9bdb8090f8e,0x6faea455ea5309259cdfb076caaf779488ddf8de,0,0x6faea455ea5309259cdfb076caaf779488ddf8de
0xda5104a73870bf88f6a7b3f05237937a6e4663b4,0x5b55f22b89fa7b7179359f12177f75d7f1ce61b4,0,0x5b55f22b89fa7b7179359f12177f75d7f1ce61b4
0x0b538781904b74b96fe9f689bd11c330356e3bcf,0x1719cf04b695c981b5d854390e731d6c4f4571b9,0,0x1719cf04b695c981b5d854390e731d6c4f4571b9
0x60d6feb8e4933f45da326dd2341fdec17f828ea8,0x21e39d97c11ad1d58e4366accae1d7e04fd77653,0,0x21e39d97c11ad1d58e4366accae1d7e04fd77653
0x0e697d21ebd9554403f2965d1c6e78e7bfb84289,0xb2019531de3bfda451668acfe40fb3aee59975b5,1,0x75a473c33bffb61e945d86b37113c0859965a789
0x7bb824eced0a777c17ac0000b0e7f8e036f1538f,0x88866e4c27e01c20691edb0770a6e4c3bbf0baa6,0,0x88866e4c27e01c20691edb0770a6e4c3bbf0baa6
0xcae5e96069cdc4bcbc05f81ba0707d51bc02bff5,0x88866e4c27e01c20691edb0770a6e4c3bbf0baa6,0,0x88866e4c27e01c20691edb0770a6e4c3bbf0baa6
0x2846b7c57c0666203d694f464fd876d9026ba9d2,0xf6f7f0b04c8a2766e10af9cb36a92f6d5484c91e,0,0xf6f7f0b04c8a2766e10af9cb36a92f6d5484c91e
0xbcfde92e2cc3b136636239b3462d01c0da1763ff,0x612e2daddc89d91409e40f946f9f7cfe422e777e,1,0xd7969fd4e78326c85358ae5da1e378d3c5083689
0x4f159cc7f6e449c69d2d7db148e7983ad72e306e,0xf93f1811e65a0350b349d18a30410d0200ddea54,0,0xf93f1811e65a0350b349d18a30410d0200ddea54
0x4110554f733145179af37a884c24227f4ad55eff,0xaef3e8c8723d9c31863be8de54df2668ef7c4b89,1,0xa8103cceadbfc645872cd154e30fcbc1c62b67c0
0x0bde4ba965f8f21c6b359c0e0488deb0e921ada2,0x0e9a87063e4b170e1fdaefb79c7377cee419c418,0,0x0e9a87063e4b170e1fdaefb79c7377cee419c418
0x1242947f103cc6753e0c05c3fe644044d3de2a28,0x612e2daddc89d91409e40f946f9f7cfe422e777e,1,0x91a172fc21f9b6c293e211f046ce014561b0b531
0x984326ea61bccb85cdf4f8ff342d0fda6a2c4856,0x19478179ef8bb7c4792a4041903080e097d137dd,1,0x3f02ed6cc206b07002b3d066935a9649a7dd2097
0xaabd3ebcc6ae1e87150c6184c038b94dc01a7708,0x169ee6762811ab9bc59a609331bc721d9f0cd56c,0,0x169ee6762811ab9bc59a609331bc721d9f0cd56c
0x011f7c7261d16a57f9291c7f88801cbd9550c88b,0x612e2daddc89d91409e40f946f9f7cfe422e777e,1,0x778afc759ea618d2101014416f86669a5901aef3
0x63e39dbdead04831bf7f319dcd6f8494bbbfc61e,0x000000f20032b9e171844b00ea507e11960bd94a,1,0x736e3101c6f8095f5382e05d5ab2970c4ac35cef
0x11b65b50bdeb2a511f5b201bd7f46d54666516ca,0x000000f20032b9e171844b00ea507e11960bd94a,1,0x52bd53147aa24ff5ee4e93074976e390e14200fc
0x1d1b79a8c50df0e11019f822cd3d7e5d485ebdaa,0x1be7ce59b4549c95ed89301bc7193bbc62333eb0,0,0x1be7ce59b4549c95ed89301bc7193bbc62333eb0
0x1f13bd0027dd4800ca1c956e47f1aeb0a7f6a0aa,0x000000f20032b9e171844b00ea507e11960bd94a,1,0xba730571a02273e5c8eebfd3ffad4f34a932733e
0xe6bc273dab362f240ae895dd290b6242cfc9f976,0x000000f20032b9e171844b00ea507e11960bd94a,1,0x80b40d7b5eefe7622cc9e6c6ba6ca3f799179e9f
0xf4ae8c49b4e431818bf373cb6e81b32592948258,0x7354936bc7a72c8baf5a2f9262e70a52c427be4a,1,0x7022d90bf36f2a749b5064dc5efd3b112eba4cc9
0x7fc14af78b9f47cd36638c5651ced8a289d1762d,0x612e2daddc89d91409e40f946f9f7cfe422e777e,1,0xaa289927733024428a4ec63f0be6b3d9fff17718
0xf190f29b61f2664d413aba437b06d55b381f8976,0x98b2920d53612483f91f12ed7754e51b4a77919e,1,0x4025f89b4e8e7764e4009377187b954c71d5cb46
0x5511bad97d8c95a0482a20042eb19d6d4f21bea1,0x000000f20032b9e171844b00ea507e11960bd94a,1,0x7bdc1ab756e4748cbee4877fb3c65d91e74184d7
0x1fdbeedd4660d3d1d0db9ee1c5d887c45ecd3695,0x4756d8f89097c434c6ccd52d6dbc7dc9d2ff7697,1,0x8d9a90b249c1683a10a17b99486e7a7cc5eefcf7
0x8ce9d45ab06e225a9cc3822e72bd3ed6a15d94a5,0x8d1207bebfda9597f811e81d4e8ec36674607647,0,0x8d1207bebfda9597f811e81d4e8ec36674607647
0xc73dfd486bc155b8126a366f68a4fefe05ce1dcd,0xbc22c4fbd596885a8c5cd490ba25515dadf1a91a,0,0xbc22c4fbd596885a8c5cd490ba25515dadf1a91a
0x61e829071228eed0eaf08a04e1be6823ddb0c3bb,0x2c325156416cc7b701151dafb6d4c0bdf0d398f0,1,0xa66bf5d22d48b69a08746d28c711f6d56d44480e
0xec2624553199d0014c61d7cbbee1cc32cfb275cd,0x0000000000ffe8b47b3e2130213b802212439497,1,0x9e27370d7b27bb15ca81c025eb501204c6cff874
0x2045ff67a9a50b4ec3cb3d1266644e39fe899bff,0x612e2daddc89d91409e40f946f9f7cfe422e777e,1,0xf41c94fdc811ec4d6ba8e933b56cc264ba1a4baf
0x1f714fbe48531de173261a14fb08b2436447b608,0x000000008924d42d98026c656545c3c1fb3ad31c,1,0xad76b250d59eb8ad6b39094aa3eed9578e7ce111
0x2e5fb97fdc6811bd5747171082de9847ca572392,0x612e2daddc89d91409e40f946f9f7cfe422e777e,1,0x50538f9c1582bc1e7c4b5498b9a730506d8efde2
0xfcd1556bd627cf8b07ef2bbd95490dd7cae3883b,0xb2019531de3bfda451668acfe40fb3aee59975b5,1,0x0b29a440781a4ca3f06b6e0323b981e1157df02f
0xe196543e8381c3a24e2b02ef58ef75bbb088e298,0x612e2daddc89d91409e40f946f9f7cfe422e777e,1,0xba12cbef3c43c0c0719f22bf781cd2714db093d3
0xec91338c7226ce2539880e54f48290fd93931e6f,0x612e2daddc89d91409e40f946f9f7cfe422e777e,1,0x8b5b9497e096ee6ffd6041d1db37a2ac2b41ab0d
0x6e3bc168f6260ff54257ae4b56449efd7afd5934,0x02f086dbc384d69b3041bc738f0a8af5e49da181,0,0x02f086dbc384d69b3041bc738f0a8af5e49da181
0xd7701d048f5d8425ede9c3bb384fb23b3c3447f4,0x000000f20032b9e171844b00ea507e11960bd94a,1,0xe46d91705d43de5e479ff6b13cfb6a076f590bf3
0x06b296ad45edc30dd215118448ea592b30864499,0x6b232eacd0b402b01edd0face8b0fb7339e7c8a4,0,0x6b232eacd0b402b01edd0face8b0fb7339e7c8a4
0x04e2c83eac58a782ea532168392a4dec43e00ff2,0x7fd7ec214c38d8b0e94f2c9598af7177e3706293,0,0x7fd7ec214c38d8b0e94f2c9598af7177e3706293
0xf73ed966ebcc93e2c5f61982935ca559296075aa,0x1bf64017504a0340bd6066ee17e31b1e9db9063f,0,0x1bf64017504a0340bd6066ee17e31b1e9db9063f
0x784da6100385f2f56664e3fba11595c5f50127e3,0xc79556a222367ecb3c2291d5c6d2b3e58e25fbf1,0,0xc79556a222367ecb3c2291d5c6d2b3e58e25fbf1
0xaa9ca95ea182d915b70200bbb9432e21f9ee0576,0x77b5b1b3dca17abfdd148a71a0ae27e24fd2d0d9,0,0x77b5b1b3dca17abfdd148a71a0ae27e24fd2d0d9
0x22c1f6050e56d2876009903609a2cc3fef83b415,0xe583f95bf95d0883f94efe844442c8bfc9dd7a7f,0,0xe583f95bf95d0883f94efe844442c8bfc9dd7a7f
0x749db54d76767f4672c89420c7729fc9b259bf20,0x3b612a5b49e025a6e4ba4ee4fb1ef46d13588059,1,0xc9bca422a142f20707dba2edb455c64ff71854b0
0x251b5f14a825c537ff788604ea1b58e49b70726f,0xd584fe736e5aad97c437c579e884d15b17a54a51,0,0xd584fe736e5aad97c437c579e884d15b17a54a51
0x8bf3a40ea2337e6e4f6e540680ea6390cb3b4e11,0x4d38ac1457457ba434d763de0eff8c600fe3b054,0,0x4d38ac1457457ba434d763de0eff8c600fe3b054
0xf80a5668e2d9104a3918dccc77ec37b44c0de79b,0xea968e6ac95a95c68bf66decc803a1b2848cdc4a,1,0xcdc4f207b7e8aba22d9232ecf5fcb46be692286f
0xba21c3a1fb3d6e290f92991212c0b7a4f01a76fd,0xac808a628e0a26f3e2fb95eb8cd35835565ee8b6,0,0xac808a628e0a26f3e2fb95eb8cd35835565ee8b6
0x2ddeeca3ea7dbde0b7481fd17bf603fe0357c107,0x2b6f3817ba1a643bdcf9de0112cf5382cbc6f442,0,0x2b6f3817ba1a643bdcf9de0112cf5382cbc6f442
0x5c4bdcd881bbaea858a37065689512fec173f70e,0x84f181dc3ad7964a1b2e7cb04336026a5b4ee103,0,0x84f181dc3ad7964a1b2e7cb04336026a5b4ee103
0xab7685e9da85f41f644e6a7a167166e138203099,0xe170c60c3f288279400977cb186ee72e0636cb49,0,0xe170c60c3f288279400977cb186ee72e0636cb49
0x45c5f5196282a0526e265a4b26dff804a1dba774,0x14269f3a7c6ed52b89f32bdbb1d57b9993159a11,0,0x14269f3a7c6ed52b89f32bdbb1d57b9993159a11
0x1468b24c431b729d2b051c006a291ef80e8a7d6b,0x612e2daddc89d91409e40f946f9f7cfe422e777e,1,0x8e5fc669251b1cbad1d9c6403c7341a6a7c618f3
0x32e0a7f7c4b1a19594d25bd9b63eba912b1a5f61,0x641ad78baca220c5bd28b51ce8e0f495e85fe689,0,0x641ad78baca220c5bd28b51ce8e0f495e85fe689
0xdd1990a5d4e2b51832225cfcb1e341777b555c14,0x612e2daddc89d91409e40f946f9f7cfe422e777e,1,0xc1cf83f7c006cc8f50e62eec470c704f05cd7e29
0x035f38e9eb389edbc4ce61f2b194e74c2eed2899,0x000000f20032b9e171844b00ea507e11960bd94a,1,0x2f007746e20ee78b1bce77cbe7369ea3f14a40ee
0x81a31c64813439ab2d348b19eb401c1e3512a03b,0x000000f20032b9e171844b00ea507e11960bd94a,1,0xb28ebdd23e18690f9365a7c4b1651ece7bdc13a8
0x81b636cbc85e674b1a4ca08e80b6eedffa009c83,0x88ebe753dcca17375c22266e04ebcf05e9cfc9d4,0,0x88ebe753dcca17375c22266e04ebcf05e9cfc9d4
0x04373e1e75a9bbf8589c2082b72e9df51851ebea,0x000000f20032b9e171844b00ea507e11960bd94a,1,0xc44efa3e9a25fe87bcbbe94542c08e64d699076b
0x4d326611bcdb6c7e172c1df911c37070b5f6543a,0xb664aec62f9196c6e66724bbce036f2e08704aa4,1,0x12458f85a2f5edba82d9c4abe66db3c6803443a9
0x757d1f36cd1316cf045fe9a584ca1a6ea147eed1,0x612e2daddc89d91409e40f946f9f7cfe422e777e,1,0xb7c4414aed67d500fc8ea346181eaa66455dab4c
0xb82f1bb6128c36fae97dace1007850a713dfe369,0xbc03f695a1f2a03669fca05ee1e7d2ed702f1b28,0,0xbc03f695a1f2a03669fca05ee1e7d2ed702f1b28
0x8167ca30629a304df96207a0a09da8569e5f26bf,0x000000008924d42d98026c656545c3c1fb3ad31c,1,0xa876a2001e390a79f33ab77bed8cebb584e811bf
0x4a852122a22eebb174fd25e797765407fe3c15e9,0x442295de8a31d65026dbc09c29d469f6854f188a,1,0x51eabedbddd5a44e8802f7058594819d8f162da0
0x4c41c1c85d654c957d36d28983fef9396368717b,0x77ec8c98f33537521356fa95b3b7052981d43532,0,0x77ec8c98f33537521356fa95b3b7052981d43532
0x3cd67d7a08ff32154935c20077d66350810dbfb1,0x612e2daddc89d91409e40f946f9f7cfe422e777e,1,0x51547b8e4180e1fc7883deec19e19cb6b58595b7
0x9bc94c3f1a1a57df1ddc25cb7da2819291141ee5,0x76f948e5f13b9a84a81e5681df8682bbf524805e,1,0x98556b192f8304001986e0bb94e61e51049a600c
0x518a76f68bb5d0f88e2ddb0f9918b88bd747f762,0x4d9132b62d5f13fefd2816fa6c30bf82bba6e864,0,0x4d9132b62d5f13fefd2816fa6c30bf82bba6e864
0x85eddcd74d365b782439989bf63df5bf2961f567,0x000000f20032b9e171844b00ea507e11960bd94a,1,0x4c1c23d8fbbf571351f5f838fe02582b06a51841
0x48ed2b558d289295a18cbc49e7880ce9cc08c64d,0x000000f20032b9e171844b00ea507e11960bd94a,1,0x1201db4d769759fd01c77da3921cff89eea94456
0x0098b7dd093cbe4d6c6fea91ccdb44df9f6b0f0a,0x76f948e5f13b9a84a81e5681df8682bbf524805e,1,0x811e7d17a9c889c51d21cc6d55d0b529aedc1df1
0x6143b91543690c7ccda6491e7c6e697e3aad1603,0x612e2daddc89d91409e40f946f9f7cfe422e777e,1,0xb4fe4651343bfbfcd7b8f8c9e64be7d82c97c33a
0xdbd5ea0dd50e82b6477fb1db811b0dd6de57a79d,0x612e2daddc89d91409e40f946f9f7cfe422e777e,1,0x0208dab46d3df9dbb1fc331e85b5d890fd0bb350
0x180a0778ac7567d80c1f4486e5d2dd478da7ffb8,0x000000f20032b9e171844b00ea507e11960bd94a,1,0x2082b1d19153b4755ea288823fe7288829a8a46c
0x8673674240e808eb15d17f75d2112c129cf665ef,0x000000f20032b9e171844b00ea507e11960bd94a,1,0x9b4360490e9af0d0f86be453e52a261979aafeaf
0x1cf24e4ec41da581bee223e1affebb62a5a95484,0xb98d4d4e205aff4d4755e9df19bd0b8bd4e0f148,0,0xb98d4d4e205aff4d4755e9df19bd0b8bd4e0f148
0x70624df0bac10baf0a44da6430c79e13231294d6,0xf961c05259855fbd1f9064b5702d62dda20b5754,0,0xf961c05259855fbd1f9064b5702d62dda20b5754
0xfe722821f6375bc61a102758a20b7fdc08bfe9e1,0x2c325156416cc7b701151dafb6d4c0bdf0d398f0,1,0x8397bc3c5a60a1883174f722403d63a8833312b7
0x486513e50db7197598c4e87718605acea1a9cbd0,0x2495fd02978272d24ca942ea2ed4c48a3692ccd2,0,0x2495fd02978272d24ca942ea2ed4c48a3692ccd2
0x5cc5b05a8a13e3fbdb0bb9fccd98d38e50f90c38,0xe19ae8f9b36ca43d12741288d0e311396140df6f,0,0xe19ae8f9b36ca43d12741288d0e311396140df6f
0xf19f83160faf1bcdc941c66c366f52349b7601f5,0xafc804daee2b9195f92d9d11901f6ff6d472e450,0,0xafc804daee2b9195f92d9d11901f6ff6d472e450
0x6145b7ac063d16f35bcf47db232bc6fbd35713df,0x64516497d4eddb144f70b56726c262bc0bd3c743,0,0x64516497d4eddb144f70b56726c262bc0bd3c743
0x9d7743b79e2bace101e62b189f51d7e1eb097616,0x19b27469edba628c4c3e3221d3713d387b8589bc,0,0x19b27469edba628c4c3e3221d3713d387b8589bc
0x94f3302332229c5baaf33cc22aa01bc33661f77c,0x5927b9c6dde237639bc45c08455fa8f6f1072aa0,0,0x5927b9c6dde237639bc45c08455fa8f6f1072aa0
0xd2345ec721d3a68e495db8f6b8e328f87000c8d6,0x3b612a5b49e025a6e4ba4ee4fb1ef46d13588059,1,0xc80d9fa67e2ea464b0a58a7095a37c08afb339e5
0xf78016ba182e0a9b347bacea43fb2efa55079eb5,0xea6d408497a2bf0b95db5f852a9b850f6d02383b,0,0xea6d408497a2bf0b95db5f852a9b850f6d02383b
0xcadf53376b478f823aa95ce4d56cae56e8313a05,0x2c325156416cc7b701151dafb6d4c0bdf0d398f0,1,0x459fe0c0955d1a81aaa98190d75734c118fb4654
0x6a6adc93391289f188a998eb6f4ec81450bf7a9a,0x5b20d5bd7877e88487a5cb70374ae2e7e84254cf,0,0x5b20d5bd7877e88487a5cb70374ae2e7e84254cf
0x02b67fd1bc80bda265ba804d98ec0786e5ff321b,0x583889b29c153c9f19b5400449dc930915564916,0,0x583889b29c153c9f19b5400449dc930915564916
0xff612db0583be8d5498731e4e32bc12e08fa6292,0x3d8362c991e29a3ccb268912175da4da787348f2,0,0x3d8362c991e29a3ccb268912175da4da787348f2
0x537fb319d2af6b75d45fcb968784aed67735f44c,0x90c1b596183c8956b412dab1e2c74d8cb63d82c2,0,0x90c1b596183c8956b412dab1e2c74d8cb63d82c2
0x86b72364af46ef2d19e73ff17201b73cf546afe9,0xdc99f48fc8b6749f4a71bf37a564c880e954cc4d,0,0xdc99f48fc8b6749f4a71bf37a564c880e954cc4d
0xa56677aba83b44b786d20cef383d5ffeaced18eb,0x60322b225e06bf2f0c36c45d0b06090e891ca91c,0,0x60322b225e06bf2f0c36c45d0b06090e891ca91c
0x4526dd37258e8a71d2c81fb0c8dbf9b432efa23f,0xf74b146ce44cc162b601dec3be331784db111dc1,1,0x0d88969664571e28594984d3b48926cf7d737685
0x45408ce844d0bf5061e9b25c2924aade4df884b3,0x380fce75a28166050d00c4e41d446b45bf13da82,0,0x380fce75a28166050d00c4e41d446b45bf13da82
0xbf7431b6be01556a7fe0d6f7aca97bf0295d9ad7,0x21339e2ce5ce1d7a19a28e774513619c0c6259da,0,0x21339e2ce5ce1d7a19a28e774513619c0c6259da
0x6dd177407e663498ecd0e7506b1e29aaf3ed6128,0x69fde561275b85dbcd5081d1121bcae64fb83858,0,0x69fde561275b85dbcd5081d1121bcae64fb83858
0xa95998edd0150ea22d5ba977ecd23db2518e34fd,0x0d9a0692fad17b789b3dd3e81fa812adbd6d3ae1,0,0x0d9a0692fad17b789b3dd3e81fa812adbd6d3ae1
0xac3aaff5576cd40343651f1a32dd160df3b36537,0x6d13c60e8b0f324224f3a50667bc931ac2e5d25c,0,0x6d13c60e8b0f324224f3a50667bc931ac2e5d25c
0x56d5db2a76956488eb3b576dde3c3727208dcba4,0x59b6688e18d7dc4a8046d2ff1f0f520c361e1c3b,0,0x59b6688e18d7dc4a8046d2ff1f0f520c361e1c3b
0x0b960cf4e89bab55f42b117cf3a8e426f4263a15,0x37781de47983576e45d981038710842666ab5237,0,0x37781de47983576e45d981038710842666ab5237
0xf68f1b4825b8e9aec77df403dd1b5a4ea496e920,0xcf5a5eac28388e1265ddf164de88b808289a0927,0,0xcf5a5eac28388e1265ddf164de88b808289a0927
0x1295c0ad0d915269d5b2ddf5981610bc8a96ed51,0x4f2575b8f88af8d8b1f7e62f518dd568cca31b2f,0,0x4f2575b8f88af8d8b1f7e62f518dd568cca31b2f
0x7fdd3f96cbde51737a9e24b461e7e92a057c3bbf,0xba13cd18002139a279832502b2f1b7280b8ea708,0,0xba13cd18002139a279832502b2f1b7280b8ea708
0x1227c247e718f0a2f448b2895c3ad404526ca896,0x7d436a3736a9f83f62af88232a6d556ec9d05c9b,0,0x7d436a3736a9f83f62af88232a6d556ec9d05c9b
0x5e54c0cececff5a9a0036c889c9664d2aa3ec98d,0x993ae881226a589339cc0e145d65559f645d8211,0,0x993ae881226a589339cc0e145d65559f645d8211
0xb88110bad78d8d918e5bcbb20e17d5cfa233a25c,0xb4804825fe80201c283031a082949153e7f81068,0,0xb4804825fe80201c283031a082949153e7f81068
0xf39b1f7513de2e120c746b10c35f5ec760908389,0x6faea455ea5309259cdfb076caaf779488ddf8de,0,0x6faea455ea5309259cdfb076caaf779488ddf8de
0xf6f02e017870859e7265010bb6ffb0664747169f,0x8636fa411113d1b40b5d76f6766d16b3aa829d30,0,0x8636fa411113d1b40b5d76f6766d16b3aa829d30
0x30e5199b61cfd3130c0a302db8c1d977ef026bd7,0x612e2daddc89d91409e40f946f9f7cfe422e777e,1,0x5b4c4edf26cc2a292d3ef4ab9c78acb5b1453336
0xc79903fe6f268f2ac77a85df1c319bbd18afe4a2,0xf4fbcb5cc96fecd9b2b1af1347fefc294bf762ef,0,0xf4fbcb5cc96fecd9b2b1af1347fefc294bf762ef
0x3e3cff05ce7d7f1be0e6d80fbc0d9c64bc0b3262,0x114bea17729bbc307ad6f714a74f43021bd99f2f,0,0x114bea17729bbc307ad6f714a74f43021bd99f2f
0x56e2365437fddc4840b1fab7ed558f0949d41882,0xfdf566914525a019bdcdbb653e726d1afce685fd,0,0xfdf566914525a019bdcdbb653e726d1afce685fd
0xaab41eec7a36f687603f4261ca39d2421f2e2c94,0xe9cbf8c606322e23215b9932d57c3d9115305608,0,0xe9cbf8c606322e23215b9932d57c3d9115305608
0x5ca715d5fb3a3f0499f72ec52d66a6c5a506ea4f,0xd1e1e1d4f41fc16b2822a9b973dd493398e1b737,0,0xd1e1e1d4f41fc16b2822a9b973dd493398e1b737
0x125e77de3ec9835428b882f03b1c8c76db8ebf5c,0x612e2daddc89d91409e40f946f9f7cfe422e777e,1,0xb63132b8a7e6fe1cb7543007ddd0776e7d92b915
0x86d19375d6db6c2a4e244e95e2ebb4a7aa8b3909,0x612e2daddc89d91409e40f946f9f7cfe422e777e,1,0x090c62aa8a9e1a322a7ad9a4681d7610660c4e3c
0x496b30da58de6f31d67a6e0c0487fc5c05558a9e,0x7354936bc7a72c8baf5a2f9262e70a52c427be4a,1,0xcd5df9265a7386f657dcf3567e952da7193f38d7
0xf65b6396df6b7e2d8a6270e3ab6c7bb08baef22e,0x4e59b44847b379578588920ca78fbf26c0b4956c,1,0x74489ac99ae3ce1428ce8c8dbe374cffc009081e
0xe6b4b37a6f97b22ae7d03e3e1beabbda5ca5fd28,0x4f41c1e394062ce9979de26d5ac0a5e72484bce5,0,0x4f41c1e394062ce9979de26d5ac0a5e72484bce5
0x8479985d60ae6f89e24e12c300452c5e4b89413d,0xa6c5f2de915240270dac655152c3f6a91748cb85,1,0x387a161c6b25aa854100abaed39274e51aaffffd
0xc127c6230c7fabd6d1ecc7f80119d27d8eca2626,0x7354936bc7a72c8baf5a2f9262e70a52c427be4a,1,0x0163b6a72900a0c8a60ffcfbe07a087a17a3d66f
0x5506f296068b04d5e81bc80f59b082d8f6668a46,0x9746522cf7ae0e7efb0e7bbd7e3be56b9f1fdbc9,0,0x9746522cf7ae0e7efb0e7bbd7e3be56b9f1fdbc9
0xf647f29860335e064fac9f1fe28bc8c9fd5331b0,0xa5d5a111dbcf0889a7829902db6f8003c1322bdc,0,0xa5d5a111dbcf0889a7829902db6f8003c1322bdc
0x06eed4177ac1b4f03733d6e26670549c048660d1,0xe2741a1ff070b85cb1d0745cddd337489010d7bc,0,0xe2741a1ff070b85cb1d0745cddd337489010d7bc
0x3928e2f559b314c9f303584ac8d80212dc277f9f,0x612e2daddc89d91409e40f946f9f7cfe422e777e,1,0x6d4eb8f6af01427a3c17703e7ae383e7fbfa8709
0x9449e717775ede8bc1c7d6ce6596eb9e59d2b422,0x612e2daddc89d91409e40f946f9f7cfe422e777e,1,0xa6f775c26b7daf9f27bc7476e7c540c3a3a02953
0x4f6c3d9c170c5ce879883d41417f95c7ec055118,0xce5b70fdcbef02ea76bbe0b7ddfe8d0f7fbb7932,0,0xce5b70fdcbef02ea76bbe0b7ddfe8d0f7fbb7932
0x1daeb9b3314246bda11b0adce3e516a10b40ea6c,0x612e2daddc89d91409e40f946f9f7cfe422e777e,1,0xbea2f040c7ffe7cebe2fbd5149cbd5364f27c224
0x07ccdbf8bc642007d001cb1f412733a529be3b04,0x688576dc6b1abaee1d7ee2b7c41ee5d81bfd293c,1,0x50507e28ea5e74c36e1293bb5331bdbaf39645d6
0x98e87852c876a63c9b783305fea193ee2d03dee2,0x1ca2007d4f2bc0ec2a56ecb890e56e05f36182df,1,0x9fa3eff69fc6a879fb22234b5183e94b19b0cd53
0x907af7a36ddaf4d5c74cfdc5454537446bcc2c41,0x19478179ef8bb7c4792a4041903080e097d137dd,1,0xef65d5be241f40954142e2583a571fa1b8b2fe5e
0x87df0306f147e752805261156d5a00d912786b18,0x05dfb122c4bb912a6cfe91139b2685edf9dbbd8f,0,0x05dfb122c4bb912a6cfe91139b2685edf9dbbd8f
0x19c798674414f7119cce25426993f77692a40df2,0x2c325156416cc7b701151dafb6d4c0bdf0d398f0,1,0x77350e1152efd5f2d807a6124015c629a907155e
0xb05150f784664534cd145743e199e12584641d50,0xaef3e8c8723d9c31863be8de54df2668ef7c4b89,1,0x663a8903209522206399182aef20f5f598877dd3
0x24a1a2c250c1321dd60932bc7f86728562d0d243,0x1ca2007d4f2bc0ec2a56ecb890e56e05f36182df,1,0xe07e47872ee427087b3c23030d42e9fafa6199b3
0x2b58b69148e3aac08c81ddbc8ae07380cd322984,0x5ab1cbcff0ff369a459b4e60094a698cde8cbbbc,1,0x163f1108404114793ab4b3f5279a330bdb1b168c
0x0a3e80b8e644a6b17d4bba5674045d98110afea6,0x28fbb3c3d305fe698082f2147142890960631812,0,0x28fbb3c3d305fe698082f2147142890960631812
0xf9cfaf116e45283602baf74dd3875f5442a02181,0x358bbdd1e9455e56dacb5d9e2e62afb30680246f,0,0x358bbdd1e9455e56dacb5d9e2e62afb30680246f
0x89821786f02bf55df10811c1175fc1249e6d340e,0x612e2daddc89d91409e40f946f9f7cfe422e777e,1,0xb6c13f3f2f106697a0138eaa0dc85dd27320e7c7
0xf31fb4b456f515f54fe6c8ee6880fef925b16377,0x471100bd609ac6bdb33a7e5d636d07057b77111a,0,0x471100bd609ac6bdb33a7e5d636d07057b77111a
0x0669c89fb0d397eed87f0e10dcf5da15474ab92b,0x69aad835cb3f62e435fc693443ce49bfe74b6dbe,0,0x69aad835cb3f62e435fc693443ce49bfe74b6dbe
0x8835b525a71425514988f997d85c202cc1e00fb5,0x000000008924d42d98026c656545c3c1fb3ad31c,1,0x8554e572b65fef9bff78c6c2c3fddbf38af60983
0xa3e17ee1a28494327d3a0327051f4c4a71a43c54,0x612e2daddc89d91409e40f946f9f7cfe422e777e,1,0xcca483b5ad90730711456cc37d0c578f089237a3
0xc8d1a7814194aa6355727098448c7ee48f2a1e1c,0xf5c630426ed10fccc1da4e1914171c3976faf273,1,0x47144372eb383466d18fc91db9cd0396aa6c87a4
0x7ddadefcd7af68002d367fa985f6a76988193b11,0xe7e95a942a05b7c9e4eb04fba30bf6a60a898335,0,0xe7e95a942a05b7c9e4eb04fba30bf6a60a898335
0xde2fc11b3222e9754a23a12094ab70116f0e493e,0xdecaf2c7409f56bf1fc328cc014ba77a124eaa12,0,0xdecaf2c7409f56bf1fc328cc014ba77a124eaa12
0x607065fa6de9668ca33b864d6e17303860068074,0x612e2daddc89d91409e40f946f9f7cfe422e777e,1,0xe99322e71900ef0d4e93aa1fae17666c1294640a
0xa642608cda894829a1c6851fe14088189b6abdf6,0x952914acf8717d091e885f6508375804b2c5b1f7,0,0x952914acf8717d091e885f6508375804b2c5b1f7
0x31fb4083b0a3617ca645041ff4f33ab8f3298cdb,0xe03e3f9ad56862184594f95811bd18cdc0bab495,0,0xe03e3f9ad56862184594f95811bd18cdc0bab495
0x3e1b80433275636d2f363b4c6205f8617c68ceb8,0xf74b146ce44cc162b601dec3be331784db111dc1,1,0x8f3a83a3356d2666d89d027544bbaffa12139e3c
0x1a526fc50406cc353061a61b3404f8ae323b58c6,0x612e2daddc89d91409e40f946f9f7cfe422e777e,1,0xb3590ce4861a79841b1ed9533adbdf3636660c59
0x93b0f1e5e592e1109910adf7cedb2fe08ef831cc,0xa093ba7da11f4cace5fbdc8fcc60fcc11f2a3771,0,0xa093ba7da11f4cace5fbdc8fcc60fcc11f2a3771
0x456b85350a89734420c44bd0ff00d390318c0085,0x612e2daddc89d91409e40f946f9f7cfe422e777e,1,0x4c31a03f32d263bad138de520d3cc27af4dfa16d
0xa2bc32089ac5282fff4aac5a19fff019ae811f67,0x000000008924d42d98026c656545c3c1fb3ad31c,1,0xb1f7c9505d976432e3bbde5b1cf9bb465f70a6fe
0x756e3ca96196b86193912bb1dc78b25853b0d7fe,0x612e2daddc89d91409e40f946f9f7cfe422e777e,1,0x8eb07e2f87198fe19961fb4ac8046e54639b0b83
0xfeda03b91514d31b435d4e1519fd9e699c29bbfc,0xc73fc08c931efe3fce850c09278472e8a81c2e05,0,0xc73fc08c931efe3fce850c09278472e8a81c2e05
0xb9373e7d7f54b6d722194c5609d3de85e971ca4e,0x0464ba38067310f21dd4e8a6c5ddea6863d04072,0,0x0464ba38067310f21dd4e8a6c5ddea6863d04072
0xa53205bef23934c44cdb9f135b5b459e143ed8ee,0x3b612a5b49e025a6e4ba4ee4fb1ef46d13588059,1,0x75ba10395e8bb097b738e525c7fd369f1a8b5d66
0xb47f835d51f42d5b2ed8f3b2809465c58e2d3cd1,0xb35bd040872dae8ba626950c420730e7549533a4,0,0xb35bd040872dae8ba626950c420730e7549533a4
0x418e835b87653a5d8ed5ac83301da428de525109,0xec81102f5892240104df7c3a5c4e37aea0adb5a6,0,0xec81102f5892240104df7c3a5c4e37aea0adb5a6
0x6802df79bcbbf019fe5cb366ff25720d1365cfd3,0xcc23e5a344eb4e99114a8f25f6037951a39aa858,0,0xcc23e5a344eb4e99114a8f25f6037951a39aa858
0x8accd655266a3eb041fbd86538a09caccb25dd31,0x3b612a5b49e025a6e4ba4ee4fb1ef46d13588059,1,0xf9be59246c5097d80c40c112af9678b2e06ea939
0xf248f4392f1acbab756f4edd238ab86c1ce65ff7,0x3b612a5b49e025a6e4ba4ee4fb1ef46d13588059,1,0x53a0649f659d38fed5aff0a356a2f621143f7780
0x4f330940159fb3368f5b06b34212c0cdb4e2c032,0xa6c5f2de915240270dac655152c3f6a91748cb85,1,0x6a4aa35badeb1417811edb4d005384678f4da79e
0x18b9dcf27425da53b83848cfa2c760c9156aaa0b,0x76f948e5f13b9a84a81e5681df8682bbf524805e,1,0xfa40e30f5e2576ec9872f8dc945a83f81b0bde29
0xc4e01162a075e2f02b8ed9c7e4572e38b38895dd,0x612e2daddc89d91409e40f946f9f7cfe422e777e,1,0x3e7cb77eaf16ba1e55f6c01e6fa4794cc80664ce
0xcb3f2d16fa4ca308c221ceb4b91d793bb3967fcc,0x000000f20032b9e171844b00ea507e11960bd94a,1,0xd1320450d62314d96c2642ea0faf231fab66430c
0x21e0c0e68c4d73a9f77f9ebf74722db3597cb3ba,0x612e2daddc89d91409e40f946f9f7cfe422e777e,1,0x35783b787ced46f7ec4393d55653ff8d73ad3d12
0x0f65a3b031b4382dcc53425f3a260942042def91,0x19478179ef8bb7c4792a4041903080e097d137dd,1,0x4b1bd82c5788cdd04891805420fb25b998f04a90
0x7911e7edb3aa444ae8f1151770997efbebd94543,0x69f80347143f81267d291e62f8e5d0edbc32b1ab,0,0x69f80347143f81267d291e62f8e5d0edbc32b1ab
0x784e06fe676261bfab3909408f6530cc0fce7077,0x76f948e5f13b9a84a81e5681df8682bbf524805e,1,0x9c7d5dd160bf6b4824d31f3cad47690dea30c0a6
0x00a217c92a1c2b9f7297674ba488660ecb2eb049,0x9b836c6552b8e9ce3650b7282e81df679d112a00,0,0x9b836c6552b8e9ce3650b7282e81df679d112a00
0x895defbb14538cb46dcd277778aca8e47434415d,0x7cb8c06443aded7a0e51ff66efb2421d3b025465,0,0x7cb8c06443aded7a0e51ff66efb2421d3b025465
0x0bb104c8a3ba07d1b9dae6c2eaced7f279314b9e,0x442295de8a31d65026dbc09c29d469f6854f188a,1,0x457ee5f723c7606c12a7264b52e285906f91eea6
0xa9847a47723a8919f63811824209696867cf085d,0x000000f20032b9e171844b00ea507e11960bd94a,1,0x64e71047c31e0174c2ba3c2c56f4246e7bf81c69
0xd534055e32f37115047ec79996876c19b4186614,0x612e2daddc89d91409e40f946f9f7cfe422e777e,1,0x61c040880530d13d00eaffafdf0aea8c52388669
0x5768d9768ecebd2f676b5b19516b556a17aff3b6,0x612e2daddc89d91409e40f946f9f7cfe422e777e,1,0x6755377e2ef1a73b56d9af4e7bf5a09dfe055728
0xd0ea9f016224d7d51046dccbbc319e0efa66f4ce,0x000000f20032b9e171844b00ea507e11960bd94a,1,0x646cebe8565d27ee6887c30beef859ace3f5033d
0xea940c795fa96ed2bdd1014455bc8dd951bd3fe6,0x81845ec7df4fa5776998053457b8c4fb1e60cf84,0,0x81845ec7df4fa5776998053457b8c4fb1e60cf84
0xd98c511c2c5d0afd9e213cab72a08e6ee62bd77f,0x000000f20032b9e171844b00ea507e11960bd94a,1,0xda3282e5aa14bf8c6c0d3a42ce1b45c538055cce
0x943e64d5aaf5ae518222ff2413ab4aaf8f5db743,0x612e2daddc89d91409e40f946f9f7cfe422e777e,1,0xabc73667fd85eae1351ffb22750e651b7d3bde84
0x0564ce183867fbac974c11960107700857ee6371,0x000000f20032b9e171844b00ea507e11960bd94a,1,0x785b0a34406bff0602f1f0964a54d80fdae0fa6c
0xe4dfad41a1ef18822aaa543823a2cda3cefe3cba,0x612e2daddc89d91409e40f946f9f7cfe422e777e,1,0x80f574a1c5fead1da11b656a369abb9f698ffd45
0x3111d5b46247019083350a092e26eba44d4f1641,0x442295de8a31d65026dbc09c29d469f6854f188a,1,0x506a31c52fee9f2d87f46f8d573edb00ec21a277
0xdbdd3f91999a1795d7e954706c27950b30b6a35b,0x000000f20032b9e171844b00ea507e11960bd94a,1,0x9b8080f56035e8f773c1ec16422048d3ac07f864
0xfa208908152a853e76fe050cf1a6197925c5eed0,0x000000008924d42d98026c656545c3c1fb3ad31c,1,0xa19087fbb62bbf20ab17e62ad77331dfbeef9b9f
0x28d890b5683a86221fa8facd5cf1a1001c7368b4,0x442295de8a31d65026dbc09c29d469f6854f188a,1,0xe4d9c51f0fd017a3cfd31c1674f5c44864877f19
0x9d6f12fd58bb79027c4536c48b400ad10443b1c3,0x19478179ef8bb7c4792a4041903080e097d137dd,1,0x0b7824ba4ebb7947005848a20d28ffd2fd872cac
0x51bced87e5f9a8341ce995afff1963a2de53e2d6,0x40d744990431fb691e82de1cfe1583ecf04e6987,1,0x6ebe7f9cda8619ab2c508ba6c8f6675836185e0c
0x1ec67e0702045e6fd0c666ff4d9feead9f762fa5,0x000000f20032b9e171844b00ea507e11960bd94a,1,0x9081dc4799fdadd84766884a09ada91fc76ebcd1
0x7cc7add921e2222738561d03c89589929cefcf21,0x6cc435f69fbac8ccddc8757e46a9d4376fdb16b5,0,0x6cc435f69fbac8ccddc8757e46a9d4376fdb16b5
0x10e0271ec47d55511a047516f2a7301801d55eab,0x4b5922abf25858d012d12bb1184e5d3d0b6d6be4,0,0x4b5922abf25858d012d12bb1184e5d3d0b6d6be4
0xb7ec7bbd2d2193b47027247fc666fb342d23c4b5,0x1db7f1e160b9e2faddd8a1a4fcd0bd09b9190305,0,0x1db7f1e160b9e2faddd8a1a4fcd0bd09b9190305
0x9d2aa7e647fff786390ac331c0e31f3dc660de1f,0xb3059d01b47e411bb15fa5a45eb8ed3897396269,0,0xb3059d01b47e411bb15fa5a45eb8ed3897396269
0xbf63068d4e6f47661a8a7dd7e95386286f6586f7,0x3b612a5b49e025a6e4ba4ee4fb1ef46d13588059,1,0x3afa488a8cdbccc2163847c2a7054c778ece6a23
0xc5c8594ec1c67548754b832f57b1d109cb893426,0xe22c2f9460e76daf26411d46911b66232f4f1253,0,0xe22c2f9460e76daf26411d46911b66232f4f1253
0x12662b6a2a424a0090b7d09401fb775a9b968898,0x8a455d28eeef518b503bcea01f0ee24f12fdc1f5,0,0x8a455d28eeef518b503bcea01f0ee24f12fdc1f5
0x2fb6256b066f4631580fbd25dde42f49dbae674c,0x0353890d700e32236fb0773863876a4ae9622b09,0,0x0353890d700e32236fb0773863876a4ae9622b09
0x22d9ec93da43dfe17107a82fd8e809d117215f26,0xa9631d83c5bc5f3676922227e5fe3655db078ecf,0,0xa9631d83c5bc5f3676922227e5fe3655db078ecf
0x4f0f0ffd20654588855626ababf6b1be4875fdc9,0x3b612a5b49e025a6e4ba4ee4fb1ef46d13588059,1,0xeef33a3fb5af6723c67835be1025f2342a2cd88f
0xeda09e1e1b4ea5cff051e3fa5e3e94e04d06a20c,0xf49f8fc4b103ccbd88bbde745e2f7fbefc67456e,0,0xf49f8fc4b103ccbd88bbde745e2f7fbefc67456e
0xba6622656f9624549a0b4ddbb1d8d92647a40b45,0x2c325156416cc7b701151dafb6d4c0bdf0d398f0,1,0x825b4f25fa2014a9c207ac6a339dcfa57e925cd6
0xdf9b7d26c8fc806b1ae6273684556761ff02d422,0xd310a3041dfcf14def5ccbc508668974b5da7174,1,0xc08c1b8fd69a22a448fc014bee4a700d70726da7
0x62c462493a17be219159b5c36094812ea56968c7,0x432d71ba14d2602b566dd9e3e098e24859d166c9,0,0x432d71ba14d2602b566dd9e3e098e24859d166c9
0xfb97d1d895ba9aa8b634ee20fb66b2e9ae2c6894,0x7c4c4389c974c5627cb5f1905acd98113ddc4ac4,0,0x7c4c4389c974c5627cb5f1905acd98113ddc4ac4
0x60986b02767bdd5af90ba657572337a881de0a8f,0x2ce48f39c5440bf2216ecd04663c563cae49ccac,0,0x2ce48f39c5440bf2216ecd04663c563cae49ccac
0xdf469fada07ee09f272bf1f768fe7deca5200531,0x1cbdaf51ee0e33b5f59d33df1c9e25e29cbd66f7,0,0x1cbdaf51ee0e33b5f59d33df1c9e25e29cbd66f7
0xf07ff1a72e1f71b38f07ea278fb95dc8ea029889,0x18b5d766c8714ba3280403a1fd5e8e1183b707b8,0,0x18b5d766c8714ba3280403a1fd5e8e1183b707b8
0xbbd6b5bfd6989db6e918d862cd9fc49cce9b2f88,0x612e2daddc89d91409e40f946f9f7cfe422e777e,1,0xaf998a6d01aebedae7e2bcb4eb03ada844243ae5
0x913044569c54d95047101d57d0ecc2dedf2661bc,0x3d5409cce1d45233de1d4ebdee74b8e004abdd13,1,0x2d5d6cdae77dd174cd1507bc0d714861f8cdad37
0x21d08b72e9196d5fe4dc32ba7a9d435951947804,0x928ba3d85d23425cd58f3518cd98ff2df8b0f9a1,0,0x928ba3d85d23425cd58f3518cd98ff2df8b0f9a1
0x1041f1c6ce7c72ea492f0f7374142edf7feb6700,0x2e0b873d26f6d90f347757ed0d041bc65e02a89f,0,0x2e0b873d26f6d90f347757ed0d041bc65e02a89f
0xc3613715c1eec2a96067e6ad27f88e80739e9ca4,0x612e2daddc89d91409e40f946f9f7cfe422e777e,1,0x2daa028a488ceeb5bed903df8a0ba7389b9dcaba
0xef8e4fc40ec217a0f43a8662e4aefd628bf00bb5,0x612e2daddc89d91409e40f946f9f7cfe422e777e,1,0xa88544b5a4439916cee9d5d78f47fe2a2c755cea
0x9edaba801123866f25993914e389924744a07e89,0xdc4aee24d421b2697f3e09da761b88d06f13e12e,0,0xdc4aee24d421b2697f3e09da761b88d06f13e12e
0x7f29b85834d6a2ba4bb1c64325686c6057b1b3c5,0xc683ec31e34dd330ce4c96c8becf2a02e54959f7,0,0xc683ec31e34dd330ce4c96c8becf2a02e54959f7
0xe381dbb4b15c7cb60b52b68f63b26a0de80e6140,0xc2ce12e3950c93682bfe9458b67dda99a9bd0302,0,0xc2ce12e3950c93682bfe9458b67dda99a9bd0302
0x719a36e867b5481f81b1ec0f013f272fa800c1dd,0x89d6c62ba6a5923178c210090eb6c1553b3d78b3,0,0x89d6c62ba6a5923178c210090eb6c1553b3d78b3
0x70ed1edf222d632c9bd119e6cbb5ed6ed4e4e635,0x612e2daddc89d91409e40f946f9f7cfe422e777e,1,0x6c80b6d25469ee00dab439384766c393d72a138e
0x7b330e64afbb0da9b65eaff94afd575611adc5c3,0xe4324031963fcea1cd4644bbcfba0c81d2fcd54e,0,0xe4324031963fcea1cd4644bbcfba0c81d2fcd54e
0x63a407bcb34983a5ba683f7555fdfa24dad4f18d,0xe6041f50a9544cdf7dd32464870965c417ee129b,0,0xe6041f50a9544cdf7dd32464870965c417ee129b
0x05b212b82933884c7578fba3cb56c0d628bd1d46,0x612e2daddc89d91409e40f946f9f7cfe422e777e,1,0x4ceffe861ad4acd75c0cb908e28cc140750efab3
0x26c5d1e6d5be58e4a5c042361daee1eefc38414f,0x53452e69e3e192940cda09a81515aa88681b86c6,0,0x53452e69e3e192940cda09a81515aa88681b86c6
0xbb9b0568d5c7e57b801e41e645539cc1888cb960,0xa06b082c85e57a0ab7755a1767c511832a83c1bc,0,0xa06b082c85e57a0ab7755a1767c511832a83c1bc
0x8410a70174defa5957003ffb47541f41410cf03e,0xdd23c7ae45bbfa2d0b5fa7a844f94096ea65e5f4,0,0xdd23c7ae45bbfa2d0b5fa7a844f94096ea65e5f4
0x8de03144645bf145acb994f8439f11b52b584b2c,0x29fc605ddb289d89be9a1cae7b7b3cd2e4431527,0,0x29fc605ddb289d89be9a1cae7b7b3cd2e4431527
0x02c795313b46e85fcf0f3724b0e5a8ac7893a089,0x79543b9490110668c32c7ec5a0de1a8bca661b17,0,0x79543b9490110668c32c7ec5a0de1a8bca661b17
0x386f593747e5b510c72511b439a90213c734be17,0xa409fb8350aa79189fbbe607521653869950d3ed,0,0xa409fb8350aa79189fbbe607521653869950d3ed
0xcce2fa1efb18cd23cce0c520f3d8f83374898283,0xb7d3a787a39f25457ca511dc3f0591b546f5e02f,0,0xb7d3a787a39f25457ca511dc3f0591b546f5e02f
0xbc27d3fd9b542784e54d37d482072d00af6dab3c,0x9c0998152d9654b3dcad1da31bb01bfa0b61892f,0,0x9c0998152d9654b3dcad1da31bb01bfa0b61892f
0x9cf5d69f179333320d7cf931e7233172ed9575ba,0x39bd05fcb15c4efb10a3ac92d4ffe8a1aa61a3d9,0,0x39bd05fcb15c4efb10a3ac92d4ffe8a1aa61a3d9
0xcc0e844b8dc6562044a1088157bddd99d3bdd3c3,0x6b565cbaf794aeab66cf57255441a816a662f5e4,0,0x6b565cbaf794aeab66cf57255441a816a662f5e4
0x1a8b6b0f57876f5a1a17539c25f9e4235cf7060c,0x7435e7f3e6b5c656c33889a3d5eafe1e17c033cd,0,0x7435e7f3e6b5c656c33889a3d5eafe1e17c033cd
0x35c068b00bd9204ca47970272d18e9b8775c5b63,0x5e5dac73f4840d7dd97349199900cfb3e42eec25,0,0x5e5dac73f4840d7dd97349199900cfb3e42eec25
0xd38fe5e43416f11f3bb001a90045dd18d5ab127f,0x612e2daddc89d91409e40f946f9f7cfe422e777e,1,0xce5c675b075603636e3d6f2a0e22cf927a0f217b
0x94b564ba0b1d6fa7313fcb6b9b10ca387fc2ee78,0xd25ce4526a140646454663b82ec15a737ec00616,0,0xd25ce4526a140646454663b82ec15a737ec00616
0x9533b3ce42435ac6ad2aa984c6ffb09a495fd1b8,0x612e2daddc89d91409e40f946f9f7cfe422e777e,1,0x5c49d4a6bb9a4c393a0680cedc46ec7f8d49e4a1
0x8baffa321af7f04a26d0c611abea1572c685c52f,0x866cfda1b7cd90cd250485cd8b700211480845d7,0,0x866cfda1b7cd90cd250485cd8b700211480845d7
0x82c90f7bbc0feba284e9a865b1b6b2fead0839fe,0xf8d68e46b32aa1e73f8a1384ea994f9b0ba9429e,0,0xf8d68e46b32aa1e73f8a1384ea994f9b0ba9429e
0x3195e66da9e67f57d9014a0be0738c05037ca409,0x000000f20032b9e171844b00ea507e11960bd94a,1,0xeee6c44e1c70341f94971a7d99d4892195d15f8e
0x3b96be45a2504a52f80b35060fafc3fe83007e8c,0x612e2daddc89d91409e40f946f9f7cfe422e777e,1,0x56e0072b934ff08ed36cb42b8148905504efb9fb
0xc99f2e13cf90681bca821f44551b3714f2381d41,0x000000f20032b9e171844b00ea507e11960bd94a,1,0x0479ac85f44d8fb2fd42f7928ce576f7879dda8d
0xc2d26e2679d0dc9782b55a4687dade6a3a6cb48d,0x612e2daddc89d91409e40f946f9f7cfe422e777e,1,0xa5cdf2dbb9a849403ce0f2e95dce76544423c14b
0x3a9daba67fa2bb21f7346fb67c030713501e5d16,0x612e2daddc89d91409e40f946f9f7cfe422e777e,1,0x57ddf91b468d5b07fd19c4ebfea5bcae01e8bb07
0x06b00278310370840c61a74d50ebc43329f05aca,0x0000000000003d61b3d0a96b70b9c9006947759c,1,0xc1de39ede4031afdc7f71ebc507984911fbc5aa7
0x868c379375a93ca7187e6f7106a8ac8a05642580,0x2266ce59f43da900c03bf3b5a50de7f097fa9114,0,0x2266ce59f43da900c03bf3b5a50de7f097fa9114
0xa6a7e9fb22cbcb625eabd492f02a17c594318959,0x612e2daddc89d91409e40f946f9f7cfe422e777e,1,0x02e3772ac35ec4731f0b141fc71d03efee88f91e
0x1887b548475000c7cbed139db46690163748203b,0x000000008924d42d98026c656545c3c1fb3ad31c,1,0xc3d909683270f33842dd8f566f8f960ca219875d
0x7d6d32b31e39a48e154b914dc4eb2523a4a49482,0x644794834267b58911327bc0e6253dd45f2bf22c,0,0x644794834267b58911327bc0e6253dd45f2bf22c
0x8c9ef09a39c6d932dfcdc4372f9d3453ad360ce9,0x612e2daddc89d91409e40f946f9f7cfe422e777e,1,0xb5292bb264b19eb7fafd054236ee2f2ee4509d8e
0xf0eb390eaf245b3185b63490e05f2784676ce8fd,0xefca9908db28f8656ce6335b4498b07fb70b2b78,0,0xefca9908db28f8656ce6335b4498b07fb70b2b78
0x405430b46ff025710e8e7c0169cfef6c31e63824,0x7354936bc7a72c8baf5a2f9262e70a52c427be4a,1,0xb85cfce5dd5476983e51d1516694e9776c0a0088
0x79c73f41ab13f26974932a19727043608c6ca018,0x14e35cbfd357aaa4a501f27ec067202caba4f3de,0,0x14e35cbfd357aaa4a501f27ec067202caba4f3de
0xff14e825128c371d6597f7d7cdb68e2d09b285df,0x59b6688e18d7dc4a8046d2ff1f0f520c361e1c3b,0,0x59b6688e18d7dc4a8046d2ff1f0f520c361e1c3b
0xb3c345f00fa45bc65b06ea4a72f39400a5d1224d,0x000000008924d42d98026c656545c3c1fb3ad31c,1,0xb29e730faf5f3887ff5b22101ba5493702de601d
0xeacc70adf16489f46b87dda064196fd86e43b8c2,0x000000f20032b9e171844b00ea507e11960bd94a,1,0x3c19942b322e204c9f4c772079264931a6fdcd9a
0xe9306e9ec3e73b02dd41aef1b3426a706379aa58,0x90451243ad2d7da2229fcaa263f460dff2e375ce,0,0x90451243ad2d7da2229fcaa263f460dff2e375ce
0xab87a50b50f390ce8eb66e7d6c1fbd8fa4ee8042,0x612e2daddc89d91409e40f946f9f7cfe422e777e,1,0xd72166111abc841ca922755e730244ea8ade27a2
0x8768fb88e94c8a301370b60348216b4348190bef,0x612e2daddc89d91409e40f946f9f7cfe422e777e,1,0xfd69096597cce6b8d9caf96ed332708d440c80d2
0x5b9c5a4e10f77da6a47937579647958aff086259,0x5aebbfdefe28d5f594cc52737dd4fb2d906cc1b4,0,0x5aebbfdefe28d5f594cc52737dd4fb2d906cc1b4
0x11ecd471f0b52b9204bdc09ca6507860a728a7cb,0x612e2daddc89d91409e40f946f9f7cfe422e777e,1,0x2eb99b05a63a895673040e3d9aed612cc54d624d
0xeef85e55aba7906d4055d8e0472da171a884169d,0x000000f20032b9e171844b00ea507e11960bd94a,1,0x2c4090c7ec2377ffed7a4e51e4b6083b6752e2dc
0x6b6bdca11e692aa21cf7206e820064141689cf7e,0x000000f20032b9e171844b00ea507e11960bd94a,1,0xd87ca38a1eadff63e910fa7d439b4e39b800c791
0xf800f606845ceca5fe8a084e0063ab8e9b026c8c,0x000000f20032b9e171844b00ea507e11960bd94a,1,0xd40d2d4c5e0b7920bd39b15642edfb79613f69b5
0x2d7fad67176f4685de0e9d432e3d0f756e596b7b,0x000000008924d42d98026c656545c3c1fb3ad31c,1,0x655c83de7217e2c38f346e0662db95e275ee15f2
0xc961e90b8b5efab29f5ccf2481bf16c3cfb36482,0x5a2774aaff1c2877797b5e6b9773579fafeefd2b,0,0x5a2774aaff1c2877797b5e6b9773579fafeefd2b
0x33abe8103b98b2e36f858ae6011bf9cab0e08270,0x000000f20032b9e171844b00ea507e11960bd94a,1,0xaf334eabac992000984d43346b33aad3a8dda43d
0xa07e6a51420ecfcb081917f40423d29529705e8a,0x8ca573430fd584065c080ff1d2ea1a8dfb259ae8,0,0x8ca573430fd584065c080ff1d2ea1a8dfb259ae8
0xaeb8121b89625576fd85bc460a1e2cdb2b7ee7d7,0x3b612a5b49e025a6e4ba4ee4fb1ef46d13588059,1,0x8626a72a8e8ae899977813dd77d1b920c9701e5e
0xca06a15fd0c1cce807f4793ddef1936e3390a4d2,0x8a5263c1e20db3d0dfb8710f113e7fa7db9b1ece,0,0x8a5263c1e20db3d0dfb8710f113e7fa7db9b1ece
0x45328a9e6c0130cc156037960f8d582d97c6f472,0x775ecef1c70ed299e37006f6820d6252b0e90bd6,1,0xf4872eb5b0edc03be22e5d8c2b3d7bb0693b73c8
0x4ae57798aef4af99ed03818f83d2d8aca89952c7,0xe36d4abdb6fb6b3b3bca4f347c12eb8a71dce700,0,0xe36d4abdb6fb6b3b3bca4f347c12eb8a71dce700
0xeecaf188cc6ce8ac9d1bb3f7ce67be7c8fa65246,0x3b612a5b49e025a6e4ba4ee4fb1ef46d13588059,1,0x2fb0e475f6d495dfdfd9176af9113f48f7687565
0xa2c7790b1614634898a475bb9b25050f7868351a,0x432d71ba14d2602b566dd9e3e098e24859d166c9,0,0x432d71ba14d2602b566dd9e3e098e24859d166c9
0x0000000005756b5a03e751bd0280e3a55bc05b6e,0xb6625044f65f77418c54b73b9883b2bed32cc51c,0,0xb6625044f65f77418c54b73b9883b2bed32cc51c
0xb69f7b066a829d4cc7240ec5d985ffdc45b17798,0x1e27c25fac6c64003c3c09cc9b8d8d60e587e845,0,0x1e27c25fac6c64003c3c09cc9b8d8d60e587e845
0xb07202dc1f0d6543676887a876e16e5f0f75a28b,0xdb6c92a9ccaa27b394f4f496557c319dc22ebc67,0,0xdb6c92a9ccaa27b394f4f496557c319dc22ebc67
0xa2cdb6e347dc7d39f81f10765babc820edf1aac0,0x3b612a5b49e025a6e4ba4ee4fb1ef46d13588059,1,0x2f1afd00f78550dcb5201197e542977fbfc0d391
0xd7bb611b0110273b023ad895a36dd690d71f61da,0xad5ebf58e2fa5dc22357a8b10f4c2ca4d9cf9aee,0,0xad5ebf58e2fa5dc22357a8b10f4c2ca4d9cf9aee
0xb74c9f1eccddefbef7c017b97bd3a2f24a0081f8,0xced09ccfc82b091195bde04e6cd65374518e7b95,0,0xced09ccfc82b091195bde04e6cd65374518e7b95
0xb10fa87043f75eb2673ce71c47d329f4b796810c,0x612e2daddc89d91409e40f946f9f7cfe422e777e,1,0x78ad5cb388c1b564cddf713a2891ab8559fa5c49
0x632c57c315f86c41898b66872bc138d1b78c9f94,0x577c58ebed517748b752252de2a7cbdb92c3a739,0,0x577c58ebed517748b752252de2a7cbdb92c3a739
0x82f14be6763eb1580a3e2111cad2962e7dbf8399,0x76f948e5f13b9a84a81e5681df8682bbf524805e,1,0x164c3df08784171e0c4b61b7682263371f1eeb74
0x0466facfe204ce7e832c36782599c2fecd55743f,0x000000f20032b9e171844b00ea507e11960bd94a,1,0xc1c09c22ae4d17bc3d06384d3869a85924f6a581
0xbee2149176a4b9dfc7e19ae5112055ff619eb7ff,0x98f3ecdf3ac268b7829e94bbbfd24c4616f27f50,0,0x98f3ecdf3ac268b7829e94bbbfd24c4616f27f50
0xf26e920ae7356ca4c06b8cf3d16075c3ec9d2fc9,0x442295de8a31d65026dbc09c29d469f6854f188a,1,0x3310fd13c6c55f054cc128439e1e51cd0cb16fed
0xeac4c4e5729b3a78ac033dc4093f25b1f3d85497,0xa6c5f2de915240270dac655152c3f6a91748cb85,1,0x484a2d3ecdbe52b662b2351cd143fe466f113125
0x940a3dd868be895497f472341af9a95da9427ef3,0x000000f20032b9e171844b00ea507e11960bd94a,1,0x04bb067cb35af900bbfca18007f15dd88e3559d8
0x48c65388452aa9fb2394009c21a477181811b0fd,0xaf2ce0962d1a4b1aab10f7faa62bbbca40a8ea53,0,0xaf2ce0962d1a4b1aab10f7faa62bbbca40a8ea53
0xebad05a55ddab63ec2b8fe545036748f7fde2a0c,0x442295de8a31d65026dbc09c29d469f6854f188a,1,0x2cfd8238167a3e302ce00d9b26699d406d30d2ac
0xb9d171b0678816bd9ce0492cbd921be6fb25b3bd,0x1ed826b8d24570db1a991c3e170177dcd1459a2d,1,0x4257e9592edf8bdbb9b99f2b8b6810e23fb66c14
0xd976de3b3f6f3096be65d4ab7ac617f9642bcd28,0x612e2daddc89d91409e40f946f9f7cfe422e777e,1,0x19b27469edba628c4c3e3221d3713d387b8589bc
0xc9ff02b5148049b86b051e53898167c266581bbc,0x612e2daddc89d91409e40f946f9f7cfe422e777e,1,0x3391c76645a3a7e7e81362a085031d188b8c5f4f
0x3e70ed516fe23d86e70dba2727624fcb0209f4f3,0x000000008924d42d98026c656545c3c1fb3ad31c,1,0x42a26a1f52e6d927db714f226040411df7b1ad05
0x997e6b63cde385be6553ffbeef77d94e0a8bc8dd,0x000000f20032b9e171844b00ea507e11960bd94a,1,0xb1480bb7828123908fc54d0d2b36d7b0e1ab994c
0xb0fc5e295fb00222952ba2c709ea582d9ed801e2,0x000000f20032b9e171844b00ea507e11960bd94a,1,0x4f7a5a6e17147745681874dda008f667cf427efe
0x9dba4671d99611f1f750c0a5ea4c619990582373,0x612e2daddc89d91409e40f946f9f7cfe422e777e,1,0x7f484af42b87536adbeff4a12c36053b40b2a7a1
0x74077b52bb87885ccf76b902bcdb1c94e99a3252,0x000000f20032b9e171844b00ea507e11960bd94a,1,0x6cb14b2334eb8c15441c36b099435bde8bacae94
0x09abd489bb18412539d4eb743bffe9cb91fda74e,0x000000f20032b9e171844b00ea507e11960bd94a,1,0x393679112fc0836198e5101431fcc79c70909c08
0x029d3c195706f212bde3df1f589df5973d5414f7,0x612e2daddc89d91409e40f946f9f7cfe422e777e,1,0xba7c54bd0b7cadee4f5fde32f76de5117ed2d0eb
0xd2a84832e9561b51a6253a0e80bea11c1652d396,0x6887a5dde073fa138dea29545e931e5c437bc715,0,0x6887a5dde073fa138dea29545e931e5c437bc715
0xf3c78656e9c561f7b13ef24988d6158fc48c27bf,0x000000f20032b9e171844b00ea507e11960bd94a,1,0x997346fa53784703b096217a8462a5704099bc1b
0x1749e4e4f9c5ea0dc7623541faf8ac4a58394816,0x000000f20032b9e171844b00ea507e11960bd94a,1,0x6d91bd22af44ee2a9c7ed7eb1dfb46645cb781c9
0x1e0a1b32d8b937dbeb0e08fe1cdf4380457578ef,0x612e2daddc89d91409e40f946f9f7cfe422e777e,1,0x6aaaa0a544f4fab81553304a64f5966bc037f202
0x889b22916e918adac670ba06d63e5d48c1d4dae3,0x000000f20032b9e171844b00ea507e11960bd94a,1,0xcb887bd15e25897b7db043e425ed1267ec0fa146
0x4bf5f85bd09c94392e4e7fcf811a4908af0f35cf,0x19478179ef8bb7c4792a4041903080e097d137dd,1,0x9b14479a9f139851dd0e48598639f4a24d82af75
0x143c596edf1a6b935e67752044ff393fc755fc00,0x075f02f07bbdcabcdea1c0abc943bfb5f27fc96c,0,0x075f02f07bbdcabcdea1c0abc943bfb5f27fc96c
0xb7297df1b26d930a18fdba6c247320c193cf516b,0xa49c0d9a786e659a0557281b4fa72cf8cf08f6cf,1,0xb9d5c93ec9aba93180ddd00a628e8facc3103039
0x3bf99d504e67a977f88b417ab68d34915f3a1209,0xbedcab630f9a3678927c128b23621b9a615f7195,0,0xbedcab630f9a3678927c128b23621b9a615f7195
0xaf9f836cc3e4019addd529c2579e44938252a1ae,0xd29922843a9d20a9ad2cf59bdddbfcd5e1a1d44b,0,0xd29922843a9d20a9ad2cf59bdddbfcd5e1a1d44b
0xde34a8c62a94c133af06d7010ed2703df83637ee,0x7b4f89f0bbf1b2a3d213a2f341287f4f6c67e817,0,0x7b4f89f0bbf1b2a3d213a2f341287f4f6c67e817
0xcf7c91522cbf20be682fa00c770b1b9a039506aa,0xda5bfe0bd4443d63833c8f4e3284357299eae6bc,1,0x1203ef354cd5c228d5de2e7633ed6685ffcec1b1
0x9c149bece95ae171ca9e770c3b6dcc89c83c4470,0xf1a26d0d9355aea843544d941586b6bd8ded7732,0,0xf1a26d0d9355aea843544d941586b6bd8ded7732
0x7c7b29e25677e14b2f7d87a081f0c8e48b688f30,0xe80abd1a0c3ed32fe789d4cf33cdc15d72bceaa6,0,0xe80abd1a0c3ed32fe789d4cf33cdc15d72bceaa6
0xd650c5aa88bb8ffc9bce38f5554e38e91f33e300,0xd5ca96666c6a2cbc772a00bc026f439e45b20329,0,0xd5ca96666c6a2cbc772a00bc026f439e45b20329
0x44511b4b65f04e347581ecfecf37f0dae080829e,0x53d94295d9360ebfb268c2462d94e4e3315b9dcd,0,0x53d94295d9360ebfb268c2462d94e4e3315b9dcd
0x169a6b5be373be7911a31754db77f89a63b00241,0x3bf7de10cc98f131486b0056e4f5b1e1cbd5ad3e,0,0x3bf7de10cc98f131486b0056e4f5b1e1cbd5ad3e
0xd74c4701cc887ab8b6b5302ce4868c4fbc23de75,0xddd057f755fe8486ee8d747e43f116bde3269f22,0,0xddd057f755fe8486ee8d747e43f116bde3269f22
0x66f1f2f73aa3cb9d1b239d302233e9c3d48ef713,0x612e2daddc89d91409e40f946f9f7cfe422e777e,1,0x3a069a6a9abd3c5a2473a2867df65a41952d5213
0xb658258a2595fa436e7d7ddf487fc5d9fe74a79e,0x612e2daddc89d91409e40f946f9f7cfe422e777e,1,0x01ac2f415510312198b562845b44f3c17e825f75
0x1fee2e758c71f214e13870c18c5f464caca0ed84,0xaf9024711511e528360c17478a6296958acf2b95,0,0xaf9024711511e528360c17478a6296958acf2b95
0x0d8c77a20b42e22c1359a79101d169132b83533e,0x5c87758be1ebe8e18b82a535290b0e8525258a43,0,0x5c87758be1ebe8e18b82a535290b0e8525258a43
0x11c91ab01260995f0621e6a3f608f23fc16b2b6b,0x7fc3be65fcbbccf16ff980b34b2c91d39ee27e4b,0,0x7fc3be65fcbbccf16ff980b34b2c91d39ee27e4b
0xc9ba66a464ac580e980ec793642cb018743d0c4d,0x81c77077f7efac072fc4eedebb6ffdb9a0a337a5,1,0x22acec78da94fdabd623524be160fe20318b0fac
0x7d012901faf317a61ed857338657ad6d05a797e4,0x8671b2c83c51a62dd7e39ed83661eb7dca6a5f65,0,0x8671b2c83c51a62dd7e39ed83661eb7dca6a5f65
0x8478bd23db7a701bfc4f6175b565edce6ad1167d,0xf7c4574fbef01b5281fd6a705e3e59278ca390c5,0,0xf7c4574fbef01b5281fd6a705e3e59278ca390c5
0x2574e937bb143d8e71cc0ed582b2faf2938e7e16,0x775ecef1c70ed299e37006f6820d6252b0e90bd6,1,0xd917b4e81673bcec5f8b4c280e6f752c800d6ed6
0x5de392665010d02ee2c6b057ffc537f5e4c19215,0x612e2daddc89d91409e40f946f9f7cfe422e777e,1,0x45e7319b8ba986b8d28b5e414501682e48a15cad
0xbcc5f6fca184ba20d2751ca2865dcdc62c705fd6,0x0d47d2f2d53324d85cf4ab381f807a1f1f0653da,0,0x0d47d2f2d53324d85cf4ab381f807a1f1f0653da
0x84bb9b82148d30d3e6330876d38863b7d64ff8df,0x3f643c8262056f1c68c58d9c6780297c1f7e546f,0,0x3f643c8262056f1c68c58d9c6780297c1f7e546f
0x64b3e851f32972fb07d8988f61374346d1117433,0x7c0d783424fe9f7e5a6e82fb5ea5544cc99ad557,0,0x7c0d783424fe9f7e5a6e82fb5ea5544cc99ad557
0xc16bfb01dc7eedfbc7caaa04c70cddb8bc6bec7a,0x05d1a84cfe7acef6fac12d901f1b0e74393c6f63,0,0x05d1a84cfe7acef6fac12d901f1b0e74393c6f63
0xe07397f4b67d4ba0843eb23df630cd9d37938359,0x612e2daddc89d91409e40f946f9f7cfe422e777e,1,0xcfa85be45b38f69c0dc7967da750d9c996682d9c
0xf308c1990ea80ed2f15d93bb5ad7f69ce2bace06,0x498939d80526fe3a9133c4fecd51e193c1549624,0,0x498939d80526fe3a9133c4fecd51e193c1549624
0xdfb29501b42f63a947ddc5249f185d6bcbe6986f,0x3978a70acce93153f524e8fcdcba1e3ace0ac05b,0,0x3978a70acce93153f524e8fcdcba1e3ace0ac05b
0xf53e3729ac1cadd24d5986b2738d0dee5f4ed30a,0xc0a223038dc923fdef407c741a4d187ef22c2889,0,0xc0a223038dc923fdef407c741a4d187ef22c2889
0xbf72249b8b5e6872610681df636d926b7a04d864,0xe1699e02d9c76ebda62824e58203953022b13017,0,0xe1699e02d9c76ebda62824e58203953022b13017
0xfab34fd377f0cfe9703e2d84477076b64b42b845,0x32220f07dbcd18149f619f28cd09fd911cc0372d,0,0x32220f07dbcd18149f619f28cd09fd911cc0372d
0x4a5846ca70001cc209185232fafbf45b30ca61d0,0x612e2daddc89d91409e40f946f9f7cfe422e777e,1,0xc20b32657639b46f8890dee32c885afe00025802
0xd98dd772a8823c28bed13b16129cc8d53a4b5b01,0x612e2daddc89d91409e40f946f9f7cfe422e777e,1,0x047d746e450516ab68b5f3c3fdeac95ad1ef20b8
0x13303b4ee819fac204be5ef77523cfcd558c082f,0x32220f07dbcd18149f619f28cd09fd911cc0372d,0,0x32220f07dbcd18149f619f28cd09fd911cc0372d
0x041120a3cd4ca812d0167481de728f7df3156bdb,0x437cdc8a370c53945f544c71fa915735ec5b9d74,0,0x437cdc8a370c53945f544c71fa915735ec5b9d74
0xc698d2106bb9d4cbc8b1fa767d01f34a8f8b6802,0x2c325156416cc7b701151dafb6d4c0bdf0d398f0,1,0x4fc21517878b88dbee76f93cff2a3eab0d6304a3
0xa16be02d7516b66e2ef87c5145d66e40fcc1b4d1,0x5ab1cbcff0ff369a459b4e60094a698cde8cbbbc,1,0x3c519b284417970ad2c1cbe788ef5585e2c6b3f2
0x8e8e2a104fe97a8390dea5386203bcf57f63233c,0x612e2daddc89d91409e40f946f9f7cfe422e777e,1,0xab5beeb750b0c79b557f93081f34f3b8b030466b
0xd53959448f88988af2d79d44c793f34250833eee,0x0cfdcbce1a49194d219e156a8a2db34aad1d1dac,0,0x0cfdcbce1a49194d219e156a8a2db34aad1d1dac
0xba0b387dc6188d9f7fb1c54516a46177cc879ecc,0x4df3fbef89fe5820b990aac5aa09941d390654fa,0,0x4df3fbef89fe5820b990aac5aa09941d390654fa
0x6288a0e1370d2a04c43b390e0d3127081997185d,0x089c8e678e4db12971f78db08f86fe69b85454d0,0,0x089c8e678e4db12971f78db08f86fe69b85454d0
0x5806485215c8542c448ecf707ab6321b948cab90,0xa4fdf5fc5121eaaa9c5a603a7317512dd3e69d5b,0,0xa4fdf5fc5121eaaa9c5a603a7317512dd3e69d5b
0xbb1c390b87e5cd774b2ab65db68fa4c41e23f325,0x612e2daddc89d91409e40f946f9f7cfe422e777e,1,0xbd49aace68dcb105c59c669c9676f5cf643a1180
0x95207e061a302f1cfd0907c51b2caaba8b0a492e,0xecae2bf6c1197dd17fac8c84227be6bf39e5a356,0,0xecae2bf6c1197dd17fac8c84227be6bf39e5a356
0xb1f0796b56ef7b90f6ee70437d71c0179938ff13,0xdb4483707d46d993438e3f7fc45b8ed28af52e55,0,0xdb4483707d46d993438e3f7fc45b8ed28af52e55
0x4af9472beba02ecc465c3195b81dd10773db6df7,0x612e2daddc89d91409e40f946f9f7cfe422e777e,1,0xea136d0afa6211ddd98bd83ba021b86302eaf664
0x2b8854ea811478680aff726861cd3f2f66244781,0x34d99d781b84d6b9769d2728df17ec484e76e977,0,0x34d99d781b84d6b9769d2728df17ec484e76e977
0x0a1ec646e23a14d44aa28065ff407193f1ea5ca5,0x38600e05ccb95d4852b5ff75b81d621592690c03,0,0x38600e05ccb95d4852b5ff75b81d621592690c03
0xdf1e419d533a01da26a3e4af62b6f04193338fbc,0x000000f20032b9e171844b00ea507e11960bd94a,1,0xc04f20d5404ba1354981d50e93485fd697135dae
0xe3677bdd6c84f7b4176c04647282bf573ff5fe05,0x3225919eb6fa3b0368e11cb16ce8cddb191fcc6a,0,0x3225919eb6fa3b0368e11cb16ce8cddb191fcc6a
0x2a7028d9564c5da194197c5b34e9cd167ac5b9f6,0x612e2daddc89d91409e40f946f9f7cfe422e777e,1,0xc6dc8b3408dbe563c4f498612d0b51f2458e969a
0x930de5db0960e231befe953a10abb14cae33cf3e,0x29a61bffda102cd17bad406a01646c471d115479,0,0x29a61bffda102cd17bad406a01646c471d115479
0x5ca9fbbaecf63f46745cb6b3ee0d22b106b34d6f,0x612e2daddc89d91409e40f946f9f7cfe422e777e,1,0x4580aeeda8dd0785004ac1f2b34d6c97c1100f61
0xebbbe6ca199fb1e25f170679af187435a5765b13,0x31335e9ef9b6f14cd9c24c62cf261e7f8e02c726,0,0x31335e9ef9b6f14cd9c24c62cf261e7f8e02c726
0x5682c20af031fe6b6bea0909b6cd2e60c47ecbb1,0x612e2daddc89d91409e40f946f9f7cfe422e777e,1,0x876d91d1f121e9fe0d926efdb3dbd9ad91433547
0xb0fb3d0f08eecc0c123fda5fc70dc3a2278facf9,0x5a5707185e614a78da8a9cec3fb994c1cf564910,0,0x5a5707185e614a78da8a9cec3fb994c1cf564910
0xb5a9ae9305f1cbec63ffbe2f444b5a0706f15c3d,0x000000f20032b9e171844b00ea507e11960bd94a,1,0x21636cabcae7f85e06afeaf4926ebd32e72642ca
0xcecd87fc750475e5426768a579203007fececfca,0x612e2daddc89d91409e40f946f9f7cfe422e777e,1,0xd628ff9fadad6739bf20ce304de952c207442441
0xe1c807fe6f1ad243ffee14ca799821d25f105e29,0x612e2daddc89d91409e40f946f9f7cfe422e777e,1,0x57bc6b3e8de08c680863b6085dc1037a739c931c
0xb87803e8bb074965661c5f23d9e5d52667e327cf,0xb4ea9a0c1edd5c41585cd3715a1269b9dd3105a5,1,0xb9bc49eda268327bae036d0ea13d3d893712283c
0x4f4e4b7df8f9a54f1054b5a40176b8f55f3bd79e,0x612e2daddc89d91409e40f946f9f7cfe422e777e,1,0x6a002e8b99f7989b15b84a93833d76f29b9902d6
0x4eb50943b4dee4e4cf3fc56d38e90e145e2e70a3,0x000000f20032b9e171844b00ea507e11960bd94a,1,0x357774a5ff3957ec398b59c99b205c44dfee3e64
0x3ba7f263adb4f10757c142ac562da47430120ed6,0x000000f20032b9e171844b00ea507e11960bd94a,1,0x5c2e84e11a7924e5928e8cee437096fe271588d7
0xb2ae29f981e9cec2cea0071160f2dbdc0f752965,0xb5a4e4cb6aaa9f6ea1e00444251682e0f20f86ea,0,0xb5a4e4cb6aaa9f6ea1e00444251682e0f20f86ea
0xd54e8254cfcbc42c8fddd15b7765c770c46c2e41,0x34d99d781b84d6b9769d2728df17ec484e76e977,0,0x34d99d781b84d6b9769d2728df17ec484e76e977
0x1c0ca38a8a6007f650e58ce85384912654b0e852,0x5321cb94772499f3f250a90096b1724979a17c2d,0,0x5321cb94772499f3f250a90096b1724979a17c2d
0xf3c0efa6a009434cea2b96e35235bec9fad03b87,0x84300dcc7ca9cf447e886fa17c11fa22557d1af0,0,0x84300dcc7ca9cf447e886fa17c11fa22557d1af0
0x689817cfc57f040f4be776c53504cd3906fabc2f,0x8049fc710d4a1deea6a6bcef772c166ced7a82f5,1,0xb73ed55cd565ccc120df1e17754be7bcfd1b42f6
0xe0a5823258aa1cda8703f46b11efcf238b1425dd,0xcf0e3f9380860fff07c2d625f55df420eb1bbbd9,0,0xcf0e3f9380860fff07c2d625f55df420eb1bbbd9
0xe98967ab508e37f2bcf3adae41fbdce03a45ed00,0x000000f20032b9e171844b00ea507e11960bd94a,1,0x948e976e7af8d163ecf671517f4477b4bfbab51b
0x4936c0ff90d487a16cd8e21771071cb79b436718,0x3b612a5b49e025a6e4ba4ee4fb1ef46d13588059,1,0xf8928bbd7c7a46a9738f7da213e30bbfe8764388
0x9de7eca442af6d336206d5359d265216e67f3842,0xb2c5ac6e8b6ff7fc566aff0e171ddbbd396ebfe5,0,0xb2c5ac6e8b6ff7fc566aff0e171ddbbd396ebfe5
0xc36442b4a4522e871399cd717abdd847ab11fe88,0x6c9fc64a53c1b71fb3f9af64d1ae3a4931a5f4e9,0,0x6c9fc64a53c1b71fb3f9af64d1ae3a4931a5f4e9
0x45e71e4c25ac65c0a553e08c78d1e821103e3efa,0xfb843f8c4992efdb6b42349c35f025ca55742d33,0,0xfb843f8c4992efdb6b42349c35f025ca55742d33
0x018dee38c2e54a0d6d1b724c2f9d1a6cc7e9b9c4,0xce84f43ebd65c69d3300abb24d1952e9194f17f1,0,0xce84f43ebd65c69d3300abb24d1952e9194f17f1
0x97c548ac36d5a218bef504b5d5389b724355c5af,0x33e3da186e223acc94bc3484127eceb8b54b6704,0,0x33e3da186e223acc94bc3484127eceb8b54b6704
0xaa75f0ab6662b68228e7039b461bab80de4408fa,0x56b616e04e503ce073038e2b037661c672201857,0,0x56b616e04e503ce073038e2b037661c672201857
0xe3432a379cf52143dc839f5f55a665a9a4821cf5,0xe9951b91c993a218d8bc40e6dbf6a5675d22a9cf,0,0xe9951b91c993a218d8bc40e6dbf6a5675d22a9cf
0x259c353c9bdd6acd555d97a582dfb6a50605bbd5,0x7aba135f55e9b60d4c14275fde03e3a4d23fcada,0,0x7aba135f55e9b60d4c14275fde03e3a4d23fcada
0x6624a5d48594a9b83c3bf55ff473265c1c222bb3,0x849f9c4bc451748979b5109ce3eec6a64e96662b,0,0x849f9c4bc451748979b5109ce3eec6a64e96662b
0x5fe4d2ec3a4ed617f615275fe141ba20f0d6d241,0xcc5396ab909b36bea363a9e9dbe1e48fab79da00,0,0xcc5396ab909b36bea363a9e9dbe1e48fab79da00
0xba534ed8917ecfd5764d59a678c964f4ee17bf20,0x3b612a5b49e025a6e4ba4ee4fb1ef46d13588059,1,0x2910553429cabad45b22ab18c03a6e2e1116e7ec
0xdcbf49bdb92b2aa84de4e428fd5b2c9c58412bc5,0x082fc1776d44f69988c475958a0505a5bc2cd77b,0,0x082fc1776d44f69988c475958a0505a5bc2cd77b
0x2e6c8c05fe926d5d2f5b8748f86f3df1f0c9935d,0x3b612a5b49e025a6e4ba4ee4fb1ef46d13588059,1,0x273fdc49ad8770ac4cbe8476feb86017535528ca
0x55408ba85818438f19a978f30664c96b858484be,0x000000f20032b9e171844b00ea507e11960bd94a,1,0xcf3d4b499bd183c0152cb8e09402f2a38ec3f94b
0x5cd50d974ff5edfee9fe0623ebabd9b3c1ece88c,0x000000008924d42d98026c656545c3c1fb3ad31c,1,0x7a88a6e99e2497c4e30521683866112474d9d04d
0x7cd9b8f136a2932a14069121b651ecabd083d1f8,0x000000f20032b9e171844b00ea507e11960bd94a,1,0xe4715d6e9cf83f10ecf916c64542a0eaafc34665
0x2a5139f7f5df8478bf6c831706113727494f1931,0x612e2daddc89d91409e40f946f9f7cfe422e777e,1,0x1ebd1b44c42ced242f99c9f72d60692870434232
0x694cd27f78d742f088c691cb3112a9ed643cb857,0x000000008924d42d98026c656545c3c1fb3ad31c,1,0xc228a5ca871ca2626ca2d7ff5d1f78a91baf6841
0x367343a8ed0bed0ecb7b9ae92fe8025ec3f4b3ba,0x612e2daddc89d91409e40f946f9f7cfe422e777e,1,0x090c62aa8a9e1a322a7ad9a4681d7610660c4e3c
0x0d6367126c4ca116396e10c3238c281ca1353a4d,0x76f948e5f13b9a84a81e5681df8682bbf524805e,1,0xbe4dd0390f763aba3795f727817fb432ba138d0c
0xef5e9734b050bbf5144a2fc1df19a2b4c7337705,0x000000f20032b9e171844b00ea507e11960bd94a,1,0xdde474cb7c9848e76a621f80f93e6e3595042fe5
0x9dc9c9c9f5f03722fb24ca1317c6c7d797303f27,0x76f948e5f13b9a84a81e5681df8682bbf524805e,1,0xb66051b9debc077d356060d30166fc26fa49a81c
0x1517eff54c58f07581edf92c6b50f30ec92ea31d,0x612e2daddc89d91409e40f946f9f7cfe422e777e,1,0xc9183adb90369273870b690ad48aca6fd6be971c
0x901aa544346d7f50aa8b574dff51274142f5ec1d,0x000000008924d42d98026c656545c3c1fb3ad31c,1,0x006d85f6ac839c8f7ab3487b926b8c65f0e9db39
0xae191c8131f536072593c72acc37bd8a23128101,0x612e2daddc89d91409e40f946f9f7cfe422e777e,1,0x6d78b78fdfad5ced626117195c468f0132f3eb8f
0xbad128155bc25db4fe6736db3fdf01c84cc30200,0x76f948e5f13b9a84a81e5681df8682bbf524805e,1,0x98556b192f8304001986e0bb94e61e51049a600c
0x2581fcf62842ff2f52de071dc37867d53373355d,0x7354936bc7a72c8baf5a2f9262e70a52c427be4a,1,0x06e86712434ad6548113a3e8deeba27bc5e55ec1
0x42d67472b2b00bc91c24794075d3a268db6119a9,0xe036a8d60e2a729e34de70cf6b2454c5c55ee7f9,1,0x0f4e2eda7582dffd2cbe5e8d6465a5cbcfbb817f
0xd436ffa6fe2b3684adb45aa974c89cdbd38cfd9d,0x612e2daddc89d91409e40f946f9f7cfe422e777e,1,0xdd4ca77bad13124a306a83f87bd7a6aa3be9e848
0xa15bcc4ec4a176c48a9b8d2afd29e884a9ec89b8,0x612e2daddc89d91409e40f946f9f7cfe422e777e,1,0xb3eaf12a04d9e9df7efa681a92043ef4371ed6fe
0xa7dfe34b1eeb35aa8b85f74f0e5786dd206b5a84,0x612e2daddc89d91409e40f946f9f7cfe422e777e,1,0xbe20556693bd24e93c5db3563786d7122fc58175
0x2f248134ccbd847deba4a1a9fc8dab8cd11a9ea0,0x76f948e5f13b9a84a81e5681df8682bbf524805e,1,0xfd0d28e5782575b4f3d98883363c180f771913c5
0xe263b1b086e83fb3d8c7f4e19bb1f0802f56be82,0x70395ddd589c5a8bc7b5ffcca50b48d9a9bd0037,0,0x70395ddd589c5a8bc7b5ffcca50b48d9a9bd0037
0x583d41a8874b90c05a9c31aadee82b54c4cacfdd,0x612e2daddc89d91409e40f946f9f7cfe422e777e,1,0x2954be3590c1a91df845a6c59dac5eec80528b77
0xe291bdb053581459b7b5219c1254b27d24767196,0x612e2daddc89d91409e40f946f9f7cfe422e777e,1,0xccb21daeda83f0ff59ace970cbc990bc29fe6dc7
0xc9d101bbe7a6249fe1eb2402c6680d2d1bbb31c7,0x612e2daddc89d91409e40f946f9f7cfe422e777e,1,0x58580d29f8b7dcfa025f4f10beaf22f9f8c447e3
0x7c0a54fa537a779f71822bed88ac005dc49336e2,0x733cf2b788daf29b9095763c78bc0aa4147aceb7,1,0x0ce8879dfa3c100e01940ef2a20b47582ceb7cd0
0xb581c65b75ccc7ab89f64ea43e32a1740be2519b,0x000000f20032b9e171844b00ea507e11960bd94a,1,0x5bf59edec1078ac1ab8c64b508fd7801c0c78a3f
0x8168f0a5800231933b4cd1c85ef236f516e54713,0x000000f20032b9e171844b00ea507e11960bd94a,1,0xb4aed5792226ef85595ab430ce7d46100b3bb820
0x916fe24bb07049922f78a82f8872fe845900ffd8,0x87ae26d7cdf9bddb9af597002962021431e8f176,0,0x87ae26d7cdf9bddb9af597002962021431e8f176
0xf0b2e7328584cef41054c06f147a1477b2fc7f7f,0x000000f20032b9e171844b00ea507e11960bd94a,1,0x139c77c1786b0d08a884668735b0730ddf00d85c
0xbc75011db2ba7803bfc26210a16047fcb9038d65,0x10c1c5554d4ed417d1d3b0e9c7b08e057bc9cb3c,0,0x10c1c5554d4ed417d1d3b0e9c7b08e057bc9cb3c
0x44aa212a6e276a5e56a2dfb942f0568a9dd1b922,0x4b1060b4a34a45ac489ee55c96655a489cbba4d3,0,0x4b1060b4a34a45ac489ee55c96655a489cbba4d3
0x1165335c00bee11a54ec742bec0c36f5c442db48,0x612e2daddc89d91409e40f946f9f7cfe422e777e,1,0x9d3d398870538c2afc774475d01ac2b484960874
0x2ac9e0171838877f3f37cdd7076b83523a294140,0xc66fbe50dd33c9aadd65707f7088d597c86fe00f,0,0xc66fbe50dd33c9aadd65707f7088d597c86fe00f
0x57686612c601cb5213b01aa8e80afeb24bbd01df,0xa083880f7a5df37bf00a25380c3eb9af9cd92d8f,0,0xa083880f7a5df37bf00a25380c3eb9af9cd92d8f
0xd7edd06f6300c04ac453e33dd726096be2d49efa,0xfddb9d0575da83ee0bf35f2198d08c2a0daf7716,0,0xfddb9d0575da83ee0bf35f2198d08c2a0daf7716
0xa887a2f01bbbfdc06a970a45427a1dbffa7e33a1,0x497b5af00112f42f57b2496bde21123b1d4f85d6,0,0x497b5af00112f42f57b2496bde21123b1d4f85d6
0x8887ce34f6f1a4de4e8eb2a9195eeb261c413365,0xc72f40a397453051349f73cf2e2a04fac06e37a3,0,0xc72f40a397453051349f73cf2e2a04fac06e37a3
0xb91356428184a31f115bbbd8fed8797198c8bf96,0x3b612a5b49e025a6e4ba4ee4fb1ef46d13588059,1,0xfde8604980e8db7d965c86028bbbf136b7836606
0xf65e3feb6942f3b595778b3fc11e2796400e4d55,0x3b612a5b49e025a6e4ba4ee4fb1ef46d13588059,1,0xd062dce9602476e2c2a7699be31833578825bc91
0x67b4f2867784655541f8da4705d085ae9da1a66e,0x3b612a5b49e025a6e4ba4ee4fb1ef46d13588059,1,0x63be81f380d82134b71ca8663142e8dc63f7c8a8
0xcf2f795c60a19be4833b8102d75afddb26d824c5,0xb405a93d7a7d1729bf579a562eff0f341097a2ab,0,0xb405a93d7a7d1729bf579a562eff0f341097a2ab
0x6b113002bba6df0443bcdbd06e5d1643d9cd61dc,0x7b714a777b72e97e8411d65277b1d2f06f400d13,0,0x7b714a777b72e97e8411d65277b1d2f06f400d13
0x018eaef4de9d6250f5f75fa7ecabdb8664ec627c,0x5fa95548df8186d8c98d912b6806de559b0b9048,0,0x5fa95548df8186d8c98d912b6806de559b0b9048
0x37029b827ca972cdc2d34f5b58c962b95caa3fae,0xc0c8f96c2fe011cc96770d2e37cfbfeafb585f0e,0,0xc0c8f96c2fe011cc96770d2e37cfbfeafb585f0e
0xbaac4f293fdc8edd61bffef7230fb8a8fb1c2e5c,0x7142147206cc495dcb005fc9f3c006e4e3555f91,0,0x7142147206cc495dcb005fc9f3c006e4e3555f91
0xee68904d0f3b99cfc3607c285ba287ba16fbd8cf,0x99613f187fc3916b1bd6faa2267b0ee0b3447d82,0,0x99613f187fc3916b1bd6faa2267b0ee0b3447d82
0xa4b86bcbb18639d8e708d6163a0c734afcdb770c,0xa5bd5c661f373256c0ccfbc628fd52de74f9bb55,0,0xa5bd5c661f373256c0ccfbc628fd52de74f9bb55
0xf3e731eab2a1671d7338663957addddb7057da77,0xd6dee643da993cf6be961f571cfaaacc444eccac,0,0xd6dee643da993cf6be961f571cfaaacc444eccac
0xe9da03d2ef4321288368783ebbc29d4982c59c6f,0x612e2daddc89d91409e40f946f9f7cfe422e777e,1,0x9bc6166b1493d887dc1c6538df59d16f50b1f0eb
0xdaf43cb65c7f1c7592fd70119ce6f53904039daa,0xcaec4d2b0de574fd8a66eb840c4725dc3e36ce49,0,0xcaec4d2b0de574fd8a66eb840c4725dc3e36ce49
0xcede25bb879720df2471aa0417cdbd7cbb5a642f,0x4607d35a65c80396b922e7630765fff417636c04,0,0x4607d35a65c80396b922e7630765fff417636c04
0xa3872b7a9985219851649e9e81e15831ebd8a2db,0xa52578c6ada18248d95805083ed148957573e4eb,0,0xa52578c6ada18248d95805083ed148957573e4eb
0xa9eb32fc3f695259deda21f6552bacdde968bad0,0xab3627317c43d394eb171170f818153b976d28a3,0,0xab3627317c43d394eb171170f818153b976d28a3
0x572ce969dfb03ef0fef34d31690daac43fac4efb,0xe19e13974d4eb5fa9a1d1e5e976d84c9964337cc,0,0xe19e13974d4eb5fa9a1d1e5e976d84c9964337cc
0xce185e10767ba3df0648752e2df786366ba43c30,0x622826fd951e86b25c36222857a65323742bf302,1,0xea846b6796a7a1db00c20586a64f8e37b537d125
0xdcc9c989f5768c948b65dd1937645f82d39d1b9e,0xc46db2d89327d4c41eb81c43ed5e3dff111f9a8f,0,0xc46db2d89327d4c41eb81c43ed5e3dff111f9a8f
0x694cbdfedf9f5c838aeaaa8e79afc7a8b0217ea1,0xdcb46c4b9dbc8ad7aaa8346d733b551b1affdb6d,0,0xdcb46c4b9dbc8ad7aaa8346d733b551b1affdb6d
0x51ed3f1923768dc44b06fcaa51707b1ceb6ff8b0,0xdbf511df11612e32625b80a0ac97266e62795c51,0,0xdbf511df11612e32625b80a0ac97266e62795c51
0x996d228aad14be5c672528a72280d538fb132801,0x44de8bc0c6f2d9a736c952af03d90d5f9e6508ae,0,0x44de8bc0c6f2d9a736c952af03d90d5f9e6508ae
0xc535ebc152157e9cb934e7cb74381fe93cd531d2,0xe19a6c81be025dddc209764a18a3fdcd71253d7d,0,0xe19a6c81be025dddc209764a18a3fdcd71253d7d
0x5f98b31a502def5bc94732a5734a9088df847dc2,0x258cc47a6c4fb69458f87825d8e3f7b57c90748d,0,0x258cc47a6c4fb69458f87825d8e3f7b57c90748d
0x24264665a051b89d362b5d076fb9bfe41d6cd44b,0x6718c0b9061159823440abf4635707b2ed8e5ca8,0,0x6718c0b9061159823440abf4635707b2ed8e5ca8
0xd1f4e12929b3a42d5508fd7709cb5177f6f727eb,0x612e2daddc89d91409e40f946f9f7cfe422e777e,1,0xb737890f2b5dca4ea3f0194264179c0d814353e3
0x97a9a122ede880df44c33ea24b2c9e99d08ee1c2,0x612e2daddc89d91409e40f946f9f7cfe422e777e,1,0x3dbb25810d96b6160319f2f2f64baaef549ef370
0xa0fc17bc2ef0fa7f61d1fbbd9bf973f90c44d933,0x021e2f27ee3a0ffa6bd08a971624979340c5977d,0,0x021e2f27ee3a0ffa6bd08a971624979340c5977d
0x8e2cf983b47225b8a63c1db840638cf564a655b5,0x612e2daddc89d91409e40f946f9f7cfe422e777e,1,0xae78f07e15cfd1fb9fed5b7156708271188ad620
0xe6ff9dd7dd3e6d10b4c3187ff600faf223bb7ff4,0x612e2daddc89d91409e40f946f9f7cfe422e777e,1,0x85b25d05a356cb8e17bccb4af0d5773e22c46bd6
0x700191de7ac0cf0b2ee186dd612cd277a23a3fb0,0x17d68761a8e62e7acc067bc06cf7f4dd9c437220,0,0x17d68761a8e62e7acc067bc06cf7f4dd9c437220
0xae023692fe84343166a400adabc9a4058360e637,0x88517740b86f3ebf4c7a9ac5808b4986b289f9ad,0,0x88517740b86f3ebf4c7a9ac5808b4986b289f9ad
0x4481507cc228fa19d203bd42110d679571f7912e,0xa8da6166cbd2876ccde424ee2a717c355be4702b,0,0xa8da6166cbd2876ccde424ee2a717c355be4702b
0xb58ae9e93b8bee7d890ad87a2a70c135a3bf4b4e,0xa8da6166cbd2876ccde424ee2a717c355be4702b,0,0xa8da6166cbd2876ccde424ee2a717c355be4702b
0xf02e81a44ad98650f62165b5ae7f0872b7cca8d6,0xa746cf3323007b6dcbada068e8af39985809c84a,0,0xa746cf3323007b6dcbada068e8af39985809c84a
0x0b8f04f2ca4f15d33274a27439412ab7639efad9,0xa8da6166cbd2876ccde424ee2a717c355be4702b,0,0xa8da6166cbd2876ccde424ee2a717c355be4702b
0x17019c5332a0c1641e0bf6cfa67ee924593aa5f4,0x612e2daddc89d91409e40f946f9f7cfe422e777e,1,0xee5d5d4027aebf466fddf3fec3d151ac203fdd31
0x8efcdd0bbe49aa9ed1095f9e6d3130eb4fd952b6,0xaef3e8c8723d9c31863be8de54df2668ef7c4b89,1,0x414ca9c0e2fccc222ca1c5f4cc77ca685dd03f7d
0xe6f74e24aac0dad9a283911cf39aa6ef8a4bd0aa,0x612e2daddc89d91409e40f946f9f7cfe422e777e,1,0x8a6003f75845a896925dda2d91d1959021c1be33
0xcee6a171768cede010d48ad426e97eb510bf2c73,0x9ab421fe0d38c1deba5cadc72cd763de8bf62eab,0,0x9ab421fe0d38c1deba5cadc72cd763de8bf62eab
0xd9c94b9540b9297046737eb9211e47df508b6d95,0xc4f075625f55bb552db8373017f9b60ef5a5f4ba,0,0xc4f075625f55bb552db8373017f9b60ef5a5f4ba
0x39d09c40739d09a2c6ab2380c50f2ffcf32968a3,0x02eb75be1e72e988de64f0088d654d8ea1081e87,0,0x02eb75be1e72e988de64f0088d654d8ea1081e87
0x4a83afe2fb59293b0fcb454a33f90a3741ca5a34,0x7354936bc7a72c8baf5a2f9262e70a52c427be4a,1,0xac3a7e6f1691cc8d941b5e20ba349a266bcc519f
0x1fd80d88947839ed07e37b21672396a95c8b5ecd,0x7354936bc7a72c8baf5a2f9262e70a52c427be4a,1,0x43be1a7b43855ee0f2646a94786a33ed9e86c2e7
0xd0354db96e360f047f6df0272c26624c3ab4ea95,0x5dbc7b840baa9dabcbe9d2492e45d7244b54a2a0,1,0xa127a34f6937394c8ab4b8826ac0a1d19f55bf01
0x430a6a8fb6a4f6e0d2a1cdb9fec495686862a8aa,0x4b7a8ce7d004c5c68207f355f6a838c941ff6b96,1,0x10dbc99c90234e4447f0366e8368d688f622475a
0xbecdeaf5357a45db2c60f35ebe44984af1203577,0x08f54d993d115d3a83a27c44d1b49614d3068352,0,0x08f54d993d115d3a83a27c44d1b49614d3068352
0x6e17cc31b361d5ac203afd5430c9fce461ac1399,0x2c325156416cc7b701151dafb6d4c0bdf0d398f0,1,0xa66bf5d22d48b69a08746d28c711f6d56d44480e
0x4c03bcad293fb0562d26faa7d90a0cb3ea74c919,0x2272ecf43a7481088fa2d4ba9109804ed5a31901,0,0x2272ecf43a7481088fa2d4ba9109804ed5a31901
0x0e8e27df94d817eba0e1f68c3f3b961b418a7fa9,0xc77c58dff4820b93c69b8c7342a3e3965c80dc95,0,0xc77c58dff4820b93c69b8c7342a3e3965c80dc95
0xb04615a52d2574575c28b098f16df0be7346d727,0xc67574c8d915026cc062fd925d8b69904d92ca70,0,0xc67574c8d915026cc062fd925d8b69904d92ca70
0x473833fbb446cf8efe5f762455f9f17592277e52,0x65aa2a3c73f28d0770c465735493a67fc4f70126,0,0x65aa2a3c73f28d0770c465735493a67fc4f70126
0x1af5d05d27b8a5736b9da6f3c2db6620d3d2033c,0x61b8ec618a7e5d5909cd15ada7428dffa0e43a60,0,0x61b8ec618a7e5d5909cd15ada7428dffa0e43a60
0x769ef0229013c9843c1441728b78748595afa0df,0x86901878b47f2347a6f30caf87ab4658c2cc5e2e,0,0x86901878b47f2347a6f30caf87ab4658c2cc5e2e
0xa38c78eeddca0fc9b899ee9c899a3cede7079fd7,0x3d191ebe224907cb7f4b8eb6f1de9ba9f0e98925,0,0x3d191ebe224907cb7f4b8eb6f1de9ba9f0e98925
0xb18d13749ca0c8dd4e09915119d9a1c8061002df,0x233f85965ce71a3086519945e7733b2f631277b9,0,0x233f85965ce71a3086519945e7733b2f631277b9
0x11e4c3823b7a5c6a00f193812a68c11961ddebf3,0x1776cedb05c7ccdc470f9ee38eee8644fa4c4c8c,0,0x1776cedb05c7ccdc470f9ee38eee8644fa4c4c8c
0x0ac3afc7cb62fb5fbf2776d3c6d9d2f4eee801bf,0xe682dcfb523fbaf3d9ffd1ed0b615076590911a8,0,0xe682dcfb523fbaf3d9ffd1ed0b615076590911a8
0x3b4499263baf96805ef1052e3ef31d7fb983e539,0x65602e86963792c60c11b2295dfd90e51af99352,0,0x65602e86963792c60c11b2295dfd90e51af99352
0x6ede110306d8dda78c58bdb71f7e83d6edeb5fb8,0x612e2daddc89d91409e40f946f9f7cfe422e777e,1,0x9f218c1380ad55e4a40b4da89795bd56e93e90ea
0x8a4291ddfe07165a485e6fdadc65011993ad083e,0x612e2daddc89d91409e40f946f9f7cfe422e777e,1,0xa949eba085bd6b07e8ce5073accfd5732d576122
0xea1d8e151b8472a122c53153d7e326be3afc6f9d,0x000000f20032b9e171844b00ea507e11960bd94a,1,0x8cce2661f4a9d75cdd91da948e9c913e632b24c5
0x65e034275006dd4de8aea9d6ab589d93942b078d,0x612e2daddc89d91409e40f946f9f7cfe422e777e,1,0x9f218c1380ad55e4a40b4da89795bd56e93e90ea
0xb140760afd907aef4abf29cba69a6c41fd7e3964,0xd6c496fe999492c351eccf55c8895a4f409e6d85,0,0xd6c496fe999492c351eccf55c8895a4f409e6d85
0x7dd95a94ec6e4174931151ad54ec634c5bc3ff7a,0x17b7108490dd5c006259ef9b32366eb68085e7b8,0,0x17b7108490dd5c006259ef9b32366eb68085e7b8
0xafd3602ad27fddb6a0526d263ba0ea01b63efdd7,0x53558f78e179dfba4c73dbc4648a01da5fa166e8,0,0x53558f78e179dfba4c73dbc4648a01da5fa166e8
0x8edccec3c2397ff24090f39fcc7e1b401b5f0b4f,0x9cc4c15501c7f52485051775c48db655d00667cc,0,0x9cc4c15501c7f52485051775c48db655d00667cc
0x79430d2aec976e8e7dbbb2c72497602d9e4a34f5,0xfd13f59e385fb673d32e448285cf67c4f0ac3ac0,0,0xfd13f59e385fb673d32e448285cf67c4f0ac3ac0
0x1bb8f49c44a3d96814c2b0a71d5be11063d1e408,0x612e2daddc89d91409e40f946f9f7cfe422e777e,1,0x52b8fe0965fcb3da2a32ae09ca0ec3013c3c98a6
0xe9475b5347433896f15f882643b74e2a7bff13a2,0xc4c313291e03aed45259397ebc55a158bd2820a0,0,0xc4c313291e03aed45259397ebc55a158bd2820a0
0xd527fcb081cd04fe6ef62e5658ffb07ef339eb30,0xc17fb77c23e209e27ad68e0ede41cb8215548a74,0,0xc17fb77c23e209e27ad68e0ede41cb8215548a74
0xa2a02eaa9322cbf771558bd95f5b7b5387eb2de1,0x733cf2b788daf29b9095763c78bc0aa4147aceb7,1,0x9a4b19606bde2b203859698544f6e26903dca8ad
0xd899e8f0ac60a21de4dcae0fde8d9a824f3771d6,0xf6dfa4a1213f1d14f898f2eb840b1405984fe014,0,0xf6dfa4a1213f1d14f898f2eb840b1405984fe014
0xc89683881c16739fc9a50ab659ffc8dd7d7ce0ac,0x000000008924d42d98026c656545c3c1fb3ad31c,1,0x699a3259b25d13d5e6ee108e6c14af96306ea0b5
0x29b3019006977e3f7ce17fddc449fc2b0a6c4236,0x8f3a84ff458698de843064ff2c318975abccc303,0,0x8f3a84ff458698de843064ff2c318975abccc303
0xe47f82c110a12166a0c714f782227c1bfbfe1c44,0xc852ac7aae4b0f0a0deb9e8a391eba2047d80026,1,0xbfcc986ca6e6729c1d191cc0179ef060b87a7c42
0x9157fb30c93382630f3bc8046126ca65e4ff42ba,0x4fc21517878b88dbee76f93cff2a3eab0d6304a3,0,0x4fc21517878b88dbee76f93cff2a3eab0d6304a3
0xbaf97c9d66f8567f3c81aec606f9d0a5dfdd602c,0x3b612a5b49e025a6e4ba4ee4fb1ef46d13588059,1,0x2dbe79c1e5be5d5829eebd786c324eb7119e7372
0xbeda58401038c864c9fc9145f28e47b7b00a0e86,0x8241873a52fb61e1fb7e327ef9c3cd3cf4818293,0,0x8241873a52fb61e1fb7e327ef9c3cd3cf4818293
0x824cfdb303556f0a64048625fbc8bbc8fccae773,0x67515bcb2e93af3e6d632fd12d0fc884a1f24d0d,0,0x67515bcb2e93af3e6d632fd12d0fc884a1f24d0d
0x7686d01f9c82fcce68c2ef9a89b67367ecc95275,0x3b612a5b49e025a6e4ba4ee4fb1ef46d13588059,1,0x1f999fe9abdd4fb38e46e77a4d5ff87b840b956e
0xe31a31450bce6603f53f1d8577a20682c0f89590,0x66ec5ebf30c230976cfdf808a17fbd0add302537,0,0x66ec5ebf30c230976cfdf808a17fbd0add302537
0xc0bf6533fe18394a581aa38de831c4ecc64cbe55,0xbf65fa749164b356ab28318e77a3a655c7d34755,0,0xbf65fa749164b356ab28318e77a3a655c7d34755
0xd94d3ce6c56fb445f45a21e9c5a26157dd13fa7d,0x1caa0c40d9483272c94c0e96456e6ee0964f4764,0,0x1caa0c40d9483272c94c0e96456e6ee0964f4764
0xc7151f50383ad76a1a379a33f610acfd59250c84,0x612e2daddc89d91409e40f946f9f7cfe422e777e,1,0x732bb12525961f5853154deb9d0a4aacd2eb240f
0x15d70d94aa3afda45a154af0c5c406cd1b16865b,0x612e2daddc89d91409e40f946f9f7cfe422e777e,1,0x515c2b14156f937219917fed4f44078c6140a566
0x056ea3390bf5b06ca09b586edec5dc069d7af788,0xb536b7c7de3d87ca3f7acc03709c25614ebb777d,0,0xb536b7c7de3d87ca3f7acc03709c25614ebb777d
0x85432dc72d67213173e5c66274cd82243d98b628,0x000000f20032b9e171844b00ea507e11960bd94a,1,0x9814cbf2f72ca63caf1d00606e08b721a29f1678
0xe33adf907844aa025174140619a977cc529c1e2a,0x0c125c3f8939075d5b3f5695b4022bdd8b399d4d,0,0x0c125c3f8939075d5b3f5695b4022bdd8b399d4d
0xaa0e7ddaf64a0dc77885a10a7ee3f0f447e83271,0x4aaa1b1467ed51977e86c828cb10fc63a22f2cd6,0,0x4aaa1b1467ed51977e86c828cb10fc63a22f2cd6
0x08a15a0f2e39425a4dad3b8a7a0df44186a71d6d,0x612e2daddc89d91409e40f946f9f7cfe422e777e,1,0x9993da67f310669d33ab5fe159792582c3bdbf36
0xc905e46a1207dc4a4a19538f21fc7d0c890ad2c9,0x80c6bbd87a2745befca61cdc7e2ffd729ebd5e73,0,0x80c6bbd87a2745befca61cdc7e2ffd729ebd5e73
0x8677b65abfba4b978fefb57afac6f4fcd4825c17,0xf79fc2656ca3f8dd038000876034f79c98423f3a,0,0xf79fc2656ca3f8dd038000876034f79c98423f3a
0x8345368b09b9272805e6f12911551260f152e4be,0x000000f20032b9e171844b00ea507e11960bd94a,1,0x3ea119fe915c8ce2e3ea5c88d92a4df3e057f735
0xf5a4c01456a262ea4926ed37bd02fb4de5d440e8,0x0000000000aec84f5bfc2af15eafb943bf4e3522,1,0x731e70127632a7b8663ccc44884fb3710f9b400b
0x910a383e01998650c82dd9d64c509a37e9d0b311,0x612e2daddc89d91409e40f946f9f7cfe422e777e,1,0x6b027a7035a1760bf2bc603f31817db9199114f9
0x0f33dbe510c33d201d29631c5540f6aa473a070c,0x612e2daddc89d91409e40f946f9f7cfe422e777e,1,0xf5a2c03f6d57f99679cc2202b1795548599c867a
0xb00d1d95bd62484ff49f25232c0d739400af067e,0x612e2daddc89d91409e40f946f9f7cfe422e777e,1,0x7ffdad3ba6f773c61f449ec09ec74a6843781e7e
0xa654a04b871a8f7e79afb67f556c44cf6aeebcd8,0x661722ddfb0e38b5394832812cfd9ef0388c904e,0,0x661722ddfb0e38b5394832812cfd9ef0388c904e
0x95286c91b1861250da090f4c562a701c2ac39f22,0x000000f20032b9e171844b00ea507e11960bd94a,1,0x212fdb815bc055f6386e0e762983d3a70e892e7d
0xa358449bbae18f6a3507185bb730f4eb0d5f06dc,0x000000f20032b9e171844b00ea507e11960bd94a,1,0xe5a87089a561c1c4df72e8ddccd1f43f38ccd481
0xc609596bd470353d1b5fa6479a1eac360112bb56,0xa4992bb0500d5a81212e9dd1e77bdf2695cf3daa,0,0xa4992bb0500d5a81212e9dd1e77bdf2695cf3daa
0x70bd24102270c733ba3e997270971f2a25c47a6c,0x2145e82d3c655e7fb6148e9b828f379f630e30fa,1,0xa47be58bf51280a7e5e5525e7f31d2a72064d82c
0x9ee220dc4a46b0b65b963712710877f7fe238cdb,0xf625fa292c9585fbd6aa4d8751e368673262c4e5,1,0x5d98ac27db9f28efde511ce32ed8e6a876f0a214
0xe4abaaff87440f56959a3ef6e54006fbc97fd852,0x000000008924d42d98026c656545c3c1fb3ad31c,1,0xf4e6344853138fff42fa16f0589d194a47f20bed
0xe163b00b2d23abc4be37663c748efa7d3394bdf5,0x5c9f2fd6ce9e600dd9c4ca4cd67e777cbab6353b,1,0xe6829705c43530973c9a9394513a18e6a60ea22a
0x2b1b7fd257a944b2566f28709c7281d8fc4f6266,0x000000f20032b9e171844b00ea507e11960bd94a,1,0x1355e354660345a368488ec83d06c46f33a9cda2
0x2c5dcb6ed78efd8c5bf3b70172e05a24ede3bb13,0x4907a97379788e7415d5ccdecdaac0da26ccc5ac,0,0x4907a97379788e7415d5ccdecdaac0da26ccc5ac
0xf741d8f4a754d2298f2456d8319cf9a624e1e2a1,0xf10235e003c422abba7bfc91fe6812760047bb8b,0,0xf10235e003c422abba7bfc91fe6812760047bb8b
0xf1785d55810b2848d3c93709a7705f688c9b1113,0x000000f20032b9e171844b00ea507e11960bd94a,1,0x3e6f762b298a679b0fb7cc01620bcc225b758f54
0x37bffb12d9211554f80207b3b61c91d16c9b9fd7,0x000000f20032b9e171844b00ea507e11960bd94a,1,0x50c8cd914324fdad33b028f120cce80f15498a10
0x327befece9caa72aee7d563b4bb8d8ef7c34bc63,0x90c1b596183c8956b412dab1e2c74d8cb63d82c2,0,0x90c1b596183c8956b412dab1e2c74d8cb63d82c2
0x5864a2eef51cee5fdbee8bc4649e6d38a2ff5a97,0x95bd75d85c9e9f205d3d6edf3496f8b6864090ab,0,0x95bd75d85c9e9f205d3d6edf3496f8b6864090ab
0x9aeaa9ed9ae5a433998e9e674ad836b2790b291b,0xbe1905f057ac70d7193e87652fbc75c668af27b5,0,0xbe1905f057ac70d7193e87652fbc75c668af27b5
0x1cf3aaa1309802e11cab9d1a22f5996c243504b6,0x2a259f94ede30a0499f1d83ff534026f6717f4f7,0,0x2a259f94ede30a0499f1d83ff534026f6717f4f7
0xf00bc0d4fa93a70239785a9c227602f6b5e02023,0xae898cc36dc84699578cea537fded3398c7b9e72,0,0xae898cc36dc84699578cea537fded3398c7b9e72
0x405958c2a974c4954b01598e2f578b8866674211,0x0dd27efa90955296e28a4b3a59e3402694d7d22a,0,0x0dd27efa90955296e28a4b3a59e3402694d7d22a
0x6b6c370f790cc4e22f16febae4b484c9cc55eee6,0x3aec3113a09627af7c9039954d8592ff0bc20c25,1,0x22a15393ec07b9cb2e80334f085a00b4769c71df
0x0836585cf3f8271957260300ae64a61d5a5273a8,0x8a3dd927eb1e547c8c0c12785ab958c52caeeeac,0,0x8a3dd927eb1e547c8c0c12785ab958c52caeeeac
0x08038283d6710bf62c8ac76e53e6da8e8dc4f787,0xe84b1be8848a390830d591331f67e4d56c98a19a,0,0xe84b1be8848a390830d591331f67e4d56c98a19a
0x4cb5cbe94d1dbbbf1d5566dd2bac7df82c7f162d,0xa21e8556a8d69a8168818f16d9495f0c0efdd987,0,0xa21e8556a8d69a8168818f16d9495f0c0efdd987
0xd518589ef9bcd57b3117c38efb8a6a57ddc907d5,0x5568945b2978f255e653f364acff5c1aa85d83a2,0,0x5568945b2978f255e653f364acff5c1aa85d83a2
0x27ce78533743fc0395dadefe7b268b18331dfd90,0x1ad35e45cf930414a4df9df3799b4a837c781c5d,0,0x1ad35e45cf930414a4df9df3799b4a837c781c5d
0xb1c86e8f15c95fa1c54c3e756f92a2b10a128d1c,0x3b612a5b49e025a6e4ba4ee4fb1ef46d13588059,1,0x6a71efbc3d99cb376730fbd27fa0a00efee4810f
0xa03e3ba1da316edb748f80690d90c6c01803bb88,0x9d455affe240a25adc6cd75293ca6ab2a010ab0f,0,0x9d455affe240a25adc6cd75293ca6ab2a010ab0f
0x6e79f2a9d35b5e27111ac981c86839ff2618237b,0x56c09caf7a77d5d254dae3438bb843a1ffd06aa2,0,0x56c09caf7a77d5d254dae3438bb843a1ffd06aa2
0xf50c47f1ce7b44796f85025d959046c79fc80345,0x3e0914fc2b3b67a476142020b7d6990d01ad234e,0,0x3e0914fc2b3b67a476142020b7d6990d01ad234e
0xbe7a866c634cc9cc99bff0bcf24e083eb73253ae,0x2c4469d16a86989c15741fb13ad583166ef0895a,0,0x2c4469d16a86989c15741fb13ad583166ef0895a
0x94c0e638870b5b4429cd0a8e73a55eb1f0c54f76,0x612e2daddc89d91409e40f946f9f7cfe422e777e,1,0xbb7509233242bb257951061d9c04a398264f98f0
0xd70530093212126ddc91fd3ea851b9ca19685a0d,0x2ecf9dc2aed096cd453e5d683cc754f8c04f28f2,0,0x2ecf9dc2aed096cd453e5d683cc754f8c04f28f2
0x454d2e33d40ff26cd00ea58e2124c1e33c3b44bf,0xca9a636963ba3a2928dd93110bad5fce1f652a3b,0,0xca9a636963ba3a2928dd93110bad5fce1f652a3b
0x9bc27f863dcae553485a9d9a3a5787ef84cf11f6,0x0a0c26f2a5c8a44116fd33837f154922668c012b,0,0x0a0c26f2a5c8a44116fd33837f154922668c012b
0x9547e4c17ae2f083892d4581f94d3ccead8f12f3,0x5dbc7b840baa9dabcbe9d2492e45d7244b54a2a0,1,0x5359dece0b571639d0497103477592ce0bf9f548
0x03ff6d399b97d38a0c466939ca9256db0d7f633e,0x6c413852c216a680df93d03ca8e3b61c757a942b,0,0x6c413852c216a680df93d03ca8e3b61c757a942b
0x517342395a76ccc56edf9f3a2205359da9e58355,0x9731aa8c1a2a84a9eab610fef770ae863681c90c,0,0x9731aa8c1a2a84a9eab610fef770ae863681c90c
0xc5e6ea46a1703e6f25dbea8769bb1d3834c111b9,0x3daf5f3ed3e3bdc3e5c5061b8a0a53c2bec722de,0,0x3daf5f3ed3e3bdc3e5c5061b8a0a53c2bec722de
0x9587eb4306f0fb9d5dfa6fb5a186bec4595aff33,0x5c991d442a2e312d4ec339b4da31144f30467395,0,0x5c991d442a2e312d4ec339b4da31144f30467395
0x0cd91dd39caf3a9e1502b0ab85870d42620b11f2,0x4d70631664f1cec37d33f289a3293662d70741c3,1,0x9ef7749c73cc7972919550b1405f316bd871ecfe
0x4313a10d137188a5cfed3486770f2e66ecbe9be5,0x2fc5a0541cbec8c00a2fd72c850a0fe4ce4ad32e,0,0x2fc5a0541cbec8c00a2fd72c850a0fe4ce4ad32e
0xde3adb4418dba1f8bcdac6b411dad073380cd4ab,0x612e2daddc89d91409e40f946f9f7cfe422e777e,1,0xa03fd9232e8d6ca50761bd7e86819e9f12b6fda1
0x671a76d4854d03b833a1b299e14cdf15ee777b01,0x632cca70fa497b97bfb680e2e9ee71bbc399b229,0,0x632cca70fa497b97bfb680e2e9ee71bbc399b229
0x9a92af81f20908cd8580ea54606d68cf18b923f6,0xafaca46f253c85d4ba372f82a8a4f4b0dd5d7dfc,0,0xafaca46f253c85d4ba372f82a8a4f4b0dd5d7dfc
0x1ebd38f5e21b3a39dd3edd8c13cf8c69b064c27f,0xa38616f2b29ddb1370e5db7c43d09d9de76ae00e,0,0xa38616f2b29ddb1370e5db7c43d09d9de76ae00e
0x7876d44adca8e1549cc98f07b6410c84a7873e7e,0xc9eae131858bb939e5117b283dc2ca70b0589fc0,0,0xc9eae131858bb939e5117b283dc2ca70b0589fc0
0x189defa269e7d1d0b591f8d731fdd265a0e13767,0x68230fa9310ae6673ae78b6f8e9eb2b9f3bcf372,0,0x68230fa9310ae6673ae78b6f8e9eb2b9f3bcf372
0x0f12eac28aad37a04a15e9f798daddfc297217c3,0xf74b146ce44cc162b601dec3be331784db111dc1,1,0xff51cc1519c7a61144d3ff6f883122f150752445
0x94c2911ceb9b3684204c63b8e204a660990b7318,0xdc43c3ca65ea79fafe251e45fe6040f67b859bcb,0,0xdc43c3ca65ea79fafe251e45fe6040f67b859bcb
0x36be26bcf925fdbee80ddb1237c21c9e26cc64dd,0x07bff2accefb83023da0fc8f8c49c034622eed36,0,0x07bff2accefb83023da0fc8f8c49c034622eed36
0x58007cc33952aaa6bda9d33cc4a10ba400846536,0x7354936bc7a72c8baf5a2f9262e70a52c427be4a,1,0x1f12713325660b3a736847724806bb7ae3a473e6
0xd54fd21251955930851d74a7ab9d8ceb24a0a56d,0x612e2daddc89d91409e40f946f9f7cfe422e777e,1,0xc20b32657639b46f8890dee32c885afe00025802
0xe2adaa8f4f0d2bc2bc81fd05c9be0eae5d52a947,0x7354936bc7a72c8baf5a2f9262e70a52c427be4a,1,0x3bda56ef07bf6f996f8e3defddde6c8109b7e7be
0xb632c015628cce29e053640f548c0d349d3e5903,0x637253122bc2d89f826b5c4692754291dbdb6504,0,0x637253122bc2d89f826b5c4692754291dbdb6504
0x0703946bc27b6a4fa71b7ebade77ca905bff1c68,0x7bef9a9c86e9a90b47cfbbc09d8dbf3fdf61e8ad,0,0x7bef9a9c86e9a90b47cfbbc09d8dbf3fdf61e8ad
0x018b75fe1d42b613254d03fd321c8f4bb0ddd59d,0x612e2daddc89d91409e40f946f9f7cfe422e777e,1,0x610d72c32e3ed5ba381851d25a6c1b543622e4d8
0xa871d50050ae79bfc9b1315dbe3604c853af07a4,0x61ca4026467215c4110d7a1b2a4c34324bda5374,0,0x61ca4026467215c4110d7a1b2a4c34324bda5374
0x9e20f9434ac790c046da19ce642868354a547ee3,0x19478179ef8bb7c4792a4041903080e097d137dd,1,0x90554a1db44d8e8908724690d17f402db807e9e9
0x5252768f4f6dbc33b25e876e91ac45a38ea3e1f3,0xb99172161b5edfb4e01f7ee5feb4264d684541f1,0,0xb99172161b5edfb4e01f7ee5feb4264d684541f1
0x30093266e34a816a53e302be3e59a93b52792fd4,0x0b39abc301236be9dbe9d2c78a74ea9e9cf7e6d1,0,0x0b39abc301236be9dbe9d2c78a74ea9e9cf7e6d1
0x4b45bc6eb614e4f681cc470171b065f6970d7b88,0x762ba8627a1f4ffc4b85595d3c0a7cae4b363499,0,0x762ba8627a1f4ffc4b85595d3c0a7cae4b363499
0xadc46ebb1f8adf7e1b347c775cc43b9f6a7b19be,0x494d215c57f135a033792d966259c04113eabfa1,0,0x494d215c57f135a033792d966259c04113eabfa1
0x5c46aa2574c54f2b1b506ea64c9383ee27012652,0x91f4c11a35444c6ad79b0d4a264b636089396678,1,0x988b64a7e619159632e282f5e741d0206e857097
0x21eb42ea33a183a219df16d9122ce7d03ac2ecb3,0x612e2daddc89d91409e40f946f9f7cfe422e777e,1,0x2ce64f21dcebb47b08375e62d75c098ead3c1cb4
0x3a469874b9ee6c74fab026566d767e92a43e0f76,0xa3ad01c017624a436a34383b03d530f30c2c7440,0,0xa3ad01c017624a436a34383b03d530f30c2c7440
0x681e52ed101b6589cfa523365349e3ff9c300d04,0x000000f20032b9e171844b00ea507e11960bd94a,1,0x1084bb3900607375d25577cb3e2d1c140a871312
0x7211ddfca55a30b7a5eb82d78fcfb5139d4dd332,0x612e2daddc89d91409e40f946f9f7cfe422e777e,1,0x4824a50def03a065e8449bb79e90e857b08da76e
0xb362939c86db16ca23935476497ce53c8dd1bbf8,0x000000f20032b9e171844b00ea507e11960bd94a,1,0xdeefd86dac7731f79fad184e956cb45dace6afb0
0x8244f2fe88236373465d3137437ea92897e1b6b9,0x612e2daddc89d91409e40f946f9f7cfe422e777e,1,0x566e76dbe103f2d0ae2167d66db69e79d804878b
0x55743c104382c66199c7c531bea63a6bcda04b86,0x8bdd0535d3971c3ab09c7f1e35266e047fe972ce,0,0x8bdd0535d3971c3ab09c7f1e35266e047fe972ce
0xb9853f48bb4b71679913da247c927dee43ede924,0x612e2daddc89d91409e40f946f9f7cfe422e777e,1,0x5c5ba594549701adb7b8ef6352ee736a5a9b8d4a
0x16738149e29a12b60d801ef3236cc8a2a1963cb2,0xd921abe39a09a9e442763a756154f46693639c07,0,0xd921abe39a09a9e442763a756154f46693639c07
0x52e7efcd3a67bd280752a734ca46a4954eba9049,0x612e2daddc89d91409e40f946f9f7cfe422e777e,1,0x24b24a4c7668bbf707cad28cfe0019e6535235ba
0x328c2ce116ed00af3365d57bc60c466dd435de05,0x612e2daddc89d91409e40f946f9f7cfe422e777e,1,0x2cf84968ab79a7812061b3bd4eb8bf9b03432744
0xc2e257476822377dfb549f001b4cb00103345e66,0xbc22c4fbd596885a8c5cd490ba25515dadf1a91a,0,0xbc22c4fbd596885a8c5cd490ba25515dadf1a91a
0xb0a5818c8c2011cce667e56f9d1e512d6ad83d82,0x0d6f043296c9e950ae5aaf8add002358cd24bd46,0,0x0d6f043296c9e950ae5aaf8add002358cd24bd46
0x3623ee9f0d115328e883822d428ab17466d894f8,0x000000f20032b9e171844b00ea507e11960bd94a,1,0x73b4437a4b3e43de673836107437e4f092a363e0
0xddf5c3f3a5d3dcceec21c4df1d8d2a207e081421,0x000000008924d42d98026c656545c3c1fb3ad31c,1,0x984d4f305353d7e613daf7a602c9034c6ee9af60
0xef71e8085c76e5354066154484f7318f75e20068,0x74df3f79e48220af12c8da4737be2de223836c99,0,0x74df3f79e48220af12c8da4737be2de223836c99
0x28227d40b576d70fa6fe8fa7f28bed96ba76821b,0x612e2daddc89d91409e40f946f9f7cfe422e777e,1,0xde647dea9fd83ee67200a0e7e93872a097e41272
0x2d6e10561b320c4f31a903bf0fa92a1ed58637c0,0x4eeaba74d7f51fe3202d7963eff61d2e7e166cba,0,0x4eeaba74d7f51fe3202d7963eff61d2e7e166cba
0xd0c71ecb781ee79a92e363298e46ecee7337e34e,0x612e2daddc89d91409e40f946f9f7cfe422e777e,1,0x077829fd20cce1f05a3782039fd509d82476ec15
0x5a4b8873d2d93ed57fb3298cb5e0dea7457ed1cb,0xb03c221ff41d0111f3059477e526bd4ede3d84ae,0,0xb03c221ff41d0111f3059477e526bd4ede3d84ae
0xb93a4e2c02ed1486351e90cf52de8d51a67aaaf6,0x698d82fdefb9bf15230af70c4d2d19973f7cc06d,0,0x698d82fdefb9bf15230af70c4d2d19973f7cc06d
0x7b4d506288401448013de649f2f6f06a1425ab32,0xc4007443676888bd952190741f06043da2e3d6ca,0,0xc4007443676888bd952190741f06043da2e3d6ca
0xc2c386a477c3fb22af32d7ded90e6e3c4091a75f,0xb8b2e20110558cb84a6f64ebd9e58b496fb56865,0,0xb8b2e20110558cb84a6f64ebd9e58b496fb56865
0x12a4c573889bd4d37ca6a29aa5f19dfc559d0926,0x3b612a5b49e025a6e4ba4ee4fb1ef46d13588059,1,0xee947e8d14cbd951105751bbe7d0a4480b6791d3
0xe71cd39b62667519f35274c393271daa5048b8ce,0x3ea076ee0b40911749a7fd1008e869c602c93100,0,0x3ea076ee0b40911749a7fd1008e869c602c93100
0xd1fdf0144be118c30a53e1d08cc1e61d600e508e,0xedeca9e94d97a88c60eb97ff0ea008b400f87c59,0,0xedeca9e94d97a88c60eb97ff0ea008b400f87c59
0xb3250e594ab5c3e519aec4da472969b4c3187489,0xead1307d8359ec03a3ec6949225d37a31333d2df,0,0xead1307d8359ec03a3ec6949225d37a31333d2df
0x2475c4a97be62efffed70e849d7410a801489d89,0x612e2daddc89d91409e40f946f9f7cfe422e777e,1,0xdd989c0746216a36fc49ecc2bfb597cef976defc
0x95b5648339fe0138b85fcdcd79411b00880c3b21,0x000000f20032b9e171844b00ea507e11960bd94a,1,0x6f9573fe5df66a976e7672906d74655ca22a1eea
0x8f10398f297cb9ccc8a982f3e5f32e2b87a72b22,0x000000f20032b9e171844b00ea507e11960bd94a,1,0xfc77143b6a879a0b20eeb9ef4e391d14dc2a1efd
0xcccf5ca3276f7e0a82e3d43c4c721db90c87f2e6,0x612e2daddc89d91409e40f946f9f7cfe422e777e,1,0x65a8307681b6fa0065ab40a2316639d78990c845
0x7e81ecb87da0c3a611a85e3e00a0a4b60c807cfa,0x612e2daddc89d91409e40f946f9f7cfe422e777e,1,0x355cefdabe285a1be7edacef2909e87bd9b7f798
0x739fd00f13a97c4d079db030af408fad4a4004b4,0x2c325156416cc7b701151dafb6d4c0bdf0d398f0,1,0xd3cb8e5740fcba07daff9cba563b3235b67b187c
0x88891adc6540a5385ff6045e8e7dabb86e07df3d,0x000000f20032b9e171844b00ea507e11960bd94a,1,0x5b4c0054a80ddab32b3dad4df85d67aec51d6956
0x053a15435715de5eba78c08b4f0f6bdc189b842d,0x612e2daddc89d91409e40f946f9f7cfe422e777e,1,0x6dbde3ab50f767732013604704220dd147638df1
0xbfdbb45c77da56eb352fd56c2f5a4133ac48583f,0x612e2daddc89d91409e40f946f9f7cfe422e777e,1,0x38486d02146d82757f3b13c498d3cd08a9225569
0xea773366e14fa9162426e9f533e2fca318539ab1,0x000000f20032b9e171844b00ea507e11960bd94a,1,0xf47d1992d78e9e0d8e33321266dd66fdeb5a337a
0x579e8dbc85c5ddd98eebedbdbbc13ec61e151b74,0x442295de8a31d65026dbc09c29d469f6854f188a,1,0x48c290b4e0273c57a30d9ce41cf4ff27fcf79317
0xc0a61249e7de8f25e7832161294bd12918f4eecc,0x000000f20032b9e171844b00ea507e11960bd94a,1,0x87590aef4066bd6778e5cc022b5e8e1f6f965559
0x8a9c1073ad81334ad89a10379affc94df66d691d,0xec51a95a0cc147dfac92a3a9cac6db1f80a5e059,0,0xec51a95a0cc147dfac92a3a9cac6db1f80a5e059
0x8f61788df2867e9fd352eb3af2666b7328203ba7,0x000000f20032b9e171844b00ea507e11960bd94a,1,0x33c952f12ad02f124dd7a907901671fff47f718a
0x7bb3c4ac939a5ca346cb36858515e8a504f5cbd7,0x19478179ef8bb7c4792a4041903080e097d137dd,1,0xfcd23e996a849020f37a00d4d22ca97d65edfe55
0x02d3b8b8dbae63b2f1b70b1e5bc9c07022dc46d8,0x612e2daddc89d91409e40f946f9f7cfe422e777e,1,0x3dc449910e04d6ed54f83bbe910212247ba1ec30
0x3ca108cf759f1ef9e0fbbcdc0b77c6372e65402c,0x4348b57916e6674bc2c9efd3ab84cede61e1dd46,0,0x4348b57916e6674bc2c9efd3ab84cede61e1dd46
0x2184ee8886837754cabafbb75e382a1b8f5d55f2,0x000000008924d42d98026c656545c3c1fb3ad31c,1,0x0f5b6d1074b28f33e3ee78b8b77588a0effbe343
0x534b58d4809ce27ef5edcf6445174d93bdf194af,0x000000f20032b9e171844b00ea507e11960bd94a,1,0x4801ccce16cad849450205c0b01fdc307bd21cd6
0x7ab1e5d4a36d0042e558cfa36acd6e973e203108,0x000000f20032b9e171844b00ea507e11960bd94a,1,0x422e8c03bf1b4c80b53c7c5af8f66183db14deaf
0xd42f00cabac1bf0a0f7963e02d3e013cca706b99,0x612e2daddc89d91409e40f946f9f7cfe422e777e,1,0x3831ca7c599972e0f4ca6c784064dde15f4fadaa
0xed4cc8c49349a1a66ad4381075161c1f92a967c1,0x000000f20032b9e171844b00ea507e11960bd94a,1,0x54b0675edd3bea1b57a6eec29b86f8e266dab978
0x60835bf533d4b51c3478a26bddb9d6d4b30bdc80,0x000000f20032b9e171844b00ea507e11960bd94a,1,0x0712853e7f62b1888bc43f36fd75cf5a792a34a2
0xd4230a455e99b16110a07f4c502c4fe5069958c5,0x612e2daddc89d91409e40f946f9f7cfe422e777e,1,0xba3fd2cbdbf15afa98f9c42562e953f5f5cd60b8
0x7c50fd2c5d07f0a07cd7b1917364ff711383ba2b,0x76f948e5f13b9a84a81e5681df8682bbf524805e,1,0x0e4d4e4a9f088a1ea9bceac9e897330f5b2e1247
0x04fcea07b077ad1a686ec95d2d4d0784223b531e,0x000000f20032b9e171844b00ea507e11960bd94a,1,0x79fa4adf4c81088d175d612dc5bc62f922f41187
0xa73a31b8ffba111488f183744bb70152e5b22131,0x000000f20032b9e171844b00ea507e11960bd94a,1,0x5c9b05f29bfc5772b0d3ca72c050bc89238c0c9f
0xcb4f4de9a21ef344bd6eca71324722fae153f3ab,0x000000008924d42d98026c656545c3c1fb3ad31c,1,0x480cb1e80663e45e3d079f1ab4ae38abbf311de8
0x724502071dc2397e0b3d566e011d979b5677105f,0x000000f20032b9e171844b00ea507e11960bd94a,1,0x5426a3e50fc502e1c757b07f1d67cffd5482d81b
0x889355dccba083949e1126f102ecb24bf4ec9b45,0x877f3bcb3c0ad49b64c404970d5671e00231b59c,0,0x877f3bcb3c0ad49b64c404970d5671e00231b59c
0x7d2b2286607da5e522cced94dc638bf812d1a07e,0x000000f20032b9e171844b00ea507e11960bd94a,1,0x1cf79f927a3a9e2b76f8bbce5063e0c7eb290532
0xf4e5e9509df96657b9b6507c8540f76ee246d1d0,0x7354936bc7a72c8baf5a2f9262e70a52c427be4a,1,0x8b79fa779af9391a10c5010101c180534ee9af4f
0x4d7c6e1aee84ee027a2d0ebf20809267acf71de8,0x612e2daddc89d91409e40f946f9f7cfe422e777e,1,0x988be465e0da7e18279fe4ffc4f6524d84a2042d
0x97c12692deb7252185801f6f998bce7154d5c3b8,0x000000f20032b9e171844b00ea507e11960bd94a,1,0x9a39a00a794755ba1a2e5ad19e438c3549267a3b
0x6d51db7e8d58d04517cc0c8d268bef7468866b9b,0x000000f20032b9e171844b00ea507e11960bd94a,1,0x449991cb537a5d19a7b13a27ddbd5a3f89aacca7
0x2b6972b1c8a6835374a46c188cdbe1f616f3f0b8,0x555ac5f14826e9219e4d1bcb37ad56bcec97d3bd,0,0x555ac5f14826e9219e4d1bcb37ad56bcec97d3bd
0x78bd81488cf7d8268e51a4df3ad5a54cd93b6273,0xe80a85b425fc71765c85e178e9116616c5da0d75,0,0xe80a85b425fc71765c85e178e9116616c5da0d75
0x902ecb4d64c7d9fc9b600f7ce832a8bc58d25e3a,0x000000f20032b9e171844b00ea507e11960bd94a,1,0xa47dede0411fbdd9a56010e9cdb6431cbfb032cc
0xba42e3c0db123bdd267a92971d9dec286fb09455,0x612e2daddc89d91409e40f946f9f7cfe422e777e,1,0xa8dd0eadd7730ad5a31eeb89feffee2897f89421
0x629a673a8242c2ac4b7b8c5d8735fbeac21a6205,0x7f243bc585dc218d6b33949c02d01ac3b007aaa5,0,0x7f243bc585dc218d6b33949c02d01ac3b007aaa5
0x4b5809bc3e6082ac554088c94ad39a1a73268ea8,0xed2189fbbbbf52b9177acdaea8f17535043118f9,0,0xed2189fbbbbf52b9177acdaea8f17535043118f9
0x41e3d4b3a79e464f65fffe18aa063de983ef97de,0xae4d2f063b6e75921938445c8ba78e45d268c783,0,0xae4d2f063b6e75921938445c8ba78e45d268c783
0x025983cd3530f78b71b4874eb5272c189b357e61,0xd9b1330b481b2a2576b338b0b07b9a483879dbd6,0,0xd9b1330b481b2a2576b338b0b07b9a483879dbd6
0x207ce3186b13a2855d9ce8fdb56eacc53e84fb4b,0x0aa1f3d61e7c325ae795737266c5fd6839819b86,0,0x0aa1f3d61e7c325ae795737266c5fd6839819b86
0x242248dbe4e65d57a68cf9fffb2f6e91b6c226b0,0xa8c6990bc778611ffd5b94db6befefc7ae74b147,0,0xa8c6990bc778611ffd5b94db6befefc7ae74b147
0x4c8a326e9bc8b76db1f6f58eab5ff936752ff51d,0x78a0b2a1f2d754f7f84a560838c8ff7f1c6b51b6,0,0x78a0b2a1f2d754f7f84a560838c8ff7f1c6b51b6
0xd5a20cebb6419beb8b093424c608dc62a8e770eb,0xe754be98baa42e2d1f03db6284f82eddbc4b350f,0,0xe754be98baa42e2d1f03db6284f82eddbc4b350f
0x2aed890cec048adeaeb334cb1f28892d4a760cb1,0x49b53cb0151a24e83be22358cfc046ac24cf0dd3,0,0x49b53cb0151a24e83be22358cfc046ac24cf0dd3
0x265e3b8c35d071787d49627fe25146c367d71fd8,0x3b612a5b49e025a6e4ba4ee4fb1ef46d13588059,1,0x2eb99b05a63a895673040e3d9aed612cc54d624d
0x91127c1a0ecd74da0126b4bf5344e6b995fcc812,0x1337af9761b5a8357fd52398317a0d3247b14b3a,0,0x1337af9761b5a8357fd52398317a0d3247b14b3a
0x3cf68396be38eed709e5cba030d6e13e4f2cb1b2,0x7b714a777b72e97e8411d65277b1d2f06f400d13,0,0x7b714a777b72e97e8411d65277b1d2f06f400d13
0x7999bd176e85ecefa67c9939ab431c9719aede2c,0x736c1c915e528ea096ff89be5e9344c7762b18e9,0,0x736c1c915e528ea096ff89be5e9344c7762b18e9
0x3b3ed0f7a766bfdfdb27387d2907ff05cd0aa8ce,0xbb4aee67138e890ed8e097ae1271471dc46fe0a2,0,0xbb4aee67138e890ed8e097ae1271471dc46fe0a2
0xf2cac1a4ce292232ca7140015a8ae99e35b22b3c,0xb32044d6911effab4f19a143a9cecd886403003e,0,0xb32044d6911effab4f19a143a9cecd886403003e
0x0eda3569364b8830537cce50941432c6820aa3b9,0x486752e4c8ab22f5abb1feb95abc7ce0a36473da,0,0x486752e4c8ab22f5abb1feb95abc7ce0a36473da
0xb9d0f731fa686887365109b25c4c55a54c584132,0xdc3a18b34630d85e6e3075c8f37461e615e00f67,0,0xdc3a18b34630d85e6e3075c8f37461e615e00f67
0x666faa632e5f7ba20a7fce36596a6736f87133be,0x02c845ac4bac48a6cd1e1c88a84195b7d5805b82,0,0x02c845ac4bac48a6cd1e1c88a84195b7d5805b82
0x6646a13e5519d88ded6fd342568c8c44be2f58ed,0x64516497d4eddb144f70b56726c262bc0bd3c743,0,0x64516497d4eddb144f70b56726c262bc0bd3c743
0xeb6e2cd0df8537be2e69f7ff9c6d66df1d0d0b16,0x5dbc7b840baa9dabcbe9d2492e45d7244b54a2a0,1,0xf18c332d0aa41744753665c5e76bb5a4ada83705
0x867ba8c3087619bff6907c5edc92cc183d455243,0x612e2daddc89d91409e40f946f9f7cfe422e777e,1,0x13e0d0a9e4024f1804fa2a0dde4f7c38abcc63f7
0x252f99ec45f6c34bba871d2759393c743e7719af,0xdde2e1aa38442089bdb28be76009f42c65df45db,0,0xdde2e1aa38442089bdb28be76009f42c65df45db
0x0dc6ffa0602a9f29f4ef205af26d4ebeab17bc0a,0x425a2ca37c24b96a3935e78f54c31d8aac78208f,0,0x425a2ca37c24b96a3935e78f54c31d8aac78208f
0xbbfcf046cf56001cb606cf36284adecddc8b9593,0xd630b9fe9683b2e03735cab7b5df1a0a3c258636,0,0xd630b9fe9683b2e03735cab7b5df1a0a3c258636
0x971776ce6ee4cc91213364ae6673af3a3bff9826,0xbfc9f6c46715755e2ee8b01f20ab36d22cb4ad4f,0,0xbfc9f6c46715755e2ee8b01f20ab36d22cb4ad4f
0x404bbc415a5e8a6a2198d80fbed5758d7e6188cb,0x4b7a8ce7d004c5c68207f355f6a838c941ff6b96,1,0x158f25e42485952f063d4f5724339d4ced376432
0xa1f6f29af11d4be89e604bf3f1ba96582a4fa6de,0x612e2daddc89d91409e40f946f9f7cfe422e777e,1,0x2178e346d24d9dc0dc1591d2b0d90928e7b4dbdc
0xb7c9c43b482075b3d85b359898e33511a7df8c30,0x317505661b159f844c8aab26d799906b78164c49,0,0x317505661b159f844c8aab26d799906b78164c49
0x5e639470f9a472fb3ee4f5a3b83f7ecdf437d624,0xcfb6bc33af4f6f0a69f00d6dab045dee83f627f9,0,0xcfb6bc33af4f6f0a69f00d6dab045dee83f627f9
0xe97dca47c3fb9c1d454c4f7e3e9e10cdde9ba8e2,0x7f91208fb7f46f2ec2f438769bf98f4fb6d7f911,0,0x7f91208fb7f46f2ec2f438769bf98f4fb6d7f911
0x263894885fc922dc32417dd9d90139a6e56da3f7,0x7354936bc7a72c8baf5a2f9262e70a52c427be4a,1,0xae2adbb945d56fc0932b6051f954cf065a205759
0x74fe5c11535beade76a717b2385ee14ecf890c09,0x19478179ef8bb7c4792a4041903080e097d137dd,1,0x712d6077dea4a3e5386cccbff91761e044b57861
0x1837ca3e3d6239148551e9716c57c985161dca9b,0x15efcbbea7a9aa2e5d1b9ae2d57e8bd9a7fcfaef,0,0x15efcbbea7a9aa2e5d1b9ae2d57e8bd9a7fcfaef
0xffb1641d3148cadb024a6936c43343ad32f9c5a6,0x6c3ed935b2caa5d60e1c0cc9bda0ca30f41f6e1b,0,0x6c3ed935b2caa5d60e1c0cc9bda0ca30f41f6e1b
0xdc400bbe0b8b79c07a962ea99a642f5819e3b712,0x594b3069e2e1ca31069a3c6987e8ea5eb9d5b8a9,0,0x594b3069e2e1ca31069a3c6987e8ea5eb9d5b8a9
0x11611496e9f979700580a12444ae4e885f9e7b93,0x85164f294f8c40890e9be2c66f3065fd40c9bb67,0,0x85164f294f8c40890e9be2c66f3065fd40c9bb67
0x2ff6a890249bcc6ab071c17a66db4c327154604c,0x8fe3a2a5ae6baa201c26fc7830eb713f33d6b313,0,0x8fe3a2a5ae6baa201c26fc7830eb713f33d6b313
0xab788cdfc79c5f5f4adb44a60d238c5cf39997bc,0xe07e8a3011792385cefa79392359fa9c562d546f,0,0xe07e8a3011792385cefa79392359fa9c562d546f
0x6f747831056d05df5814906c2b0950ddcd98b596,0x612e2daddc89d91409e40f946f9f7cfe422e777e,1,0xb3eaf12a04d9e9df7efa681a92043ef4371ed6fe
0xc04de60292580b9b7f01d610785309f6bd1690af,0x38255cdd1928fa9ba4ce7fcebbc9b28acbefe7c9,0,0x38255cdd1928fa9ba4ce7fcebbc9b28acbefe7c9
0xcfda732bfd5619045d82def5ef543bcd74fda896,0x5dbc7b840baa9dabcbe9d2492e45d7244b54a2a0,1,0xe6ce1f48df1a53515446677bf80a6018c86e3152
0xd2513f2e4f545e7a56eea04f0ff790c644466d86,0x612e2daddc89d91409e40f946f9f7cfe422e777e,1,0xf25572d7b571abb8e3ec44beb40472b081aa5e83
0x9b4826687c97d5e293ed6412e199363315439a92,0xee130d926adf6362b867be4096809623b0792282,0,0xee130d926adf6362b867be4096809623b0792282
0xbf2998f2e85294f49e389bdd94570683fbffee23,0x6f03a1baf806659b31fc58b51a5b9f58455f1771,0,0x6f03a1baf806659b31fc58b51a5b9f58455f1771
0xad20326f5ff92fe36ade6f38dc17acbb90ca8956,0x612e2daddc89d91409e40f946f9f7cfe422e777e,1,0xe18a7449f5ae26afc8c3075d593ff8db67bbf01d
0xa66b13772c18b832ea99b9a11eb9e46ad0def8ee,0xb9eef8ad0e332cd7f182243739dcf6aaf27a3b61,1,0x5f719715e6a7752aa1c0b56bcd041a17517f2124
0xde6f0499fc4ffb5f05cc3336f1c255c8948a2e9f,0x612e2daddc89d91409e40f946f9f7cfe422e777e,1,0x1c942dcdbbaa991cdcf4de36dbf7f57513d088b9
0x867a6518123c0b19a44edfa6afb6054ee43fc1d3,0x612e2daddc89d91409e40f946f9f7cfe422e777e,1,0xcfe2a07207260d6d2afb3d6884deb92cd3874e70
0x66e465ce699967c96e2d77f7184b59449f230761,0x0e5a03c42605525310b6c7bbb6b8bfec1bede41f,0,0x0e5a03c42605525310b6c7bbb6b8bfec1bede41f
0x25fe9ed3f328d980799c255272cf168d1e113bfe,0x882940ff9c073ad81410d93a2bb79da70c7d99f1,0,0x882940ff9c073ad81410d93a2bb79da70c7d99f1
0xd0f0106be24daa0a4baa81199f5491819a46ccfd,0x9f218c1380ad55e4a40b4da89795bd56e93e90ea,0,0x9f218c1380ad55e4a40b4da89795bd56e93e90ea
0x6df55525e32a4f1784698f8937adcba645321693,0x000000f20032b9e171844b00ea507e11960bd94a,1,0x6c588d1ace0ab8fa709bdcf44073dc724c3fa161
0x562606e0682904c1c00be88612d5929012bfb678,0x612e2daddc89d91409e40f946f9f7cfe422e777e,1,0xcb7cd576655f0d01241b2bf42d0d4c2404168772
0x7b5dae7cbe031fc7131d1f4740d4ebf1cdd36d31,0x612e2daddc89d91409e40f946f9f7cfe422e777e,1,0x9f218c1380ad55e4a40b4da89795bd56e93e90ea
0x942a0970a5a7c8db18d496a2a43996f6093c5d38,0x000000f20032b9e171844b00ea507e11960bd94a,1,0x436243bbec4e85ad349f397a854c5807028c2472
0x47acfd62312a7fbe19091085d462faf826d6b42a,0x323e6bc721bf81a5292a9c91accdb4315c3f1ec6,0,0x323e6bc721bf81a5292a9c91accdb4315c3f1ec6
0xa98d0277fe5e00ea5707e99aba2fcb28944a4b0d,0x5058b704c352980ece01720ce7a5a1b49469a460,0,0x5058b704c352980ece01720ce7a5a1b49469a460
0x71554e44b2f0bc02edca8825cb8eebbf9de7b563,0x612e2daddc89d91409e40f946f9f7cfe422e777e,1,0x0e2664fc3a528d65915c07f30ad7b7c26c4942b3
0x9d70e51c8a768c28e808ea9d52b1056b2d697a42,0xe6666981cc6a03141e44c0a958421034d661a29b,0,0xe6666981cc6a03141e44c0a958421034d661a29b
0x87acae6df21385a74ed4fb55a1a29354e9bdc6c1,0xfa61b6e35613f014bd4387898790e89572f63b57,0,0xfa61b6e35613f014bd4387898790e89572f63b57
0x065c223092a73cf0f89cebe4d83e674b0dd37d4b,0xc9375071b6f9c45f3854c01dc875632f62947147,0,0xc9375071b6f9c45f3854c01dc875632f62947147
0xa0f2f34e014531e5e6eb53f7307c8a0b23af6b9f,0xce61c789e3157f39c535dead876b984ae548b858,0,0xce61c789e3157f39c535dead876b984ae548b858
0x4097a812d1a11131bfb0018fdca7b21c8319c39e,0x0f0eae91990140c560d4156db4f00c854dc8f09e,0,0x0f0eae91990140c560d4156db4f00c854dc8f09e
0x8f126b06cf9d0e651e1114779c8d966d1a5ddf6e,0x65be8d8d3cf4c0b8d209798ab2201987afad5806,0,0x65be8d8d3cf4c0b8d209798ab2201987afad5806
0xa0a29521aa966ec898b172b5e8d5831cad828c9b,0xb8bbdb473b96e9d9e0b66a679d2a5d7825b5d8f7,0,0xb8bbdb473b96e9d9e0b66a679d2a5d7825b5d8f7
0xad6fc620b129a67c837a807f3303c0c13ef62b74,0x3b612a5b49e025a6e4ba4ee4fb1ef46d13588059,1,0x1244692c72cee9df7e7678e82fcfe73fe1f02b6f
0x1cf702a223e4de3b343ccdad2b3161438965d183,0x612e2daddc89d91409e40f946f9f7cfe422e777e,1,0xff559fc20d9b6d78e6e570d234b69c18142bb65e
0x148f14acfc4a7195af6128e71f915f87cb98b532,0x000000f20032b9e171844b00ea507e11960bd94a,1,0xb0c9176db208a55b73112d63edb7b1c2c429f084
0x64002ea0f73e6e3fcdf53d0cf0eff5d08d033af0,0x76f948e5f13b9a84a81e5681df8682bbf524805e,1,0x38b5f083b11f18f233228984e9016fa3ac1edc9c
0x201c11c46f42d313b102d87d62483e4a8f45b491,0x76f948e5f13b9a84a81e5681df8682bbf524805e,1,0xd7ca7f9e58c61bfe2654c139908fcb00edfdf0ae
0xd087794dd9f5757d388d04e2a9372cede53f7f6a,0x000000f20032b9e171844b00ea507e11960bd94a,1,0x663fe79fd1f22a63ac24384a95978ea0c835e8d0
0x6bb7c445645a33f2ff860ed48910c54d040ee443,0x442295de8a31d65026dbc09c29d469f6854f188a,1,0xe60ff879355bf3df475428f25fe165fda7ffbfb3
0xd18fb5be9f4df1b22e6345a78075a711fb15f2e9,0x631684d2ddd3e0a000a184a29d44cd2e673d8dc3,1,0x21316e6a4f0af45e5f1503984e83b10c53b177d8
0xbaa59fe4cb4b56f7fb195518d89258cadc2abd91,0x000000f20032b9e171844b00ea507e11960bd94a,1,0x0b708d4046f87e7bc8e00a84eccd0abd44429cb9
0x53ff531af690894fdb1b8f8f2b2abf694c9edaff,0x612e2daddc89d91409e40f946f9f7cfe422e777e,1,0x9ebe2f6b83dfe8464de02f1bb210d1119953317b
0x6e96a1319e851284cbb2e53521428799ec4ff513,0xb538db6850606fca936447e1c8022998df7583da,0,0xb538db6850606fca936447e1c8022998df7583da
0xe094df77637b6b65063c8ac557cd8fd5a0795d82,0x9af92609a2be5f33b4e65b8ef2c68b9448d6ae1b,0,0x9af92609a2be5f33b4e65b8ef2c68b9448d6ae1b
0xd6bfae1eb5bc62c598212ab2dbc686a8e8cf85db,0x0c8e108d0575eb8bf0200dc9bfa05c14ac97450d,0,0x0c8e108d0575eb8bf0200dc9bfa05c14ac97450d
0x2341e8d6bdca259357107a075bd35162bedc8a73,0x000000f20032b9e171844b00ea507e11960bd94a,1,0x0c4e667fcea9d6f341d46a9918368cd1957db8a3
0xe37cc89cd979d3ce02e965f3e5d5d4c283594afd,0x000000f20032b9e171844b00ea507e11960bd94a,1,0x378bc577bcecfc629a36612b1f600ac2ecfc53a3
0xb568ef0566abaf1d883374d9326b2b8819a1ff38,0x000000f20032b9e171844b00ea507e11960bd94a,1,0x433fc33569ccc86639e4116e6d835afb8ebaf972
0xb6148896566997134f840aa43c2a269728d2b524,0x000000f20032b9e171844b00ea507e11960bd94a,1,0x3cd8d17a8c58cf8e6a8258d3e12eb63a32121c0b
0x864ac29393dc54e3a627742e7b76db90d79185a5,0x4b8693655a3f66502305ae19cb8b2ed75b38762f,0,0x4b8693655a3f66502305ae19cb8b2ed75b38762f
0x9a332b29914404a4db9c695df0eec807272e0373,0x000000f20032b9e171844b00ea507e11960bd94a,1,0x17ba55a75561c946454fbc08bea3deaa3c495389
0x9612c262f74fc938b1cf1675bb680fcca77149c3,0x000000f20032b9e171844b00ea507e11960bd94a,1,0x700af3cbeab6ca38318cc3e54bb7ed969f9216f7
0x745ba012dcd2d8918d76c1f62cc665b15f169fc3,0x53ee6e88edfec8ee8cbed3434b99616e4ccb41f5,0,0x53ee6e88edfec8ee8cbed3434b99616e4ccb41f5
0x393eefd7910303cbda46908d0c55135bb3ed1ba4,0x612e2daddc89d91409e40f946f9f7cfe422e777e,1,0x032f94ba3300174a8a9fc396cc9bb25863ca9557
0xc5b5c9aadaa99bb94077bbac51bcfe4117647d9f,0xcf75bf188c5ca5198ef571aed3d75ecde3bcd9d9,0,0xcf75bf188c5ca5198ef571aed3d75ecde3bcd9d9
0xa2b63e4c1ea4f494f6d63ac1c5a673c5bcc43b6c,0xb9b6856efd128294a912d584366448bc3d4ea979,0,0xb9b6856efd128294a912d584366448bc3d4ea979
0xaf8d0ec07098d222b2e28a22df881ebe01ba2486,0x000000f20032b9e171844b00ea507e11960bd94a,1,0x9803cebaffba9b59bc115846ce0fa90c403acdff
0x3a8b01bcb90816966a83982d0a1c3a41b73863e7,0xca9d039a49726cc52e035a8402535b958a63bcd4,0,0xca9d039a49726cc52e035a8402535b958a63bcd4
0x50ee6e3d2d2d471f51d58969f9a032526108a65b,0x612e2daddc89d91409e40f946f9f7cfe422e777e,1,0x9c3a61f1a457109a37293b6c6188298fc249f2e0
0xfb97bf19c6d8dd9456bcd9b7fc509222c73e0986,0xbe0adde3871107197955fc4f1c90f8788187fe67,0,0xbe0adde3871107197955fc4f1c90f8788187fe67
0xfa7c0c0bc60d5adc8950330b8ba11b1b1a34d6e2,0x000000008924d42d98026c656545c3c1fb3ad31c,1,0xa7eccbf35393dbfd37e59284d840547cb89bc0fc
0xb71fc71432447b8125bf0a85d62bc47bc41d10fa,0x46ff0e2d5c5425b7fd8e6ef7108b94956d90f8f8,0,0x46ff0e2d5c5425b7fd8e6ef7108b94956d90f8f8
0xee07dc6a2016e0ceb53ea94853212ccf7988ea39,0x612e2daddc89d91409e40f946f9f7cfe422e777e,1,0x8f14c7a940a3b30cd188588e06f5a774478bdaf4
0xc14ea65f0a478c649b7a037bc0ad0a765b49196b,0x1ea8369fa48d112e6769e7710d4e010f9972ccee,0,0x1ea8369fa48d112e6769e7710d4e010f9972ccee
0xb19f531021220f7a93122b1fc546aa21e8e432cf,0x000000008924d42d98026c656545c3c1fb3ad31c,1,0x80f00bfcdbdff3b1bf04d4aa55ee111c804bb852
0xb0773160da36edd225d868d4ddc7b0895477c1ba,0x93e3da489dfcd40f393750a160b7fd4a2d7fe2ae,1,0x80a2b7f2661979b3cdafc2c56ad8a22eb042b889
0x3333955d6d468b96c8f2e8e80390ae0866121a9a,0x41414899caa718f00ba85bd100cca7e8b7ff14b8,0,0x41414899caa718f00ba85bd100cca7e8b7ff14b8
0xfb3c097f8fffc24e37e4bc7e36583d5504ab1ade,0x76f948e5f13b9a84a81e5681df8682bbf524805e,1,0x3d346fca7e458dc6d7de321889ebe01623f6c3f7
0x86f7a683d133ba064f945d57bbbf42b87c9a2a1e,0x000000f20032b9e171844b00ea507e11960bd94a,1,0x4d89d16f0c62a9739b6fb16b428e896a6021ad1e
0x4dd7e4fd7807000c2ebbaa6e376d050c22769a29,0x000000f20032b9e171844b00ea507e11960bd94a,1,0xcf201365fe9a0f4a557c2036dad1cdbe685beadb
0x6b2c7c6341555cbe4ec0ff57140f2dbae3db7d64,0x000000f20032b9e171844b00ea507e11960bd94a,1,0x8021d83afbb75e3413c890c2fd662986a9250e19
0x67547986afe88514638a73f732604674ee550311,0xc114dd05398f082485b063b6e4604cc81a6d5568,0,0xc114dd05398f082485b063b6e4604cc81a6d5568
0x84abcbd38670235c05d6f4deca1b80216cc716ab,0x612e2daddc89d91409e40f946f9f7cfe422e777e,1,0x614ebbb379b73a0cbc4c94a8922ba65d53c39ca5
0x1218e755e20867e3a6f9dfa40e94498871782819,0x000000f20032b9e171844b00ea507e11960bd94a,1,0xd70c12688933953d68adb95cb5fcfa5be1e022f0
0x3cda14f624f763220479ab0490115a8bd6e42b05,0x4ba65379d05d0d435d6a804ee7f7c258cc5960a9,0,0x4ba65379d05d0d435d6a804ee7f7c258cc5960a9
0x343c8005b1023886847a4e596261817b6959992c,0x000000f20032b9e171844b00ea507e11960bd94a,1,0x81b9aecdc41389ab1189a733b035e26c18ea507b
0xc3f6025438f781f3059ade027e4dded4e9a71c58,0x000000f20032b9e171844b00ea507e11960bd94a,1,0xfb9ad9bf04f93b52101090cc97edcc376e5cd52b
0x70fc9bdfdae52cd2f28a72b2a1ddf9527e0d27f5,0x000000f20032b9e171844b00ea507e11960bd94a,1,0x579b1662fb95fb3e2b192137c0abcf75d3cd4fa6
0xac618c40c93e35a051237095712046fc200345a4,0x000000f20032b9e171844b00ea507e11960bd94a,1,0xf17d598479859dcd28fc0f3213bbbae83d6bf7fd
0x3c79a71a6bc65d0686ab4d45d944db7e283f6e8f,0x000000f20032b9e171844b00ea507e11960bd94a,1,0x86deccef56883b1fdfbe5f56bc358a2774a08c42
0x196e2512ac01fcbe9f8d6bca0338baadcf53ba86,0x000000f20032b9e171844b00ea507e11960bd94a,1,0xf21a23c79acc3918893d0afea34dd22df0d0213b
0x370ccd2f673602d6755921c4ca5e3e9208dad2e1,0xdce5425b577c49997b9630f49fbaf2c3fe7863a2,0,0xdce5425b577c49997b9630f49fbaf2c3fe7863a2
0x0bb5f1351c6f66764309cf74826f994a71493382,0x000000f20032b9e171844b00ea507e11960bd94a,1,0x30090bd6bd8ce13be6a60334ffdca5909b286032
0xec830414d73c7289027203fb7546bc296aa55b5e,0xf239447dafa45d4ff2136f3006d445908f43e9c3,0,0xf239447dafa45d4ff2136f3006d445908f43e9c3
0x916758c4588d0614488f2c53ddc6c337a245d7d7,0xfa659696deb10971df4accd18014f0bac66c01a4,0,0xfa659696deb10971df4accd18014f0bac66c01a4
0xd8261503704baff21abb5bb8dead1b11566b985e,0xa49c0d9a786e659a0557281b4fa72cf8cf08f6cf,1,0xb9d5c93ec9aba93180ddd00a628e8facc3103039
0xbd1152a5a003aa833d7d399adc8949bdfe887230,0xf887e52941dc10a7a6f688de81f07a46b9333cb4,0,0xf887e52941dc10a7a6f688de81f07a46b9333cb4
0xdb43104970fe96dcd38958ebd9976cdc57f2c680,0x3b612a5b49e025a6e4ba4ee4fb1ef46d13588059,1,0x3168ad7beed95c5f58356ca3c9aa961e57b1b48c
0x948e18bf32069816d00d5447806c92a9b368e53d,0x5c2b25c2fd3bd98f6ed0628238077f84916ea74a,0,0x5c2b25c2fd3bd98f6ed0628238077f84916ea74a
0xb6d460ac51b93bca63b694f099c4a8b3b1cf73b4,0x4d68584505eb5e96181886888581971a49e07463,0,0x4d68584505eb5e96181886888581971a49e07463
0x2d346819e1ce7880d0b407e17bb2b6ab91eb46c9,0x612e2daddc89d91409e40f946f9f7cfe422e777e,1,0xd7097cfd0452b316cc085017bfe49886dd66206d
0xe6ddea361198a79d47053ab71cb39db347bf0302,0xce417118275171e1f2ce1ca5206b897be17f0134,1,0x41e12756498322b479f889af2b2f4b29a85d5605
0xe2c921ed59f5a4011b4ffc6a4747015dcb5b804f,0xb7c9e7b0aa1ec547de289d7467f8662b9df56b92,0,0xb7c9e7b0aa1ec547de289d7467f8662b9df56b92
0xbba45e5b08233014fa676b1cd9345e58bda2582e,0x4573c48313a8ded4df9bbadc6e6c40058c83fb67,1,0xcb74867750e6a2de3fb99d024b21f55f825a727d
0x2256362548121c62a1518fbb869067b508bee263,0x2c31ff36d1069660a148e0e87c8c29b1fffa38a6,0,0x2c31ff36d1069660a148e0e87c8c29b1fffa38a6
0x4aefa2bbdedd2949155b8e74f58ac1fc2bfad935,0xab5696cabe69ba2e5214dd01cf5a3ed1eca0d599,0,0xab5696cabe69ba2e5214dd01cf5a3ed1eca0d599
0x2feeced99b3b7dea3d63f39371627ea8b55cbdbc,0x72eb30d3ca53f5e839325e2eacf535e70a9e6987,0,0x72eb30d3ca53f5e839325e2eacf535e70a9e6987
0x1e5011d420887071e133900cdf74d847c666a55b,0x4ef2bbf98c78da0707debdac74f3522fade0f9d7,0,0x4ef2bbf98c78da0707debdac74f3522fade0f9d7
0xad67b2e5462683fe96e15b208c18e35000dabb80,0x9761fee84c58f45ccc870c3791713c02ddda343f,0,0x9761fee84c58f45ccc870c3791713c02ddda343f
0x33c1326d2131f3045e6391e25b415c590786c9eb,0x9c86ff7619766d645685a67069a2a8aec458e225,0,0x9c86ff7619766d645685a67069a2a8aec458e225
0x5f4336f57cf41821522f1777321462b108de55c2,0xd0da14f46595850627bcdb19060bdfb0f4cc5e8f,0,0xd0da14f46595850627bcdb19060bdfb0f4cc5e8f
0x94d676b6550a1a0cee48754a1ad52ecf9edc7013,0xfea037b0b5edcc90c626e2e1d5d792b949888892,0,0xfea037b0b5edcc90c626e2e1d5d792b949888892
0xa601e20bc999c12b19248f955e28a5c05f4a0997,0x589806218b86324c3290d2980ede42dd02202002,0,0x589806218b86324c3290d2980ede42dd02202002
0xe2000addf46e0331c2806adf24b052354a7ec218,0x334f95d8ffdb85a0297c6f7216e793d08ab45b48,0,0x334f95d8ffdb85a0297c6f7216e793d08ab45b48
0x782010d0da10d5d1f5a20919784ff33a6754ae93,0xa728da5f229b59fc8df19af2f1bcece8ef7a5bf9,0,0xa728da5f229b59fc8df19af2f1bcece8ef7a5bf9
0x5d2c9e5895b1b2c6d7e2841aca5f48fd3b6c1019,0x612e2daddc89d91409e40f946f9f7cfe422e777e,1,0x3d9b334d02060a872b37b7e44b182059ae908161
0xc709904b5ee5717ed35bfe6f59038d6c877b20ad,0xfc5e57cb6bcc3196525c15341fcd5219a9c951af,0,0xfc5e57cb6bcc3196525c15341fcd5219a9c951af
0x0a252663dbcc0b073063d6420a40319e438cfa59,0xc73fc08c931efe3fce850c09278472e8a81c2e05,0,0xc73fc08c931efe3fce850c09278472e8a81c2e05
0x5b7a2d1240d6e3b9e664fe3f9dc6e9a15f971119,0x81e341e426fe56119adbe2111dd7d523a5ac12ba,0,0x81e341e426fe56119adbe2111dd7d523a5ac12ba
0xb6abb301b3189d479126824d8eb82b0a7c26314e,0x451e30235966180445d8e0c7e00be67974a78b51,0,0x451e30235966180445d8e0c7e00be67974a78b51
0xfec6e7f57e5abe2a6f69b78223c51ee4be2f1555,0xb6b35d3263832338f883be9373d18f7809f21e3b,0,0xb6b35d3263832338f883be9373d18f7809f21e3b
0xd4e58f386edc86c1ffc58885697e5cbfe6136896,0x437ccc8c41ecb569198b4d45c2460a301796a1c4,0,0x437ccc8c41ecb569198b4d45c2460a301796a1c4
0x29d77104794fa5444bf498c1a482a313d99953c0,0x180c0f24ee1c50a7df8648bdd0ce2ee106fa3589,0,0x180c0f24ee1c50a7df8648bdd0ce2ee106fa3589
0xb77f131eb426bb07f358dc6997fceb86c8e60e45,0x82cc352a452c1831d4b5cdb2394da1fd988f6586,0,0x82cc352a452c1831d4b5cdb2394da1fd988f6586
0xc663dd4c6fbcc80bfcfd584c8ba8bfd95990ca41,0x24c3833219ab8128644f37cbb51546cdfbce6c02,0,0x24c3833219ab8128644f37cbb51546cdfbce6c02
0xa4fa7fdb66cea2f9b37e60b8c7e0672a8f98cba8,0xaef3e8c8723d9c31863be8de54df2668ef7c4b89,1,0x926ed0d1f804f028317094040963d4a112857b41
0xb1417426d9bd0b91cc05dff8dc4f772b2e4cc95b,0xaef3e8c8723d9c31863be8de54df2668ef7c4b89,1,0x56b8b34599b86b2ddaa8fba527dfa9b59781de9d
0x46ff9373a8d0fff8fc5b0b70bb633862f610fabc,0x612e2daddc89d91409e40f946f9f7cfe422e777e,1,0x35aea9aee384582c76e97a723032c8b346581bbc
0xa74c0b5adea01df5a43a6c6b5e012dc8ed5d2687,0xd12c6e1ee11997d4f97f5f13f3060178a74cd49e,0,0xd12c6e1ee11997d4f97f5f13f3060178a74cd49e
0x26727ed4f5ba61d3772d1575bca011ae3aef5d36,0x38fc0967fac037dfa7fc63a5be93b74b97496623,0,0x38fc0967fac037dfa7fc63a5be93b74b97496623
0x45ae66b6b147491362861b0a5ed8479f44c6374f,0x3e52531da35868993865c76e2851918c925d40c9,0,0x3e52531da35868993865c76e2851918c925d40c9
0x1dd870fa916d2f187863f3e97da6efd3c29c4173,0xbf83db29335d8f983982d2f06a91ecf391c6d686,0,0xbf83db29335d8f983982d2f06a91ecf391c6d686
0x845d77e82c1fafcb141a66c8b27f0eac3eac42e2,0xd6105d257e070190eeca16d688852c071509833b,0,0xd6105d257e070190eeca16d688852c071509833b
0x35b4e07c22d3a9fd6b933e09a5b3b9d328efaa14,0x612e2daddc89d91409e40f946f9f7cfe422e777e,1,0xe3bfa1f94dd357316247e6a1d9f6b0c1d78c7621
0x07529e15c0297f7dae8793cb62a662451ea8b13b,0xb2019531de3bfda451668acfe40fb3aee59975b5,1,0x2a58811a62cf054ece4ff57710aa4848d5521c11
0x0baad6e5d41b9c0f30e16d26e0bb811184b36c37,0x4110d273de5a6be87a2fa514020731805dc32609,0,0x4110d273de5a6be87a2fa514020731805dc32609
0x65e1cf0e7605e1116b91ccb60846358a8f1dfd2f,0x51576404b949210e485b05433636c7f750d5564e,0,0x51576404b949210e485b05433636c7f750d5564e
0xab6810f95efc024f9b8e23b2fa995b45fc6b49e1,0x612e2daddc89d91409e40f946f9f7cfe422e777e,1,0x33b9feb32831309ed00c4b2152558a642fb70912
0xd0a5b67b808803d06fe86333c31b865c56b5359d,0x612e2daddc89d91409e40f946f9f7cfe422e777e,1,0xcd06f66e685496867df352eb49612edcaea80f00
0x7bff25e97a6e314c785d6b6d57fdded74b06035c,0xe9c20c08dadd97945b1abd54d3ec5c730921fb72,0,0xe9c20c08dadd97945b1abd54d3ec5c730921fb72
0x137527df17c338a25c77c1c2719c358f33e3838c,0x612e2daddc89d91409e40f946f9f7cfe422e777e,1,0xb158227553deeccc7716bcd1bfaedcb00347d90a
0xf792dec49e714b1e8b1dac0cc64829dd8e00cea5,0x01d4465589b19e3133864875f6041afb5e5678b7,0,0x01d4465589b19e3133864875f6041afb5e5678b7
0x19f41eb4deeb4a907857e17171d82c87eba520c2,0x612e2daddc89d91409e40f946f9f7cfe422e777e,1,0x18db940a6693da9730beb375d232f2d8610da531
0x929183293684bf8d0f11e63e9a3504706bfaf89c,0x69be4b80090d3e642d1d3b30ba40c790369c0509,0,0x69be4b80090d3e642d1d3b30ba40c790369c0509
0xa08c8b2cd978282bc3f2bbc62179d7120bd912a3,0xc930007c180c322c7923b4967838e6ee8de5e0e2,0,0xc930007c180c322c7923b4967838e6ee8de5e0e2
0x30af5d2557c3c0aecf08f26258113c913ce93494,0x9def2a9973cee609d8e8c7f54fbdfbc729aef141,0,0x9def2a9973cee609d8e8c7f54fbdfbc729aef141
0xc2b61f3367e68b230b4d49e4ba001a2c7136f3e8,0x000000f20032b9e171844b00ea507e11960bd94a,1,0x3ad4c091b2a9c10704fc5127a1af90fc43a6a80c
0x4a546372d0a1344ee84bb52ec5a093eed26b722c,0x612e2daddc89d91409e40f946f9f7cfe422e777e,1,0xc3411ed43c97dc3bf92b0a8678f023fdb54324ca
0x20cea474b4a37b71f73f49fa2cef058684681dfd,0x1ca2007d4f2bc0ec2a56ecb890e56e05f36182df,1,0x36b8178d2c678455aa8d49710730efd87a59ca99
0x137b63eb12fa0a72923afca2f4f1e9b50f5de04b,0x6edae85586cda108aee1e4e9a7ef950403f4b858,0,0x6edae85586cda108aee1e4e9a7ef950403f4b858
0x382b5b587df77e6a443c548ade7974bfdd324585,0x91aae78d137fc3d6f5042903645f1d0e2e8bbd67,0,0x91aae78d137fc3d6f5042903645f1d0e2e8bbd67
0x0aef2e05d0d7ab077797c57456c0b93c642b4d92,0x612e2daddc89d91409e40f946f9f7cfe422e777e,1,0x7265ab07b5e8d5c63d4a61eb22dc8e722f430fc5
0x4486a426cbafb2971b30b2296b1a8bf5f61ee038,0x000000f20032b9e171844b00ea507e11960bd94a,1,0x40d0274b2baa30a50c81107e8018d0820f9ea216
0x41c9260f56b05d3834a3d4bdcf99d7b5a7e11d66,0x2a259f94ede30a0499f1d83ff534026f6717f4f7,0,0x2a259f94ede30a0499f1d83ff534026f6717f4f7
0xd0c02efacfbae633383debeb0a20b57d3ad61c23,0x000000f20032b9e171844b00ea507e11960bd94a,1,0x3c1c4d3323ac8b302854d11b6ccc06cf86182d84
0x519e00f1f1e7b58510da547a532e88e36b103139,0x000000008924d42d98026c656545c3c1fb3ad31c,1,0xc3d909683270f33842dd8f566f8f960ca219875d
0xf3e191f3c0ae33e80994304e04ac49f3517f9b83,0xbda24dde9e403b538e76b880dd258c87556249d3,0,0xbda24dde9e403b538e76b880dd258c87556249d3
0x28b5d7fd55e0be6958cdda8d36c2d055ea4e3dc7,0x3783c56c35963d83742d1fe3eab546f61d0eb9c7,0,0x3783c56c35963d83742d1fe3eab546f61d0eb9c7
0xaabe2727d6596ef7687ee368e269c19586b1a483,0xdbe41dbeabb006df451db3a03736bb802a843733,0,0xdbe41dbeabb006df451db3a03736bb802a843733
0xc4f5d75170c5fcea20a0ce4ef021211681dbcee2,0x8a265010543754486430fd74ac1301d3f770ff0f,0,0x8a265010543754486430fd74ac1301d3f770ff0f
0x15878df6bf7a5da17e12ba80f1a635211f3dbae4,0xc76ca3997370ce3534a08bb1b5ce2377f767caf7,0,0xc76ca3997370ce3534a08bb1b5ce2377f767caf7
0x04d3e385f311d69483f2c60147dc037e19c84ae3,0x000000f20032b9e171844b00ea507e11960bd94a,1,0xdffa12c9bc83f0aed733d025a7e49dbd5b3361fa
0x75a332e626a0b421c3c5c405474b9727adb5ddff,0x76f948e5f13b9a84a81e5681df8682bbf524805e,1,0x2ed1af839a843140ee68031952a305ee3ca46724
0x72f6a416586409e3a53fcfba747074c80ab8a7c1,0x612e2daddc89d91409e40f946f9f7cfe422e777e,1,0x9f218c1380ad55e4a40b4da89795bd56e93e90ea
0xeb6e166b4e31086b96d4032d0feb81a8233a9590,0x612e2daddc89d91409e40f946f9f7cfe422e777e,1,0xd967a89ac9e0b44e7de842df9e80a66fb1fbb25a
0xbc8e1e453ef872971c853aa433d733039459bca5,0x612e2daddc89d91409e40f946f9f7cfe422e777e,1,0xabb9adca9ddb22cc79fd4ab7def40231b0cd4e12
0xb2738d5a5f753ab5c63f99360f8b0610722341e1,0x000000f20032b9e171844b00ea507e11960bd94a,1,0x3e234d5903e2d288dbee0ada39bffabd075d44db
0xc7eed09751a3b99f993ff3466009bc4be48a65ef,0x612e2daddc89d91409e40f946f9f7cfe422e777e,1,0x9e58f3070d1e1a1e704f50c0eff241a655e9bfc5
0x43be3a9b42ea7e89eec3cb58e1835ace39680e4d,0x000000f20032b9e171844b00ea507e11960bd94a,1,0xa159f63c654270c1383db21455dd9e1bd15f92ec
0xe38c4d79303dcff0e857dfb9211ce220976704cf,0x226bed1013cc33445b6c19a50855ae23f20ee116,0,0x226bed1013cc33445b6c19a50855ae23f20ee116
0x46ad682c4286d5ac4b54c02739cb25336a774357,0x139c8919ce2b7fb8a04f929d83b8c54c116c692b,0,0x139c8919ce2b7fb8a04f929d83b8c54c116c692b
0xa653e22a963ff0026292cc8b67941c0ba7863a38,0xa3cb04d8bd927eec8826bd77b7c71abe3d29c081,0,0xa3cb04d8bd927eec8826bd77b7c71abe3d29c081
0x93a59e8300f3186744d6203b35211635ad5da45d,0x139c8919ce2b7fb8a04f929d83b8c54c116c692b,0,0x139c8919ce2b7fb8a04f929d83b8c54c116c692b
0x8914318ad4c390b36f1288f8ddec4d0f3f1478b8,0xd81378f32788ace00d0ac56d803f2363585425a5,0,0xd81378f32788ace00d0ac56d803f2363585425a5
0xac4ef9d6fc426f8ffd188771d9c688890b634462,0xa945f46ca376b18fb34d809ef4f21f9b58ae4c50,1,0x1c0aa8ccd568d90d61659f060d1bfb1e6f855a20
0xbbe216296655b628da9305567a09fbedae05ae2a,0x62d36767473db61a39d7e5e71fa378cfa3317362,0,0x62d36767473db61a39d7e5e71fa378cfa3317362
0x5086e9e5be4466da3cebc312a8719132366227c8,0x87c6fd1979abb85c430d89fa97cd731b440687b2,0,0x87c6fd1979abb85c430d89fa97cd731b440687b2
0x7e53b06cf0769b770aa702ef1746b5c8c0ce0d47,0xcfc2729173d1ef8d25050c76b84ec5af1fe7bd44,0,0xcfc2729173d1ef8d25050c76b84ec5af1fe7bd44
0x0a47a6fd7ff2e4708a549862a19d05601aa27c06,0xc8fc994f5f760b351b976aa0a46ee61416895cc3,0,0xc8fc994f5f760b351b976aa0a46ee61416895cc3
0x46f9a4522666d2476a5f5cd51ea3e0b5800e7f98,0x7a832c86002323a5de3a317b3281eb88ec3b2c00,0,0x7a832c86002323a5de3a317b3281eb88ec3b2c00
0xe2364f1792c397255451ba84b942c3f903806af0,0xa88e4a192f3ff5e46dcc96efefb38dfec7bb250c,0,0xa88e4a192f3ff5e46dcc96efefb38dfec7bb250c
0x93bd99f03178a8f655ea65bb68ce30b7d8f8d495,0x3b612a5b49e025a6e4ba4ee4fb1ef46d13588059,1,0x38c3b803071828780525e5c962927d9fe70ce0e5
0x256817025150cd214b60d1f7e87541284a8da431,0x791aa8ce5daa1f756446a8e3732598d8aa090391,0,0x791aa8ce5daa1f756446a8e3732598d8aa090391
0xe9a0e097c020366943b8d3228627cf4bde0c9dae,0x557c60995797fa7b47be105227a2e46148d85750,0,0x557c60995797fa7b47be105227a2e46148d85750
0x18c587168b32c86ce032ae56991a8c433790c790,0xedb7c032fef116163214fcdb6ca481e94794b187,0,0xedb7c032fef116163214fcdb6ca481e94794b187
0x6ee28551a96aae53ec96d1f9a6d8edaea7932740,0x7598679caafa46f0419fcf957c1ffadfe0273bf0,0,0x7598679caafa46f0419fcf957c1ffadfe0273bf0
0xa240a401e7fee7b20c36afa428b490ed317444b0,0x000000008924d42d98026c656545c3c1fb3ad31c,1,0x8396ca255c042bebbe5764aaa2b58c79572d0aab
0xbd21e10fd59b518b45d634fec162ab2d300dbd98,0x0000000000003d61b3d0a96b70b9c9006947759c,1,0x1012324537678ad4afccb99f08d92e151396830e
0xb18bac94f2133c8fbd6823a352289c6fd6a3bf09,0x442295de8a31d65026dbc09c29d469f6854f188a,1,0xe31a0368dc51b9e5d7cdbc8ce3043779c545ef54
0x712cf05327fdac47b500dc7678d550e0b181c7c1,0x612e2daddc89d91409e40f946f9f7cfe422e777e,1,0x854d150288f47aee9c5249e554a82268ea79b72e
0x2f62714835d0d9ffd37b1a751d4e23105dc9323e,0x000000f20032b9e171844b00ea507e11960bd94a,1,0x08eea92506460217a669a9c70a67c336b996ec8a
0x0918f76564b69675361410eb90a0a037b8e5cd18,0x612e2daddc89d91409e40f946f9f7cfe422e777e,1,0xe2ada2c4053fb211eeef06833814c358e3ef9d3e
0x7045371eff246e3d26827919882580a2118b1e7e,0x032a069ab2c98a4329e4ff0b30642485ed78cfb3,0,0x032a069ab2c98a4329e4ff0b30642485ed78cfb3
0x035d6347a9a0ad5e44be7088fa75a697002344d9,0x2215481491e3028782a95b2c0507d47d59225676,0,0x2215481491e3028782a95b2c0507d47d59225676
0xa1b974fa496780a4e1da1db64aeeadbf1fc5f4f3,0x612e2daddc89d91409e40f946f9f7cfe422e777e,1,0x86953020a8a0470479fa052ac3f27d1ff688914b
0xf5c51be787cec81b380cebd3189407f4a0e9c139,0x000000f20032b9e171844b00ea507e11960bd94a,1,0x4f6ed175f42fc22998759500f2604d7c568f5320
0xed60bda7189bc9dea7317d63ad1d25cd48bd5476,0x000000f20032b9e171844b00ea507e11960bd94a,1,0x20233f616d1324b12010d554ac255467adb52ed2
0x8bc7b2b365fdd52665d766902948be30218293ff,0x1378eb13ab3a64653ae90bd5b254ad4768632ffa,0,0x1378eb13ab3a64653ae90bd5b254ad4768632ffa
0x0597dd6c8ad528d41baec3ed99546805011f12db,0x000000f20032b9e171844b00ea507e11960bd94a,1,0x0a259f5b98cb290e7c4367e3c0a903ed8d8e6d3e
0x2781d8fb4cf986547cc418a583908bfe92dbd8e5,0x7354936bc7a72c8baf5a2f9262e70a52c427be4a,1,0x2b788d9beee549fc3c41162985c112b82746ad88
0x2a60293bbe8f580d348a707f51298bb47dd4707f,0xe4142eed51cd0ac64b24295578807f1183ffcafb,0,0xe4142eed51cd0ac64b24295578807f1183ffcafb
0x042f62aaa3a30a94e3c22b043be7d08072814de2,0x612e2daddc89d91409e40f946f9f7cfe422e777e,1,0x096ffb74f8ba4ddff39cd856e80f6726f85ea3ba
0x59383f5c2513dd3402c669c241b00bd0af00aef9,0x0959fdcde2d1f3128fd852266fab4186aefdd336,0,0x0959fdcde2d1f3128fd852266fab4186aefdd336
0xb6067fa0a23f3a99b5176c94fe25081b85290cd2,0x06b0ed52c3fad71c42aac554d4700152dbe83739,0,0x06b0ed52c3fad71c42aac554d4700152dbe83739
0xc6ee14870f6f0eeb78117eca6e1a103bfeabfee8,0x28679f285a8e6ce53df43fef4942bd1af6063ca5,0,0x28679f285a8e6ce53df43fef4942bd1af6063ca5
0xc26022fcfadedf8d448cd3fc3670dfc837ddfc7c,0xd831f2cb2f696c34dc028a687c55a3527db574a1,0,0xd831f2cb2f696c34dc028a687c55a3527db574a1
0x40db8d364590634bf6c381858258e742a02dc473,0x612e2daddc89d91409e40f946f9f7cfe422e777e,1,0x241dd3543e76b20430bb9064feab36253cc9333f
0x9399a6e572e9fcdb4d41b85e9f9be322b77f4ade,0x000000f20032b9e171844b00ea507e11960bd94a,1,0xcb8e236de2802c96bf6392e1302612dc78cfe59c
0x87f04a6e373a81ac3a45d092fd43948cf63a7b16,0x612e2daddc89d91409e40f946f9f7cfe422e777e,1,0x8795558d39a7d99f5b63bc85942dd364e13a02c1
0x1288c1539cfb247b8cdc1bce57796f1277ab3588,0x4369cea3ea6b07fac2a506e5954d1511a2936042,1,0xfbc3b76a206f03f1edbf411f280444cd3fd9c7c8
0xeb3fc95b74c79c2c3469188a72df2c2399d752ab,0x5f3371793285920351344a1eaaaa48d45e600652,0,0x5f3371793285920351344a1eaaaa48d45e600652
0x2299bfdd01ea047a1a3231c2702bfcb44c1e4d25,0x93a3cf8aaf3f6e4c2239245c4fd60f2d1f4fecbc,0,0x93a3cf8aaf3f6e4c2239245c4fd60f2d1f4fecbc
0x746db7b1728af413c4e2b98216c6171b2fc9d00e,0xef0133437ab8da5c5e8873b61189610e2d8cb4f5,0,0xef0133437ab8da5c5e8873b61189610e2d8cb4f5
0x9687ea2c9a6bc6328a5fac14896af66749db8850,0xa49c0d9a786e659a0557281b4fa72cf8cf08f6cf,1,0xb9d5c93ec9aba93180ddd00a628e8facc3103039
0xf455aac43e2e5452b1848993be5067f362d459d2,0x3549d95f144c0cc9eb5fc29fc8b6881a84d51536,0,0x3549d95f144c0cc9eb5fc29fc8b6881a84d51536
0xa8121b153c77ca4dd1da3a9d7cdc4729129c8c6d,0xfd51058c98e810f9d182104e8b41551a3a020af3,0,0xfd51058c98e810f9d182104e8b41551a3a020af3
0x28fad421deea8140c0d3a2083f9640aa9a086daa,0x59edd332cf7ac82c47ed9d01cd10df10b59ad933,0,0x59edd332cf7ac82c47ed9d01cd10df10b59ad933
0xb543f9043b387ce5b3d1f0d916e42d8ea2eba2e0,0xa85572cd96f1643458f17340b6f0d6549af482f5,0,0xa85572cd96f1643458f17340b6f0d6549af482f5
0x50f7c1c46e8052c6704a26202391ced43f48cdaf,0x139c8919ce2b7fb8a04f929d83b8c54c116c692b,0,0x139c8919ce2b7fb8a04f929d83b8c54c116c692b
0x16500b4d41f273e25b8a433d08d8c66c334ed079,0x3b612a5b49e025a6e4ba4ee4fb1ef46d13588059,1,0x6a27dfd931265bbbad549a9697a10e8da3dd5734
0xf54198948162508672ff0078bca76509ec9d9139,0x17a45f80efd20594afe2c59d7e1ae7ab0c6954cc,0,0x17a45f80efd20594afe2c59d7e1ae7ab0c6954cc
0x60a91e2b7a1568f0848f3d43353c453730082e46,0x59d07dc34b135b17b87840a86bff7302039e7edf,0,0x59d07dc34b135b17b87840a86bff7302039e7edf
0x474d72f1a6a7884b62edacc8d24d0815d01a65a2,0xe39997154b574ce35cb2c61410a0549261d8829d,0,0xe39997154b574ce35cb2c61410a0549261d8829d
0x02ca1108829b469bb0e15377e9d9e1a687359ff8,0x3b612a5b49e025a6e4ba4ee4fb1ef46d13588059,1,0xd9584055384e43824fd04f22a37cef80ecb9db08
0xca1b9baa6b851d88a20195b65ccb7a2febe06efa,0x54ded7088b5e303ddd63e15c95f502b4c0c61627,0,0x54ded7088b5e303ddd63e15c95f502b4c0c61627
0x64bbf3d2628541537edab16df51880e9029bbe28,0x04b127caadf1d6803d20680071f31471ce79615e,0,0x04b127caadf1d6803d20680071f31471ce79615e
0x9a4e2c310f89412d9245acdcbfcf2be7f4c3f66a,0x3b612a5b49e025a6e4ba4ee4fb1ef46d13588059,1,0xf9be59246c5097d80c40c112af9678b2e06ea939
0x8ec23de229e42e22499d6b959efd12fe42356b20,0x061723e247dc58b10d1f5f1b6e536ab26ba4ce22,0,0x061723e247dc58b10d1f5f1b6e536ab26ba4ce22
0x6828c118c4fb6175eec742c0a7da4e495387d8b3,0xbab3032e9e0b3d5510440af7e1a40481297c7884,0,0xbab3032e9e0b3d5510440af7e1a40481297c7884
0xaf7e58d58f7695a4e1329f39c48748c2861499e6,0xd9125954f6b31163c38ca1796c403513f06646e3,0,0xd9125954f6b31163c38ca1796c403513f06646e3
0x04e8c03886bd9daa9a2f85ce7c43223a8cd9991e,0x69e2adf92dd9e69400d6a7ad6247a3d60bbec3af,0,0x69e2adf92dd9e69400d6a7ad6247a3d60bbec3af
0x7b2c711933ad7dbe214557d2c621b171cc85e17c,0xf7c75569ab02a6e4c555911a558ebb94673b2b7d,0,0xf7c75569ab02a6e4c555911a558ebb94673b2b7d
0xd6b1330fa985224a4f83452ff02eecd84bc11c81,0x6372d3c71aa13be4942b1c854b01608f97572e3a,0,0x6372d3c71aa13be4942b1c854b01608f97572e3a
0xd342c260bb971026fe48afed6341ffc4697ee16f,0x6cc435f69fbac8ccddc8757e46a9d4376fdb16b5,0,0x6cc435f69fbac8ccddc8757e46a9d4376fdb16b5
0x826653486e2c74711a933b7d9331b34c16bc0c4f,0x2e1af63cd595a6d715e5e2d92151801f0d406a6b,0,0x2e1af63cd595a6d715e5e2d92151801f0d406a6b
0x28f3738d76ee9120ed6d05efff4518955ed44d71,0x2c325156416cc7b701151dafb6d4c0bdf0d398f0,1,0xf0f1a04a214efe01ac5e189e6d9f38cf5d98d84e
0xe4d33d526939c231f1127c16535f6f7abe5f6c1f,0x612e2daddc89d91409e40f946f9f7cfe422e777e,1,0xba262882ce119661e0650bdf0d085a0db79901e1
0x3e00f77473de56a4040b5d480c8d99f3d451a273,0x64d18532f07855920ab624de8d2a8a365f365e5b,0,0x64d18532f07855920ab624de8d2a8a365f365e5b
0x4398360093d7a30643713895dc74892558325781,0x14aeca1919466dd8210d129e29a6e74cf95fdde1,0,0x14aeca1919466dd8210d129e29a6e74cf95fdde1
0x1764a0ac69c4807c73bb8c6e11bf3531fbd96960,0x307a9ed60faabde3c98eabd2903fcf59f4ec16f9,0,0x307a9ed60faabde3c98eabd2903fcf59f4ec16f9
0x6d8d2a7eb4bf75dfbc38090bd3808e4fefc17942,0x612e2daddc89d91409e40f946f9f7cfe422e777e,1,0xfc072601409e76ceab2fe1772f6680bf500cdd73
0xbe4eb9b8864d887990519dd5bff6a88ce96832bd,0x612e2daddc89d91409e40f946f9f7cfe422e777e,1,0x176e9e635598ec3fbb3ccd67ab5cb47c99bccce8
0x0e4022a466b03b06e7acf571e3001fe43c9b51ee,0x7f484af42b87536adbeff4a12c36053b40b2a7a1,0,0x7f484af42b87536adbeff4a12c36053b40b2a7a1
0xe3927692bc1d9901cc86264daea80b9d6294401b,0x612e2daddc89d91409e40f946f9f7cfe422e777e,1,0x387b3a12dda5f9d8f9237f40715d5ee90dfa85ab
0xf5533c0a461bd3f788604e60430c72532f4b84a6,0x6602f7b883eccf85a4aa3e34d466ee7986af9cc9,0,0x6602f7b883eccf85a4aa3e34d466ee7986af9cc9
0xfae2141d165a7698b5236d10a961e2fbf2fcc2d7,0xa38616f2b29ddb1370e5db7c43d09d9de76ae00e,0,0xa38616f2b29ddb1370e5db7c43d09d9de76ae00e
0x849feba140c7add87084d8752a17a573d2235e24,0x4b7a8ce7d004c5c68207f355f6a838c941ff6b96,1,0xdc099ae74f08f0b27d4a456c3e80a4601e59c86d
0xd04cbd574bb6e7bd940e4bd2b80aed262f04b538,0x7528043c1acda98c79eadb219c04d2a76e2a618d,0,0x7528043c1acda98c79eadb219c04d2a76e2a618d
0x33929092bc211c9961801b6a322769b30bcb6eb0,0xaef3e8c8723d9c31863be8de54df2668ef7c4b89,1,0xd6559897107ad73abcc2b81840222c949f3dbb12
0x081db17ac23c18e92c335bab676d9adbd0e5dcd9,0x775ecef1c70ed299e37006f6820d6252b0e90bd6,1,0x1225ac76c147333126ff88cb41f6791122a5954b
0x996d804b1a6164202938c72d5f4480c8a9df081b,0xd1579ce790d05e297cf4a1e32d434f785563010a,0,0xd1579ce790d05e297cf4a1e32d434f785563010a
0x2ad127d12059cd1a080fdb0df5f33fd21528f28c,0xc06e008f13cf83e00f0c8acbd35729fc11855c54,0,0xc06e008f13cf83e00f0c8acbd35729fc11855c54
0xf69aa09bafd475c892617344591cbb493b7f0a2e,0x15051107651f3420144d3a2412d49402c2fac3c0,0,0x15051107651f3420144d3a2412d49402c2fac3c0
0x21739b9dd30a7c879c9f6ffbced7e5a8398cbcf7,0x612e2daddc89d91409e40f946f9f7cfe422e777e,1,0x8caefbe7059c5db7f246df8ce5d08942c831437e
0xe90a9b2af0b7bddb1e7a6e2c8a82253512eb4e0a,0xbb3444a06e9928dda9a739cdab3e0c5cf6890099,0,0xbb3444a06e9928dda9a739cdab3e0c5cf6890099
0x9e955e2e1be4b0a0477dd891f3abadc0914a2c5b,0x542e26cc8ffa032ee0f8290054c630daa663585f,0,0x542e26cc8ffa032ee0f8290054c630daa663585f
0x1ed51f1c554d132b5f62bf7b510ea4bd3e7f004e,0xf74b146ce44cc162b601dec3be331784db111dc1,1,0x2332f94a14d983d0da9a01fe640465b34a33dc26
0x2d4017d23c28b829f2e7908c2e230a88ffb06b1e,0x7354936bc7a72c8baf5a2f9262e70a52c427be4a,1,0x9ff7703c155cd3b224c46921d412f33fe0cca090
0x3d9f8e430cd52dce044b9d88a3574551ece31d1b,0xd310a3041dfcf14def5ccbc508668974b5da7174,1,0x5e58c97f781f98d70f9b72e69629312bf70ebaf4
0x89517070b7a7a11e8b0b176f1de61d4b1a5abee6,0x7354936bc7a72c8baf5a2f9262e70a52c427be4a,1,0xe48453ae633ace738467b640a1a6f97c1c1a28ff
0x717af64ffcfb75ea39176dae1d87492e9b129b1f,0x9b731ef6dded77905399f1da35d47ed9593fb9b5,0,0x9b731ef6dded77905399f1da35d47ed9593fb9b5
0x18c5756a8e6b4a82b3af28645817c1df79d43ff4,0xaef3e8c8723d9c31863be8de54df2668ef7c4b89,1,0xf9a1cc799186e5a25a7acb91fa9dcfc9c9b694fe
0xcc845392c20a5836b8f5d2d3d88ef7b5b1820644,0x5ca330adb9dc1395170180883fcad92315619ebd,0,0x5ca330adb9dc1395170180883fcad92315619ebd
0x53f36c8e842d64c22eae2c3c5b3cce8d65b41057,0x06f4db783097c632b888669032b2905f70e08105,0,0x06f4db783097c632b888669032b2905f70e08105
0xc3e54a4379c9066e5650b7d5a6ac18cfff0d899c,0x78086ad810f8f99a0b6c92a9a6c8857d3c665622,0,0x78086ad810f8f99a0b6c92a9a6c8857d3c665622
0xaf3ee151dca01bb8a35c399618f07506252bd9b8,0xabb473bcc5f6cdb27208371e153e4288b4d3dba1,0,0xabb473bcc5f6cdb27208371e153e4288b4d3dba1
0xd6059164237f6dc4df777714437c37cc85256089,0x8cac25c3ba02d20024694c0899c8d5fe2ddc4fc7,0,0x8cac25c3ba02d20024694c0899c8d5fe2ddc4fc7
0x60731f1d59dbece623f54bed45f28b08aba72cad,0xdd35046bcd9bc0c6d80788db9717f12dc44d8050,0,0xdd35046bcd9bc0c6d80788db9717f12dc44d8050
0xfa8172a56768ee0b284b5ee2d6e05a6b4dc485b3,0xf7b35e524a54d31d3432a6ddc8d45082595898b2,0,0xf7b35e524a54d31d3432a6ddc8d45082595898b2
0x3d3253ca16ceb99a4c6df13c87c45df3d0e77322,0xc7a7ad89f0182692ad06695196cee004ab6c2efc,0,0xc7a7ad89f0182692ad06695196cee004ab6c2efc
0xf60ce564abc70525bb1fb93a535c914b0200d2c6,0x3605baf017c651468fbeee418ac58955a9674e6d,0,0x3605baf017c651468fbeee418ac58955a9674e6d
0xcc48eb3595e11dd21345c96d0057fff2a6151cdb,0x5f9b3cb6ff69d0c60661732e94c7d0bc9e1ace4d,0,0x5f9b3cb6ff69d0c60661732e94c7d0bc9e1ace4d
0xbc45e0905c13e13dd819eec437a3589b5f38baca,0x7155318c6bfc542d035a39e57d7fa6d7aa0a6f25,0,0x7155318c6bfc542d035a39e57d7fa6d7aa0a6f25
0x3c5864bd3dc19415b567ae37967478da9b40e09f,0xafd618064739a2820f5f80c2585563a8af0e6871,0,0xafd618064739a2820f5f80c2585563a8af0e6871
0x0a89ac1e29be2b0de40ecf4a931dc861fd7f5c01,0xd9f15ed23b760d9ff4477e025aacdf45b71ddaef,0,0xd9f15ed23b760d9ff4477e025aacdf45b71ddaef
0x0a305d0fd15bb92f5ea5959450f2d1339c831f3f,0x5dbc7b840baa9dabcbe9d2492e45d7244b54a2a0,1,0x3d346fca7e458dc6d7de321889ebe01623f6c3f7
0x0a99c64795c3f80288122859a2af282906e3e5db,0xafd525295a3f08bd362c0cee491b7ecc6a69a478,0,0xafd525295a3f08bd362c0cee491b7ecc6a69a478
0x8e5ca800490efbe0d4e40c833d601d25a038487c,0x612e2daddc89d91409e40f946f9f7cfe422e777e,1,0x8caefcdca4906a0a685b4343a258e53651c5b004
0x8945dffb238ba30b31cdcef4e87319a10b36efca,0x420afea8152c4e038b18ac54898ca9b4e2e1f4b1,0,0x420afea8152c4e038b18ac54898ca9b4e2e1f4b1
0x4bd113a7ed5a41857b3eb6102ac09b19ffeae1d7,0x63a934da457e9d19cdc4a6016961b6d571944818,0,0x63a934da457e9d19cdc4a6016961b6d571944818
0xebfaccdf11d1e6f6b0d8cc223c09791de86c8198,0x5f2abc70bb1567c7807da87e944ddf965a0846bd,0,0x5f2abc70bb1567c7807da87e944ddf965a0846bd
0xf0388f0668dde6967fae40337326a541d1135563,0x391186ff4381c432f6ba1373886f84cb0cb04461,0,0x391186ff4381c432f6ba1373886f84cb0cb04461
0x65adcfda6b498a7f7194b831233e77d7cb55290c,0x6e42262978de5233c8d5b05b128c121fba110da4,1,0xb27afe18e5e1fb961b0d6568d7c3bab305f0b82c
0x7bf48c9cdf482d9dc374e2a1ce89fe3d260a7588,0x2a259f94ede30a0499f1d83ff534026f6717f4f7,0,0x2a259f94ede30a0499f1d83ff534026f6717f4f7
0x396ffc88226bd18b3930b1bd7e370d57f57ffcdb,0x3e31953658d0b6a323ac794b16aa02825acf2954,0,0x3e31953658d0b6a323ac794b16aa02825acf2954
0x7312c62e2916a79e9efd81cf039d8d67e05ca7cb,0x612e2daddc89d91409e40f946f9f7cfe422e777e,1,0x2f1a2b474215a941e75db302b0c75044998d2878
0x05f051c4bb07d0fb0e1f9aacb31c259de7522f35,0x4a524527d691270dfb25b81b542532ac2e2dbc30,0,0x4a524527d691270dfb25b81b542532ac2e2dbc30
0x2d49b31175f8c902383d75430fd8717aeda26c71,0x12b2c69efd57a80c4c9c5c4e6c3ff3a201d8954f,0,0x12b2c69efd57a80c4c9c5c4e6c3ff3a201d8954f
0xf7aa3d54b447d95528bb2c58213d75dfdc7c9814,0x59f41e2116f7d1b524c0542aba0481ecc0eacced,1,0x222a20e5dca0681c577b132eb27b2fe4559bb55b
0xc147427486aa1d61d5dd251a3346bf13c4d69c50,0x612e2daddc89d91409e40f946f9f7cfe422e777e,1,0x3dbb25810d96b6160319f2f2f64baaef549ef370
0xcbd2f4d8a2109c7b4c09a5c5954539d998079a07,0x612e2daddc89d91409e40f946f9f7cfe422e777e,1,0x44c48c1472b88a496e1ee3ee7ca314f5a4deb803
0x654615313c0c87ac74ea99bf79645ab8480cfde1,0xf0196a54695377c009ea13a4800b3cee4e9c5a17,0,0xf0196a54695377c009ea13a4800b3cee4e9c5a17
0xff4845e7f6a42466e406d73f9cff03ccc390283b,0x000000f20032b9e171844b00ea507e11960bd94a,1,0x8ceb1fa3355fac32a691280e0519b09264d01f43
0xb94b82ad7801cb1c9f5d3fc8c7aeaecc65b4623a,0x000000008924d42d98026c656545c3c1fb3ad31c,1,0x7e92ab056d3fdaa1a04fded2a3476cb819c55985
0xc57764d5fcda0781d250b396be0ee44088352201,0x6c9005b3bf252e2656e8607a4a8a0728e2fb2ca9,0,0x6c9005b3bf252e2656e8607a4a8a0728e2fb2ca9
0x57041e5a3f15906a70acffad80bc87b6b63c2dac,0x08ddbcdc14a9d26a7986239e83a4596b7ab2539e,0,0x08ddbcdc14a9d26a7986239e83a4596b7ab2539e
0xdeac122f534b1115054c8ccb0e08f8c011c73df7,0x19478179ef8bb7c4792a4041903080e097d137dd,1,0xc39d1baa937a8d9d4b2fb43f1181107243c0236e
0xac1b8aebc5f43f66e0823c96e83016abf9307bd4,0x612e2daddc89d91409e40f946f9f7cfe422e777e,1,0xde9ba5f62d6047c4a9ccf24455aa733ccc5b8f41
0xf0ae76f0e0c6693601848dbe8de54a42255ffc4c,0x000000f20032b9e171844b00ea507e11960bd94a,1,0x73b4437a4b3e43de673836107437e4f092a363e0
0xdf2854bc157fe3e4099d1a3af7965cbfb3a11d33,0xc605040ef710c84a02e654e73a3e3fe0dd3126bb,0,0xc605040ef710c84a02e654e73a3e3fe0dd3126bb
0x325e3ef7250e71910cbeb292baebf65e05c68a71,0x612e2daddc89d91409e40f946f9f7cfe422e777e,1,0x2178e346d24d9dc0dc1591d2b0d90928e7b4dbdc
0x32bb5a147b5371fd901aa4a72b7f82c58a87e36d,0x49e701cb7a373d955b18f5daf8fedc03ff273396,0,0x49e701cb7a373d955b18f5daf8fedc03ff273396
0x63347a7ffe6d0974b7dafd0cd18ff000c25ca5a8,0xc2a3b684df069d75cc531fb043c897a651f52d2a,0,0xc2a3b684df069d75cc531fb043c897a651f52d2a
0x8259c9ee33c31f169c37ca34c3abcdf1a7bf32aa,0x0ba3f95e960cabfad634835dbdc9afe5732e0d60,0,0x0ba3f95e960cabfad634835dbdc9afe5732e0d60
0xb20217bf3d89667fa15907971866acd6ccd570c8,0x00d6e1038564047244ad37080e2d695924f8515b,0,0x00d6e1038564047244ad37080e2d695924f8515b
0x9ec02be78ffc60237e86aab2f9137df3a0cb6075,0xc2ffb2c383ae2384703037ed6e6c584b54ae8d9a,0,0xc2ffb2c383ae2384703037ed6e6c584b54ae8d9a
0x1ee2019472703d22dbcac3145801fd514394045a,0x3b612a5b49e025a6e4ba4ee4fb1ef46d13588059,1,0xf26e79e060ac5a4fea3b25c40dbccc2996ba0f4f
0x8332717a53b73adb5897f473f54384956787a978,0x30dcba0405004cf124045793e1933c798af9e66a,1,0xced088f8e01dc2f104247ed46f60fc80ba22bf94
0x47d1c93b3d6856f8114d778e11541a6eab8f689c,0x32465b1ea4bd51b652f9b46221f1db7b852dfa33,0,0x32465b1ea4bd51b652f9b46221f1db7b852dfa33
0xf4628eae75dc683367e845364031d12e99c7dba7,0xcd94d3aa70986658d876ed6497636167014b1d1e,0,0xcd94d3aa70986658d876ed6497636167014b1d1e
0x1755b682cff797ee083faf3f3e1c3e1015586c60,0x5bb35c9576ef6e42d4447adcb3272f0b8582e82e,0,0x5bb35c9576ef6e42d4447adcb3272f0b8582e82e
0x67c66a5c36766ad11a16359e262c65a692da4923,0x507c8252c764489dc1150135ca7e41b01e10ee74,0,0x507c8252c764489dc1150135ca7e41b01e10ee74
0xc1f8597755ce267cb439e71126c93e8ed40fcb6d,0x3b612a5b49e025a6e4ba4ee4fb1ef46d13588059,1,0x368f593244f04c599b3328a23493680b23818fa6
0x46254bb8bcf789e012a19d4572d31bcc67b7b349,0x612e2daddc89d91409e40f946f9f7cfe422e777e,1,0x1a59b9df94ec4ed462abb0494f2e7dad3f5e90a9
0x91ee909ee4f1d58d7ebc3a05f0e0fb57d1761d52,0x612e2daddc89d91409e40f946f9f7cfe422e777e,1,0xc34a67e081d9039b0de1784c566fc930cff99528
0x773ac90d0c605ec3beb49a0a971240400319e577,0x4cc17f677c1271baba0d10df83438821b5f8eaf4,0,0x4cc17f677c1271baba0d10df83438821b5f8eaf4
0x74ee34b3385d6f234a75d61667d2974b9f2b3c77,0x000000f20032b9e171844b00ea507e11960bd94a,1,0x6ea3fb1bc9d05c9e254914a17fc64da79d238205
0xa500f210a992ee10a2781610459a0e12d6300690,0xfc95c9ffba80cb60f76c653ea8e5ce01253b6c6a,0,0xfc95c9ffba80cb60f76c653ea8e5ce01253b6c6a
0x7b9164bb2070c74eff276ec903e3a498b02d4936,0x7354936bc7a72c8baf5a2f9262e70a52c427be4a,1,0x16c5bf465044a5719cd48bcbb4cd73959fb4fd5f
0x815839f9b89f7c8a028d74526b14deba7d19287a,0x000000008924d42d98026c656545c3c1fb3ad31c,1,0xfb424c2d0ae71333c70728e50300bae556c72450
0x5bf63b3b0063a4ba90db26b17fc54ca2cd1884d1,0x9f35af4727fb91114563d8a8f779a792cb557f3f,0,0x9f35af4727fb91114563d8a8f779a792cb557f3f
0x520eee0896580a71f287ee689a9113844f9fbdcd,0x612e2daddc89d91409e40f946f9f7cfe422e777e,1,0xb31f3809180b3d1947e7f7ab5424767de45ed485
0x27a8acbd80bd6cd4b2a410d599af5a64cc1394bc,0x000000f20032b9e171844b00ea507e11960bd94a,1,0x35d707a293bb5b03bd25126e067a9294b64baf15
0x70ff7feb166850e74ffdb5b69f0b5e79acc3b1da,0x442295de8a31d65026dbc09c29d469f6854f188a,1,0xa9a48345dcaec91574069ef1b8aec87a40a7d22d
0x92815f75c5fe1d0244f5db466867a624972fa08f,0x000000f20032b9e171844b00ea507e11960bd94a,1,0xee2139e22a1f1d4701ceee2316bec05fc5c7ea47
0x9227a3d959654c8004fa77dffc380ec40880fff6,0x08e6ed7b8435c8d6c17300daa2e9b5dbf1a31a59,0,0x08e6ed7b8435c8d6c17300daa2e9b5dbf1a31a59
0xe4605d46fd0b3f8329d936a8b258d69276cba264,0xfabae3330992f4ccb388497bc44d03dc897cca84,0,0xfabae3330992f4ccb388497bc44d03dc897cca84
0xdf9aa1012fa49dc1d2a306e3e65ef1797d2b5fbb,0xd43dc83e5698315f6f52522b13d147c5c2b16831,0,0xd43dc83e5698315f6f52522b13d147c5c2b16831
0x63c8282c8705e7873b3302bd623b2bc8ebcdddd3,0x1d05cf6c6beb0c869851bfdb9510d4e44e855ad6,0,0x1d05cf6c6beb0c869851bfdb9510d4e44e855ad6
0xa319c382a702682129fcbf55d514e61a16f97f9c,0xb8559af91377e5bab052a4e9a5088cb65a9a4d63,0,0xb8559af91377e5bab052a4e9a5088cb65a9a4d63
0x349a43bc67903e8cb5f0a9ce3f4b7221be2be157,0x3b612a5b49e025a6e4ba4ee4fb1ef46d13588059,1,0x87b1c39c81d0adcc1eb61c2a8ae52a9b548989b0
0x367244bd5edfa269c13976d09b7040ee7aa9f022,0x3b612a5b49e025a6e4ba4ee4fb1ef46d13588059,1,0xbdb0dd845e95d2e24b77d9bef54d4df82baf8335
0x907997b2caf998617efe2d5f535427ff2c955629,0xe5a66dd8eda92b44b61d50eea3d6740a6967a90b,0,0xe5a66dd8eda92b44b61d50eea3d6740a6967a90b
0xf38c2d3107b239238d96c943650774dd1ba6c54d,0xd3146b5e2fae37db1936ace4a820baf53be7408f,0,0xd3146b5e2fae37db1936ace4a820baf53be7408f
0x57a8aa63a3f9a3df0c9b74a47ee03c632d8d59f0,0xb9c416eb0d03efdce046e4f4bba26c1c3544f4c1,0,0xb9c416eb0d03efdce046e4f4bba26c1c3544f4c1
0x95e180fe0a2c1672754fa704661f1b26d7d9056e,0x612e2daddc89d91409e40f946f9f7cfe422e777e,1,0x4c5a86e3ffbd300629108e00fe7528fae7e34aa0
0x00b033be0ef411fbdb7eb9d8a93ecd004039940e,0x612e2daddc89d91409e40f946f9f7cfe422e777e,1,0xa2fb1ba03507185907906c1e0fdf18b3d8765360
0xa4b609dd352c1298bd23f938c6fd7187b3ea5c5f,0xd3df4ae28fd8bb0ef3aa03d3dcaba85d2173916f,0,0xd3df4ae28fd8bb0ef3aa03d3dcaba85d2173916f
0xdf94ef0b9a871da9092d9279f5f8a983d119767d,0x612e2daddc89d91409e40f946f9f7cfe422e777e,1,0x5fc3cbf4776679cfc70a10478601e5ad0d2abcc1
0xee917f5a60d4ff8aaf59439dce7bb7a95f634ec5,0x89a1d446d54c3db926d3a44bc94c0d1617b338f1,0,0x89a1d446d54c3db926d3a44bc94c0d1617b338f1
0x2ba39c55f00164c919e1da5ba9a8bb66bb4588fd,0xc691ac712df9ddf5ae49dfe7bf82c291b59d9af4,0,0xc691ac712df9ddf5ae49dfe7bf82c291b59d9af4
0x5e187281fc477192352e58987588f541ad52fcb2,0x5dbc7b840baa9dabcbe9d2492e45d7244b54a2a0,1,0xfa36de276d0ebfb9bcb9e64f386822ddd7d45814
0xd6b788c38e36554fd51dc55635d76bc336834a01,0xaae4ac8e4d1ff3aee7a928f7673a7f300ca8838f,0,0xaae4ac8e4d1ff3aee7a928f7673a7f300ca8838f
0x625f54e432d1c7883f584bacffe06582bc4b097c,0x4f74a486087b968798df4d1edf084adff911b3cb,0,0x4f74a486087b968798df4d1edf084adff911b3cb
0x296be897381b77add45a2a7605bd42d4c9bd9fb5,0x622826fd951e86b25c36222857a65323742bf302,1,0x22d1ce01db098e6aa80ff16691dd7614d249b110
0x5372b0dd294f486dfbcdae748c7e6f9f948278c8,0xb9512c527f438ca286348db26e2677f36e0d725d,0,0xb9512c527f438ca286348db26e2677f36e0d725d
0xf458d022bba0eb095e0322fb5947e737abc9661f,0xdcfe06271a89d454ff3302bab78d564ad6952607,0,0xdcfe06271a89d454ff3302bab78d564ad6952607
0x12fa1d7baf0adb504c19eac0fb5e95f8ff97e8e2,0x9cd0b37aa73bf74ecf3212242a718d3a2505cb16,0,0x9cd0b37aa73bf74ecf3212242a718d3a2505cb16
0x7f5afa7974fba54bcd69d47ed617f26aa63ac31b,0xf74b146ce44cc162b601dec3be331784db111dc1,1,0xe56f08d52ca642f04b60eb63272715e5e9ecb078
0xbaf5df1f0f0c25bf20f070b90d0aac8053ddfbc3,0x36f9341462c20f0ac61ca519140335732a7f09fa,0,0x36f9341462c20f0ac61ca519140335732a7f09fa
0x88eddb93d0174fe3f8936a40e68406818f084f49,0x7e78e037a9c2948b29fd861404197b6dc7c8b240,0,0x7e78e037a9c2948b29fd861404197b6dc7c8b240
0x899185d0f685465008185725d7c9f38426b66740,0x5aa99d6fb11efff22be677f276cb5b880dce2080,0,0x5aa99d6fb11efff22be677f276cb5b880dce2080
0x56602f2561c613b3d39f58f653f2902a9ce3422c,0x612e2daddc89d91409e40f946f9f7cfe422e777e,1,0xf13b6539b0b311c346b2739884ba896c8b92396f
0x0dd3e90aed10841f355208aee04484331f569f89,0xa12db9f88f096f527fbe87a752c6ec16d501a25f,0,0xa12db9f88f096f527fbe87a752c6ec16d501a25f
0x622e5f305a797f844230b81c55cd8ac139ca4f81,0xba411e5a84b3b1169143d084c304e8f5f61e73aa,1,0xcf25e3df8f448b91fa4520b9ee4182b0919f26f6
0x126a45ffc33c67d979ccbcdc598d0764660a01cb,0x3f7906d1bba4911dffc3fa1f97f7fef4a5a3034c,0,0x3f7906d1bba4911dffc3fa1f97f7fef4a5a3034c
0xca93c4cdfbea225fb32c828bb9a81f141d165f26,0xe78e1a0d2315f9e17e4bf74d7dabd145bcb5f5fa,0,0xe78e1a0d2315f9e17e4bf74d7dabd145bcb5f5fa
0xfaef5558cfdf69e784b91bad7d492f776720401c,0x01b22bb2d473a53fae501c273e6d5592a58a131a,0,0x01b22bb2d473a53fae501c273e6d5592a58a131a
0xff43ff7d5dd56fe8eb0d97bbb7b70ffb14c51460,0xf74b146ce44cc162b601dec3be331784db111dc1,1,0xd6d0c9fc8f1f6cbca3472052df3678e5b29b2dca
0xe0472f180602d4a1e4f3e0313c3e7229b87b8697,0x612e2daddc89d91409e40f946f9f7cfe422e777e,1,0x5e7988a0998a64678df1116b34d3decb8b2c0d2a
0x352fc439e405f6a4ca5445acbcd7ae58b737d298,0x4c5a86e3ffbd300629108e00fe7528fae7e34aa0,0,0x4c5a86e3ffbd300629108e00fe7528fae7e34aa0
0x8184b87a925073214b41b5c8610fe8091576f34e,0x4a9b72d587602315c1951f53a7ff40e11dc46179,0,0x4a9b72d587602315c1951f53a7ff40e11dc46179
0x5f61d26d1e48ecc4121eec1b3cba39b592dd9059,0x612e2daddc89d91409e40f946f9f7cfe422e777e,1,0xec3c03cced7e07d49cc7ad6826aee0ba604b0849
0xfc68f2130e094c95b6c4f5494158cbeb172e18a0,0x5c629f8c0b5368f523c85bfe79d2a8efb64fb0c8,0,0x5c629f8c0b5368f523c85bfe79d2a8efb64fb0c8
0x2d9b26baa26dabda67990d80ca3830b5804cfc83,0x643369a63407525585d2c24ee75bae52d7d72eb3,0,0x643369a63407525585d2c24ee75bae52d7d72eb3
0xe202bae0663ba0cdd008ac948921871167a9d09f,0xd29fcb4fa4625029034e4377faeb4becaf32b707,0,0xd29fcb4fa4625029034e4377faeb4becaf32b707
0x4a1d4007ce8debd80627025cd6b7695be3eb444c,0x6867115787080d4e95cbcb6471fa85a9458a5e43,0,0x6867115787080d4e95cbcb6471fa85a9458a5e43
0x03756dc67d8656354ed7b2d805b9e6fcafe56f7e,0x6929194257998b2132b8804481c406b024a34709,0,0x6929194257998b2132b8804481c406b024a34709
0x7e9027aa94efdc9f35a150581025dee1d13a1e57,0xaef3e8c8723d9c31863be8de54df2668ef7c4b89,1,0xd6559897107ad73abcc2b81840222c949f3dbb12
0x2f47ca81a38cb76f94256706750a4ea879e7cf9f,0x88866e4c27e01c20691edb0770a6e4c3bbf0baa6,0,0x88866e4c27e01c20691edb0770a6e4c3bbf0baa6
0x761b323248d96b10294c079046abb06d63e1a462,0x612e2daddc89d91409e40f946f9f7cfe422e777e,1,0x06e86fba9c882f966273fa1639e70d9d01c274da
0x20a7fc9508c0ff6aa41bf5c4616f3283d870d4da,0x72bf9ebac7288d694bdbbc5879517b029199c821,0,0x72bf9ebac7288d694bdbbc5879517b029199c821
0x91b94b4c88d346e3f702f771a27fbdfd47636d5c,0xe7284c193da72208db35664c39df6af85dc0e8f7,0,0xe7284c193da72208db35664c39df6af85dc0e8f7
0xc7c5946cbd9cfe1dfa2ee4b31e2287a41361a826,0x5f9b3cb6ff69d0c60661732e94c7d0bc9e1ace4d,0,0x5f9b3cb6ff69d0c60661732e94c7d0bc9e1ace4d
0x53ce4a26327e9f285cca6234eccd706f8c6b8ea9,0x26dde5e5ba900e31600f7eaebd8544ffaec9bbb2,0,0x26dde5e5ba900e31600f7eaebd8544ffaec9bbb2
0x5bba0339674007f781e480061f5af1da37e8486c,0xff8679a9507cffbfa1d7dc8afb849033106b304a,0,0xff8679a9507cffbfa1d7dc8afb849033106b304a
0x65dbfdeb3fa4f7040dbb13d9ad9f251abf8084fa,0x65f27600931eaed406099448f5768842a727b365,0,0x65f27600931eaed406099448f5768842a727b365
0xd564c25b760cb278a55bdd98831f4ff4b6c97b38,0x68ae2d90735f53d3a8d7b47504fed226e40ae8e9,0,0x68ae2d90735f53d3a8d7b47504fed226e40ae8e9
0x9fa4ef95e229790ce1452a49ccede42650376b4b,0x7354936bc7a72c8baf5a2f9262e70a52c427be4a,1,0x1ca8ce821543edabd44e84d8cc2ea5b49876c104
0x67670eea621640b7e18ae32639cc009b86a4a52a,0x1ca2007d4f2bc0ec2a56ecb890e56e05f36182df,1,0x41225847e1e44dda729e7c76be84d9a5a385e3d0
0x54097d52e0d329f00eae5eda7ebde17294ee9732,0x00000ad847dc7b2f6c352de22caf2965be5e29f6,1,0xa1d16f58c2066182a007bbfbacb7b22c0baf8067
0xac00a5e154326a7088a26e438c46c7891b30835d,0x612e2daddc89d91409e40f946f9f7cfe422e777e,1,0x447f38033f4005f82ff23ac7eae5ebf103a68181
0x4c1d19f900e264c041c4b8f98689aa21af30666d,0x000000f20032b9e171844b00ea507e11960bd94a,1,0x8c113772702e067a460879d42e1383c5ec7948ae
0x463508c4556781996adc66322bb83a1f7817c396,0x36d256955ed6c9a6fd0f43d68070dea324f8292f,0,0x36d256955ed6c9a6fd0f43d68070dea324f8292f
0xfb24cc671dda38483140f5cd06d8d27fc1aef616,0x612e2daddc89d91409e40f946f9f7cfe422e777e,1,0x5568945b2978f255e653f364acff5c1aa85d83a2
0xebf0f7c0428a59bdd5a4fb5e0b35ead21d83e108,0x612e2daddc89d91409e40f946f9f7cfe422e777e,1,0x3cd378c9b1cb5f147ebf1b2c2564118946ae4ba1
0x149643b33fcbecf9033c1a2eab6b1559457a93b1,0x438e4b3b6216335559678198ab5fb79f9a32d22f,0,0x438e4b3b6216335559678198ab5fb79f9a32d22f
0x1b1e25574defbf9cc549b664bc84e406ab9a1c27,0x7354936bc7a72c8baf5a2f9262e70a52c427be4a,1,0x47e22879bb84a1c1ce7db03070c441406d1c1a1b
0xc311dada48157b5a19b144003981f526d91efa1c,0x612e2daddc89d91409e40f946f9f7cfe422e777e,1,0x8caefcdca4906a0a685b4343a258e53651c5b004
0xd4057f9b09bf891e98eefeda9f0013843ca75ba5,0x612e2daddc89d91409e40f946f9f7cfe422e777e,1,0x832aedf52932f2bf1ca704c4acc2f50b930fa00f
0x20b1fd30f114ab54078497cd24c587e9461ede80,0x92c159895901439caa212997d505083a2fe88885,1,0x7cecc371e39a2c91da71449879dd248e533933ba
0x472f19e6ea91f6b5e3b1ebd09106be9510063793,0x8049fc710d4a1deea6a6bcef772c166ced7a82f5,1,0xe58b01c3002957ae682a148311f3ed3e6e57962c
0x955e2ca8cb9a560d94c7313bb92fbb2c6f0e529e,0x612e2daddc89d91409e40f946f9f7cfe422e777e,1,0x91a172fc21f9b6c293e211f046ce014561b0b531
0x12a961e8cc6c94ffd0ac08deb9cde798739cf775,0x4397122ad9602ad358816f1f2de2396e3dceb857,0,0x4397122ad9602ad358816f1f2de2396e3dceb857
0x0c3106c67bd3d8dc570147c509cf95474c1c9134,0x6a0a993cc824457734ec7cac50744a34ecaf34d4,0,0x6a0a993cc824457734ec7cac50744a34ecaf34d4
0x040a33480576c8b8a3a58db9dceee3e2462d2e63,0x612e2daddc89d91409e40f946f9f7cfe422e777e,1,0xee5d5d4027aebf466fddf3fec3d151ac203fdd31
0x15ec431c24e791574f5dd9e16f7f2cd5bfffbb27,0x7354936bc7a72c8baf5a2f9262e70a52c427be4a,1,0x4b0a8521522450eb98ea27f1462d4d9df488d500
0xf8cd5e5c1f45bd68501e1586617c4e1329c24bc9,0x000000008924d42d98026c656545c3c1fb3ad31c,1,0x301d771b3b98bcfbdcd0a327d644602cca96493c
0x1719877a892f8384db2e09aa2c1b5b975326e35a,0x612e2daddc89d91409e40f946f9f7cfe422e777e,1,0xf19ab0e65c902ffedcb95a76a93ca7bf789239ed
0xad1ed6415fb512a40d0a059ac335bcff711b5d21,0x612e2daddc89d91409e40f946f9f7cfe422e777e,1,0x5ef3cc2883000ce910d6054c7ffb07c6e1e9d92a
0x9d280dd20e2250a3ded05b759915c335d88dd771,0xc2f98011e1ed26b728d7915a54a77c16043d91c3,0,0xc2f98011e1ed26b728d7915a54a77c16043d91c3
0x4d42ce5c2089c6f2124774c41918b3b9e040463a,0x300f853db9879696621fd02fb02ca21f24d6512f,0,0x300f853db9879696621fd02fb02ca21f24d6512f
0x39bc233c555cc96c47e92505812ee1bb555797ed,0x612e2daddc89d91409e40f946f9f7cfe422e777e,1,0x18ee3daaf59f8cb93858566b499f4380b09daa6a
0x2ab892b7eabb8008aeac168401e1262564f670fb,0x612e2daddc89d91409e40f946f9f7cfe422e777e,1,0x4d08ed1d821e89c3dd47f5c16f352c6860b4ead4
0x721d8f3cc3629336a63724498d90ec152827a378,0x000000008924d42d98026c656545c3c1fb3ad31c,1,0xc3d909683270f33842dd8f566f8f960ca219875d
0xef6eead04693c7b31cd4260d14088cb0158e67b9,0x67cc1b9d5fd942c8455b2dd8c962656c541ed804,0,0x67cc1b9d5fd942c8455b2dd8c962656c541ed804
0xf086bdfa4317674a71f7a9bb592dd508fd2bd04f,0x612e2daddc89d91409e40f946f9f7cfe422e777e,1,0xd967a89ac9e0b44e7de842df9e80a66fb1fbb25a
0x1199b3ddb5598ffabc3dea6fe69e6dc315f50479,0x612e2daddc89d91409e40f946f9f7cfe422e777e,1,0xf123acd825ee0929160a13d144bafb560a44d03d
0x1d15ababa2d5ba507711af51d8878381ff8af789,0xe066c7b1feee619f88d2fdfc7eab3fc7b75ce6bb,0,0xe066c7b1feee619f88d2fdfc7eab3fc7b75ce6bb
0xdbc61a1685c6f70c11cbb7da70338352b1fa4d51,0xd8500fe74d8fb3fad7830446914ba514206db92a,0,0xd8500fe74d8fb3fad7830446914ba514206db92a
0xcf07ca3fecfa79e441250c814e246d49c414c9c5,0x09404fc75de1417895f6f6ab74f56f0ffc1f221b,0,0x09404fc75de1417895f6f6ab74f56f0ffc1f221b
0x2da92fa374b22175a6955ab69e956f0d531662f8,0xbc5a7cf988f7e7e8f3893cd0ee1d0786cd4af889,0,0xbc5a7cf988f7e7e8f3893cd0ee1d0786cd4af889
0xa3cb6b250e554958c5ca1ae7e64fb746da3ea0f5,0xe99c3ecbc68868602cf558325bc6ab6a9807dfa9,0,0xe99c3ecbc68868602cf558325bc6ab6a9807dfa9
0x2e3a0bbc85119aa0dde4825cec8d474f5b09b721,0x3b612a5b49e025a6e4ba4ee4fb1ef46d13588059,1,0x1d8b9c4782ce247732ac5ecc2b0d9d5ec7e70a22
0x198535a724167c0aead0832e4d5c1b59fa93349a,0x668ac82f52bb4835736fd5ba9ba698155d1195d3,0,0x668ac82f52bb4835736fd5ba9ba698155d1195d3
0x272edff3514fbfdb8d505fc7c5e0141b1425f2c2,0x5413099566046903628b91b3556b0b1a53b95596,0,0x5413099566046903628b91b3556b0b1a53b95596
0xf60c84b1def32651a41c6ed5555bee2e7337e736,0x9e6dd7155426fb60dfe14e4e20f6d2d48da92f8e,0,0x9e6dd7155426fb60dfe14e4e20f6d2d48da92f8e
0xdb126316b70f57ffbb8c305e77b3d8569150fa84,0xdf120faa75c60b846bff87334d92931807b9ffad,0,0xdf120faa75c60b846bff87334d92931807b9ffad
0x7bd35bf13c7c28ce0208b90a47a9563aa68e733d,0x1a2b7b2bd853b3b75d01d48156d4411a5c61efd8,0,0x1a2b7b2bd853b3b75d01d48156d4411a5c61efd8
0x08af76d59936c0a6f607d549122f3aa368b5605f,0xc3ae80c65a25d3e11bec83d7307273364cf68b1e,0,0xc3ae80c65a25d3e11bec83d7307273364cf68b1e
0x928d92e69a8bc5b6adc670159f75ff8acb0c6293,0x6ffd7ede62328b3af38fcd61461bbfc52f5651fe,1,0xd8b65b1e8f9349092a312de7d7eb7c256c9d0599
0x5cee8912ee1b5ae8a7fdcbce13252d52439e6276,0x612e2daddc89d91409e40f946f9f7cfe422e777e,1,0x5ae56af3b95c3bf22de4b66b077530f48ccf1faa
0x2cb22e972290d5384be29acab1b36a256eac0109,0x76f948e5f13b9a84a81e5681df8682bbf524805e,1,0x476e2651bf97de8a26e4a05a9c8e00a6efa1390c
0xec5901b7e1377b1203c827b185181005c2b28ba4,0x612e2daddc89d91409e40f946f9f7cfe422e777e,1,0xf52970e946f4c84de96bdd6aa8c273d4d9c932f5
0xc0cfb4d1f352aa3fe7cd242263af210e305923bc,0x111f394bd7842d1f9b2d1dcc9fbc6c53b581801d,0,0x111f394bd7842d1f9b2d1dcc9fbc6c53b581801d
0x99e6a5e94bccf71efa88a23f694a2ff7e522f4ea,0x000000008924d42d98026c656545c3c1fb3ad31c,1,0x27f50102c2170ce6c3a1cc9bf49ddd41a10daeb2
0x20c53a744ef0a48259e09ca27a2feba8e257db9d,0x612e2daddc89d91409e40f946f9f7cfe422e777e,1,0x6a89560c4acd7100a8bf099819d213261865a346
0x41ddfde8b5113b769987bef4e1e965871fc55449,0x000000f20032b9e171844b00ea507e11960bd94a,1,0x657297cf280285b66e21e2049dc65b73abce9628
0x102125727d4859f183fdbb68ec26da534f272c43,0x612e2daddc89d91409e40f946f9f7cfe422e777e,1,0x698f3eaf3defee3c5a00b64bd65feee9015d6970
0x49a5384b82c6ecc65069552c38a5ace786d64a87,0x19478179ef8bb7c4792a4041903080e097d137dd,1,0x702978513902ece88ec47a0a967796707fe7762a
0xb895f4738fc00b881bbb205235033a547d245d75,0x76f948e5f13b9a84a81e5681df8682bbf524805e,1,0x8cb17503d8e0699cc85ca36511be404a54b2ac66
0x71448252b684b0678a4d8b73b245ed5331eacbf4,0x000000f20032b9e171844b00ea507e11960bd94a,1,0x5ebf54c72f25b11d93a066269a6dd8b152a147ef
0x6c3997116640a0b2a7e1d27b78a481f1cd24ad48,0x000000f20032b9e171844b00ea507e11960bd94a,1,0x3363e6f43860785e386c2cbc7109300f4df21dd3
0xb058aee25a93d1c99f4446239682057d5df3d749,0x000000f20032b9e171844b00ea507e11960bd94a,1,0xca59c6829651d17f43f92786fe0b01f23a01b111
0xce82e6c1d455f95ab71c4c04deb3aa575428230e,0xe83a8e52c490343204541d9fd347a8ad75ceb386,0,0xe83a8e52c490343204541d9fd347a8ad75ceb386
0xd85cf8bd6d4be8de504010dc476e795eb428594b,0x000000f20032b9e171844b00ea507e11960bd94a,1,0xf610eb6565ae93ec2cf1edac8484858de6e215f4
0x60036e09f0771b0f8fde3097bc208ac079f98154,0x000000f20032b9e171844b00ea507e11960bd94a,1,0xba3353ff72d5dee807f784e4b50bf3e6f4b74957
0xde79569641091365bcb2934f741c1f4c2619fde7,0x000000f20032b9e171844b00ea507e11960bd94a,1,0x17862f75488315312a76dc09ffe4889d88fa4c87
0x9e6fa7f7a8a32c9d47b3f7c34005f052c1b8ae21,0x000000f20032b9e171844b00ea507e11960bd94a,1,0x4891471a2892b1d974361357fbc204a3649e39a8
0x48684d85ad49917e545ff2597fe3ee789965fd29,0xd8fb7fb541e0bfe5863c5be4b1b41bb552933383,0,0xd8fb7fb541e0bfe5863c5be4b1b41bb552933383
0x30724bc2069b31ecd8e3889bb63a51925a35b791,0x612e2daddc89d91409e40f946f9f7cfe422e777e,1,0xbfd7dde89d2244b6b35ad95c2e3c0eadf38e24ac
0x580a29fa60b86aaff102743de5cba60bb5f9de75,0x3f8c962eb167ad2f80c72b5f933511ccdf0719d4,0,0x3f8c962eb167ad2f80c72b5f933511ccdf0719d4
0x73da73ef3a6982109c4d5bdb0db9dd3e3783f313,0x53f46bfbecb075b4feb3bce6828b9095e630d371,0,0x53f46bfbecb075b4feb3bce6828b9095e630d371
0x1b5ccdbeec92d7dafe2e939ea6c5526edd08a89a,0xe5ee2b9d5320f2d1492e16567f36b578372b3d9f,0,0xe5ee2b9d5320f2d1492e16567f36b578372b3d9f
0x452745e4f9e6d7ed926ed42cd8231b16260b1bc0,0xe7a95398ff28ea2a13a77ae1471aae1f60c49440,0,0xe7a95398ff28ea2a13a77ae1471aae1f60c49440
0xda4128a4fc209df510e9e4483acd059d84620419,0x843a97185de92a8fd214efa8e14bf67e97892342,0,0x843a97185de92a8fd214efa8e14bf67e97892342
0x75d121d0401b167c21a88324cc4c2f83be3495fe,0x3b612a5b49e025a6e4ba4ee4fb1ef46d13588059,1,0x1324427e278bc9fc462aea1d7af289c3580be609
0x0445e07cb3549ab5fd014822fa3874490e40b7f1,0x3b612a5b49e025a6e4ba4ee4fb1ef46d13588059,1,0x1c7b17ee136f7f2547fd8e0ff19371fe84c84188
0x84f508cd68e1cd97c1dcc0cd7b5ff295a382b2ed,0x7b15427393a98a041d00b50254a0c7a6fdc79f4e,0,0x7b15427393a98a041d00b50254a0c7a6fdc79f4e
0x542a5dafd512b8a56c495e2bce2fc3a02400ba2c,0xe7492018c976894fd2dfce5d124ac4d6e80e4e7f,0,0xe7492018c976894fd2dfce5d124ac4d6e80e4e7f
0xb35e55c3e698e81208154d978e273ff7878e8656,0xc2ffb0534d3173cb787e6e2b352621205ca8f0b0,0,0xc2ffb0534d3173cb787e6e2b352621205ca8f0b0
0x20bdae1413659f47416f769a4b27044946bc9923,0xa1c72de18ee8321ca96be48100b70d74101a0c36,1,0xe48a5173ade669651120cb5e99e6fe140d4d73da
0xded07e2da859714f69d93f9794344606ed67907e,0x551b33b3e07ea3092f2865f01806c8207b38a8ab,0,0x551b33b3e07ea3092f2865f01806c8207b38a8ab
0x661da2efda613195d9803863ff1a4b2425d72c81,0xbc83a12396746b83f7d3931dbb2a232998743aca,0,0xbc83a12396746b83f7d3931dbb2a232998743aca
0xea0552738ed2528a00a9b5fb515dcb76f5670b1d,0x7ff9a10ee542689f17da368a67f9092f5a7263b0,0,0x7ff9a10ee542689f17da368a67f9092f5a7263b0
0x363459e00282d550527e67f0d3e685d4cda1caae,0x795e430765a79cfa80b11c61af2d30597d29361f,0,0x795e430765a79cfa80b11c61af2d30597d29361f
0x3bd7c671fa216406e8fed77ff2719fd3b6cd3432,0xf1078c100899326f7b4bd979022f8d8ef0ee3ad1,0,0xf1078c100899326f7b4bd979022f8d8ef0ee3ad1
0x829db27be06d856e1b202ec30dfb14d385f411b6,0x612e2daddc89d91409e40f946f9f7cfe422e777e,1,0x8e47f230c4240138ea7e7d71b0cc18224b40cd43
0x5c7a86ba0a25bf973c03135978e7c4d282588b27,0x9a81a77e0dce160c0c104a986106b2d846053a5d,0,0x9a81a77e0dce160c0c104a986106b2d846053a5d
0x7c3ea2b7b3befa1115ab51c09f0c9f245c500b18,0xb8559af91377e5bab052a4e9a5088cb65a9a4d63,0,0xb8559af91377e5bab052a4e9a5088cb65a9a4d63
0x9692c69f318204585e8846b53b322da784609f5d,0x888886d7b6da5ad0ce1199455acbec1a94814749,0,0x888886d7b6da5ad0ce1199455acbec1a94814749
0x2793534c6be1ead360a32764eb105d749f41ee2c,0x80d530bcd8170e67e6d252dbe65b07f992dcdfdd,0,0x80d530bcd8170e67e6d252dbe65b07f992dcdfdd
0xe504ca8814a32f7605d6477f61718bbc62aed7f3,0x01ad75dc5a57680bd83bef6b9ba91dd21520543f,0,0x01ad75dc5a57680bd83bef6b9ba91dd21520543f
0x1f0717ddc9a530d1a2b0a85a594cbdd7288868da,0x41e12756498322b479f889af2b2f4b29a85d5605,0,0x41e12756498322b479f889af2b2f4b29a85d5605
0xc880509fb14f6e024123a50747dfb17f0841c66e,0x612e2daddc89d91409e40f946f9f7cfe422e777e,1,0xbd49aace68dcb105c59c669c9676f5cf643a1180
0x52a3fc442b15e797ce49da264429fe1c20ad7c66,0x230bff75310590b1ac4b5fd4fb34a7cee8282ea9,0,0x230bff75310590b1ac4b5fd4fb34a7cee8282ea9
0xce0c2305da6a1c56a39c61bc061b3efc7220160e,0xa6ca2889af32fb8e9a96ee5a3fd0f9fb892b585b,0,0xa6ca2889af32fb8e9a96ee5a3fd0f9fb892b585b
0x127fd8cba0ad9d10d5a4232b0162dea342b4ffcd,0x328ee34a001197e16aa0e3454530c23dcf7a041e,0,0x328ee34a001197e16aa0e3454530c23dcf7a041e
0xcb9302da98405ecc50b1d6d4f9671f05e143b5f7,0xf446563d6737df28d0fde28c82ce4f34e98540f3,0,0xf446563d6737df28d0fde28c82ce4f34e98540f3
0xfe1930dfc30673bc1f5c385363b7803911f2bb05,0x72d052802a54a885d77324eb71520ac60b5446c1,0,0x72d052802a54a885d77324eb71520ac60b5446c1
0x1b2f49687554b9fa798fa0ca069beadc02c83d59,0x142381d32451f24b02809503e7b39be1769d17da,0,0x142381d32451f24b02809503e7b39be1769d17da
0x8737739a88db011ed007c6cb1d93e66ac116f40e,0x9c6a5cb373b26774a3f91d13a8652db7618a5200,0,0x9c6a5cb373b26774a3f91d13a8652db7618a5200
0x5b8707c4543ef36224126a20ec19c8e500de571d,0x612e2daddc89d91409e40f946f9f7cfe422e777e,1,0x25ddfe262ccf61250e90b5a0a8df1c15eed4511a
0x58c66ecf51bf224d01ad9baa71558587131d4cb9,0x612e2daddc89d91409e40f946f9f7cfe422e777e,1,0x8899730d39fdf2a7721c777e595d3b31d5d896b3
0x685759b6b8204b7efc289cc832f9baf3810838d9,0x3f35a01f3cbc4d62a49085497afda768c73a91cf,0,0x3f35a01f3cbc4d62a49085497afda768c73a91cf
0x7a55fd08f6e2835ec917063902e2334e8f1d212e,0xb21908ab58f43b3a0a5ce6b22331d15d127baa05,0,0xb21908ab58f43b3a0a5ce6b22331d15d127baa05
0x7bf202b8f27e5266a27b3ff35f146beb4121a9dc,0xe6e1af752e9aa417db5bd027d11b5ccc97bad9b9,0,0xe6e1af752e9aa417db5bd027d11b5ccc97bad9b9
0xafde9b5298daa92627b8bda937ac87b5aaf8fe33,0xaef3e8c8723d9c31863be8de54df2668ef7c4b89,1,0x1a4b0923b0f150b5fa8cdfb2138d0d78b1ec85fc
0xc40542b7e02a6133f4e9ff0780d6f93c49ede1f7,0x48993460e3b2dbc7fc5289a608208f2c0c0e8dd4,0,0x48993460e3b2dbc7fc5289a608208f2c0c0e8dd4
0xa40653d3970718f63e51aa15a82af69ef615b714,0x289314cd8d5147e32ce3f32fd030467df92d57a7,0,0x289314cd8d5147e32ce3f32fd030467df92d57a7
0xeddb11ab7ff8ff8336cca77adf5710a42d60ebc1,0x5dbc7b840baa9dabcbe9d2492e45d7244b54a2a0,1,0x9af70d31e162ec12381a6480da19e570909b037a
0xf0a4e740122d12ea45ae5f25a40cf57a794da167,0x595969b1ea6e31f23c0e34bf43142219df607d97,0,0x595969b1ea6e31f23c0e34bf43142219df607d97
0x7e7d01e39ae07ba3653ae967ca35abbe73fd5b44,0xf86a918e487e0e942db3e48a9f3b86c5bddf8446,0,0xf86a918e487e0e942db3e48a9f3b86c5bddf8446
0xb6a37b5d14d502c3ab0ae6f3a0e058bc9517786e,0x48dcfd6fe331348600a377dfeb0ab3db0a415f88,0,0x48dcfd6fe331348600a377dfeb0ab3db0a415f88
0x3999877754904d8542ad1845d368fa01a5e6e9a5,0xded150f6c599b08950919cfb0b97516b6235a36b,0,0xded150f6c599b08950919cfb0b97516b6235a36b
0x52f1c81411cdce3eb533b5985f654c3016a15eda,0x58a41207a3bf0e4b611ebca9dafd179e1904d271,0,0x58a41207a3bf0e4b611ebca9dafd179e1904d271
0x25a573f2942b0e15da8161a61880444a7945460a,0x646ae8d95575561fbd03f2490122d8fb2f4f41e2,0,0x646ae8d95575561fbd03f2490122d8fb2f4f41e2
0xe128ca01cceb08f1b0a58c628d841bc0ef0a4b80,0x82c5960400ad09778f4529e897f119bdaecd23e6,0,0x82c5960400ad09778f4529e897f119bdaecd23e6
0x7a5379412af78e7e448f712692f677a9c420e51a,0xe1ed598ddfa43672671b3ce4226e32002091bd33,0,0xe1ed598ddfa43672671b3ce4226e32002091bd33
0x94e93c4bf6f051768fb579acc7d0de361d0b9c60,0xaef3e8c8723d9c31863be8de54df2668ef7c4b89,1,0x956ac7e4af74e2ada49ac0d2964014bc1bc6d9fa
0xd7ae29faef458ff3d219342fe8926d4ac11eecaf,0xf2962cf9e540382230ef09c5dd3c803eeec7dcea,0,0xf2962cf9e540382230ef09c5dd3c803eeec7dcea
0x00875a0d9f698c514cded8af79df2207ccbe9b92,0x8049fc710d4a1deea6a6bcef772c166ced7a82f5,1,0xf2ce910fb11ea4abbf7ff0ecdb80527f12f63165
0xa06f09ff44f3697c2085be00307e56be7c15495b,0x612e2daddc89d91409e40f946f9f7cfe422e777e,1,0xf4ba6a0cebd72cef4c8d7c6b621abee25d263353
0xba32beeecfce75adadf293c64b15edf8c2d27d04,0x0427d41e1394e115a6715a9df9f374f9cbb270f5,0,0x0427d41e1394e115a6715a9df9f374f9cbb270f5
0x87532af53fe70aca749733196774619ad86a81e0,0x6e42262978de5233c8d5b05b128c121fba110da4,1,0xcd6232c5de1d74fce905a2c8df8a941f480732fc
0x1f3fd489a4a183e823bd502afa699a3cb45eef55,0x3543538abe754a5edbb3c97736cae4b30a77e0ba,0,0x3543538abe754a5edbb3c97736cae4b30a77e0ba
0x1c218412046fdfcd561806be1dcb2c94307be625,0x7b2a1f2a0f961fa57b33383879171adf910ccebe,1,0x47144372eb383466d18fc91db9cd0396aa6c87a4
0xcf9cedff1079f40e8be5f88cf721aba57648700a,0x000000f20032b9e171844b00ea507e11960bd94a,1,0xaf9be845fe48af334dc7afcbe2ac301b7b390d37
0x20895578f8ecff6ab34c9928544077ff595f177c,0x169ee6762811ab9bc59a609331bc721d9f0cd56c,0,0x169ee6762811ab9bc59a609331bc721d9f0cd56c
0x74c093fd987fff140677aa83b6cc4680b8ef2956,0xa6a4fe416f8bf46bc3bca068ac8b1fc4df760653,0,0xa6a4fe416f8bf46bc3bca068ac8b1fc4df760653
0xeb5d3d7d2555f511a079350694d6827469d129a2,0xceb4d728b534281aa903d49edc7dc8fe90526fb9,1,0x47c7c921adf8b09e24efac584e2064e34cbb1b6f
0xd37438d9bf55216e3a087dd35fb7b5c1ea59b1f0,0x2151bd9a996d032a8157ba8407200cfc6b13a85a,1,0x47c7c921adf8b09e24efac584e2064e34cbb1b6f
0x0aa506c7beae72b0627e0b5d5de4a91910b785c9,0x612e2daddc89d91409e40f946f9f7cfe422e777e,1,0x07282055d71f53ce10543749f0030a65a679a429
0x71d1e9741da1e25ffd377be56d133359492b9c3b,0xa84dd31bb6f47fdd9e75c5d659b0db6d62a64a3a,0,0xa84dd31bb6f47fdd9e75c5d659b0db6d62a64a3a
0x46dcc920c112f74162d7b16e55e8dfe38ad730ed,0x612e2daddc89d91409e40f946f9f7cfe422e777e,1,0x22c6997da3386eb12eaf99f43923f4a98b052b96
0x5e287ec44eef8a1ea65ccf6979dfe0a90d9ca69c,0x236fe5aa9b95a11ae668f4b8a31ffe018082bc56,0,0x236fe5aa9b95a11ae668f4b8a31ffe018082bc56
0x1a58ebd78f2a5a3bb34c7bf39dc7d4b9de43dff0,0x612e2daddc89d91409e40f946f9f7cfe422e777e,1,0x079073fb29f456d74ab5f49d7106e378205a346b
0x605c314a03c5ac2c704ef96b7d533994d19cc84e,0x612e2daddc89d91409e40f946f9f7cfe422e777e,1,0x321191d4c161a0eca8e4d9de044452b7c38376e1
0x0b225141c94ff6bafe2ee21d564cb10de76263da,0xd33c68d15b592f210fce56f07cb75204aa3915a7,0,0xd33c68d15b592f210fce56f07cb75204aa3915a7
0x71d427598cb111217ba2ea1982222c4a25beddfb,0x9a96a172d133552c9112a880e468423b0e2104ff,0,0x9a96a172d133552c9112a880e468423b0e2104ff
0x171d93b5fedb8049137cc5ec57bfedf2613fceb1,0x612e2daddc89d91409e40f946f9f7cfe422e777e,1,0x63dbf9c08484ee754f323c9bf56e06c52e126aa7
0xaedc3a0704422beac1c738bd4a44cc26f760f9ba,0x000000f20032b9e171844b00ea507e11960bd94a,1,0x8858fb02a235465d5ddacdf3250d62e7c8632df4
0xa2962687e7b4a7610e84e857959fe559239fdfcf,0x4f92ae4960a6ac49fa88bcf9d6d4b8c53f626a55,1,0xac23424286868c71cfd7d46f8d5ff6ec12937b62
0xe5c0b0efafee2016bf179048c6b34fc27537a56f,0xb5102d8abe09650e5f18248b18c09c27df1765b6,0,0xb5102d8abe09650e5f18248b18c09c27df1765b6
0xaa18d5a6761ad36ad4d529285e6b3386f5150acc,0x000000f20032b9e171844b00ea507e11960bd94a,1,0x1dfe1271d3d11f0243bc39b12640debbcd0faede
0x133eba1e8a2aae32375a00fc1246140e3594531b,0x000000008924d42d98026c656545c3c1fb3ad31c,1,0xf371ff594f17d7a8cde2045d54598e18741c22e8
0xbe1e9fe07fd44d73aceb2026ce83e7a74da010ce,0x612e2daddc89d91409e40f946f9f7cfe422e777e,1,0x52996406a77bce1a45290061bebe31a842ca5618
0xd2b5d5e9f60766e7821060176b14b611023de8e9,0x612e2daddc89d91409e40f946f9f7cfe422e777e,1,0x58fee6f28d7fd70f8f66b584f411dd66a6102e12
0xb6754d31f8cb75a8874d79fe58034b174bbaf90b,0x6faea455ea5309259cdfb076caaf779488ddf8de,0,0x6faea455ea5309259cdfb076caaf779488ddf8de
0x5cfde829dc7b7ec2ac0e91256b515e7b71a61ed3,0x000000f20032b9e171844b00ea507e11960bd94a,1,0xae9b73ee888ffb7cf452f6a7b900cca087454bbe
0x47e4a176dc66318215b0aed70c90451952b47f9c,0x612e2daddc89d91409e40f946f9f7cfe422e777e,1,0xce1966d5329bc0f3043dc09c6502c237d866ab05
0x93917c52925a93508d60c0de7a3d29d48725849f,0x000000f20032b9e171844b00ea507e11960bd94a,1,0xcd72c4a42f3b18897c91b4c88912beb58e42a8c4
0xe876aa5e50aba1b56fa823a5b78a881605fb1220,0x612e2daddc89d91409e40f946f9f7cfe422e777e,1,0xd7ff1827e04ad06f2c6ef991550d87ce08f2f043
0x0a16e299bd4c09c7c552ccb800ff6960a5909cfa,0x612e2daddc89d91409e40f946f9f7cfe422e777e,1,0x91cc7e95ce55a28cfc6d5c0bf93e637ea714f85a
0xc1dd2b220559d44dab31f753becd4b030faa5ef8,0xe981e1060d44debbdb851efc63ee79db24c2b6a4,0,0xe981e1060d44debbdb851efc63ee79db24c2b6a4
0x23b5f4672071c00d081bd9bbf3b4936a0eeb8e29,0xc1fee758e6335c30ba68975225184cf4427fbf0f,0,0xc1fee758e6335c30ba68975225184cf4427fbf0f
0x85fd7055180fd5542deb2fab3cae5e1f12198540,0x612e2daddc89d91409e40f946f9f7cfe422e777e,1,0x63cd90daaadea4c48e7ab845158d411b40b55827
0x64c27b990b1994923b735022f0785cef20ef3e39,0x000000f20032b9e171844b00ea507e11960bd94a,1,0x436243bbec4e85ad349f397a854c5807028c2472
0x790b2cf29ed4f310bf7641f013c65d4560d28371,0xcac7c29bac18f080b98a3076b4e165886f509251,0,0xcac7c29bac18f080b98a3076b4e165886f509251
0xce00345415beaed07a859073341949538c7d8754,0xe3feb50cfefd2f2901987fbe1d5a000654cab62b,0,0xe3feb50cfefd2f2901987fbe1d5a000654cab62b
0x1b273bb0fdc2bc478ebf448b73695478ecfeedf0,0xb7d3a787a39f25457ca511dc3f0591b546f5e02f,0,0xb7d3a787a39f25457ca511dc3f0591b546f5e02f
0x2e006cc67e282e1c92692e796287e269665c1741,0xeac5c91a8d0b51793fc2df88f2f974ee28ea5437,0,0xeac5c91a8d0b51793fc2df88f2f974ee28ea5437
0x3b8420eb6ef77bc25025b32d8205cde2683f979e,0x53aa300ce82ca55217c28c1db8b60a2a45f96967,0,0x53aa300ce82ca55217c28c1db8b60a2a45f96967
0xf53b18570db14c1e7dbc7dc74538c48d042f1332,0x7789818791c12a2633e88d46457230bc1d9cd110,0,0x7789818791c12a2633e88d46457230bc1d9cd110
0xcf96a0c4281f0b7e617442d805714b78b7e4874c,0x6a89560c4acd7100a8bf099819d213261865a346,0,0x6a89560c4acd7100a8bf099819d213261865a346
0xd530ff7916b381d10fb048e6d38c0de882a20f15,0x3f6c277c6b50d30b8464253f78873d7f2329e431,0,0x3f6c277c6b50d30b8464253f78873d7f2329e431
0x5e44d0ff8e1f32e0ad61da2e237c8333adc21617,0x612e2daddc89d91409e40f946f9f7cfe422e777e,1,0xf8a549f119481d98b54ae374f956b0bf64f27ebc
0x0d5b7ee9d6ca783eb9446a22991ced70c8f13720,0x3b612a5b49e025a6e4ba4ee4fb1ef46d13588059,1,0x16f192316bf15979c0fbbc3b37989ea2f3445180
0xa50aae03b4ed2bd5554dcd34b98b3b9620370b28,0x3b612a5b49e025a6e4ba4ee4fb1ef46d13588059,1,0x816adf30d4abc79f6b3a566ed29897c6d7bb919d
0x118aed2606d02c2545c6d7d2d1021e567cc08922,0xdecaf9eb81d2e2289aad58f4df641a5a44bd84ff,0,0xdecaf9eb81d2e2289aad58f4df641a5a44bd84ff
0x8df9b28b2499c782d0d3135753fd58e3591fb54c,0x3a5e247429201d70fae0ff28e41fd8a1ca50af5a,0,0x3a5e247429201d70fae0ff28e41fd8a1ca50af5a
0x9ac3a39dd4d32a98a6839ae3d2fc2d1a57c99662,0xe5f6ae79926378b5543f2881bd3e062667afbc1c,0,0xe5f6ae79926378b5543f2881bd3e062667afbc1c
0xdc4e9cef6e892e779a3b0ead40851f955239f707,0x612e2daddc89d91409e40f946f9f7cfe422e777e,1,0xf511d47077e4090402426c90d0de5274f0f96b1a
0x8c0c2e1374dff03b6f070a1420c63779d6c7b0b0,0x612e2daddc89d91409e40f946f9f7cfe422e777e,1,0x007f6d2808d556c665864f32df11a044e6b27c21
0xf8cbf0b663f016dc6afde555e9f254d859724eef,0x19478179ef8bb7c4792a4041903080e097d137dd,1,0xfeb2c681420418a0160c367ce121c15f69eb3c4c
0x549f6154677090eff0c3728db41d0b818b55f034,0x23d995a38a2f42933d2e900e6647d3ab86654cd3,0,0x23d995a38a2f42933d2e900e6647d3ab86654cd3
0xe9b00ef48ee4ee8499377e3ac957bc22206734b8,0xd08bfa318597cd5a7532d1b5f25693d8509181f0,0,0xd08bfa318597cd5a7532d1b5f25693d8509181f0
0xc7864fbccd0687458d00d08cbd5a2fcb130edf57,0x612e2daddc89d91409e40f946f9f7cfe422e777e,1,0xa728da5f229b59fc8df19af2f1bcece8ef7a5bf9
0xf7aba9496ab0d6b030a1e5a9bd4e379dcbb64064,0x442295de8a31d65026dbc09c29d469f6854f188a,1,0xaed7325cc3c864c0b2d8043a176139e3eb726214
0xa6a6d0db3b8cbaad145aece9aff84ce164008f1e,0x000000f20032b9e171844b00ea507e11960bd94a,1,0x64ba36216c6cb089ceacf36d7196e57f2cf729d8
0x55f969df5af3803ddddb26bd48f81f2166232c6f,0x7ff64331c5b3e62209e309462a3f2ea2e2421548,0,0x7ff64331c5b3e62209e309462a3f2ea2e2421548
0x92246b9ba5311ee57301dc472d0980d7bfd4187e,0x000000f20032b9e171844b00ea507e11960bd94a,1,0x1dbfb16f4b2e269d56d5f5a03642286b41f40cfa
0x87305e335cc8ab18a40a9e2d40d3e0a0a24cb3df,0x612e2daddc89d91409e40f946f9f7cfe422e777e,1,0x5568945b2978f255e653f364acff5c1aa85d83a2
0xb5cd1c933786e417624edccc97f466be09c01222,0x000000f20032b9e171844b00ea507e11960bd94a,1,0x66b9ea7433358fbf98b9b2789497a6cfd31d90b7
0xbb3b989a83c3b07d7751f6a1a32a0324a9f5cade,0x000000f20032b9e171844b00ea507e11960bd94a,1,0xc2956d6bf26bb4b70a12b97be6fe4953acff2f69
0xdd545d4f9a6ad970709e0cb53740e0c182a064e4,0x000000f20032b9e171844b00ea507e11960bd94a,1,0x575c0406a1c29d647f1d0a4d0b6370403f5dee05
0xc458955061eba0c35f06865fb19f6c1f659ac337,0x612e2daddc89d91409e40f946f9f7cfe422e777e,1,0xd7eab2b9e784779968a0b75bf0de96cc2e1fef1f
0xc31085b262b3d57c649f8747e4f083685697176e,0x77773f1e2ca26c2bd69e06e65d51800fbef1b468,0,0x77773f1e2ca26c2bd69e06e65d51800fbef1b468
0xe1d831ee54f88ef03fd7f5a15de943baa4d19070,0x1b8556bdc549d20de33ecba674cf3bbb88cfed0a,0,0x1b8556bdc549d20de33ecba674cf3bbb88cfed0a
0xabf1777d0dac4c31df5293e90b81e99c66bbf4e0,0xe830c0d6b74e1dc2767ea3b36f8eb359188b3d90,0,0xe830c0d6b74e1dc2767ea3b36f8eb359188b3d90
0xde09b87e50f65031df6a3c3aa0e2f0efce5e2cf6,0xd357ed08fb92e5eefdaffc6f5c9d17a95ec297fa,0,0xd357ed08fb92e5eefdaffc6f5c9d17a95ec297fa
0x49dd4a13fb4773cdba4d29610ec66c8cd0cccf76,0x3b612a5b49e025a6e4ba4ee4fb1ef46d13588059,1,0xc8bb6c82e3a9af7dc2e9484a8bd6e9de0d252994
0xa20806e74a1f15c487ee052b7d04c0a2ecb88f28,0x8e76ad190f259cd5444a642cd897896e6511d215,1,0xdb142cd2bd88656d77bb440a8ea8cd33da027dc6
0xcb6cd1bb4a2683b2ecb16e0548f9a9afd2f8a2c0,0x53638975bc11de3029e46df193d64879eaea94eb,0,0x53638975bc11de3029e46df193d64879eaea94eb
0x4ad98b1926dd8fca10da8a8dfd806f28f81e8712,0x17ef7faedeabc13ba87aaaad76e9527ef250b4d6,0,0x17ef7faedeabc13ba87aaaad76e9527ef250b4d6
0x3cca2d5cdd5d65fa2967e3c19f94e8f0d2a7994d,0x0dd1054cc0eff9864a3c65efd4ba17cdebff49ed,0,0x0dd1054cc0eff9864a3c65efd4ba17cdebff49ed
0x99a9b7c1116f9ceeb1652de04d5969cce509b069,0xb8559af91377e5bab052a4e9a5088cb65a9a4d63,0,0xb8559af91377e5bab052a4e9a5088cb65a9a4d63
0x01c72ac00162bd862b1eba38a1790e979869829f,0x8f9672adc55f8f5f840e2aed9338b8e8c11188a9,0,0x8f9672adc55f8f5f840e2aed9338b8e8c11188a9
0xc0dafa51b382368930294c7d29a5c40193f80680,0xd15d229fd52240f8030fa4694294189ed1dfbe4d,0,0xd15d229fd52240f8030fa4694294189ed1dfbe4d
0x007f7735baf391e207e3aa380bb53c4bd9a5fed6,0x4e59b44847b379578588920ca78fbf26c0b4956c,1,0x1a5309f208f161a393e8b5a253de8ab894a67188
0xf01cf65562dd7152b70b8d07158ae48fbed202fa,0x612e2daddc89d91409e40f946f9f7cfe422e777e,1,0x5e186a21d7c61ef961431f528630af583b907e4a
0x9ce07b945b4cb912e338d141cf95e9636bf2e836,0x7caa2d25de293e2329795a7c9990fc39ac35f3e3,0,0x7caa2d25de293e2329795a7c9990fc39ac35f3e3
0xc12a27cd6e54b8f89b33e553d4095fa9b349aa46,0x2f0607aa5d12743aef4e8c642b5d94374588558c,0,0x2f0607aa5d12743aef4e8c642b5d94374588558c
0xc6b950d55109d493bf3e5d4dc06b9f5cb337dbf0,0x7979dbb8001e49561dda0d9731d86250f71d8014,0,0x7979dbb8001e49561dda0d9731d86250f71d8014
0xb0a4143d0759aa00b91a5e809edface193e979df,0xa9ae80450e728734676ffc209014af4021ed1a7a,0,0xa9ae80450e728734676ffc209014af4021ed1a7a
0x71bf2a579610b6767594e5b7f43b1bac36326637,0x6faea455ea5309259cdfb076caaf779488ddf8de,0,0x6faea455ea5309259cdfb076caaf779488ddf8de
0xcb8fc083cbe8e486e2d18e11ae56cd76fe2c45df,0xee3bd3e135a96db29b5a444df762730c8bbf162a,0,0xee3bd3e135a96db29b5a444df762730c8bbf162a
0x4b3887515cd5a0deeabd6b59f0b8cc87d3608c95,0xbd40d5aff339f13abfaceb9dab965f748eb2b96a,0,0xbd40d5aff339f13abfaceb9dab965f748eb2b96a
0x2cb42634cc1d3194a3bae74948a1eacfa2a18f29,0xa7e68700499ebcc36a00c9a595f2aeffb688041d,0,0xa7e68700499ebcc36a00c9a595f2aeffb688041d
0xd6b228d9eb4b7129de0dac548e06a381dd1c912e,0xeb204ecff39bf3ec4cdb3becb492a1b510c67264,0,0xeb204ecff39bf3ec4cdb3becb492a1b510c67264
0x624eaeae9a15a984e1fc2f970443b94d188c8dec,0x612e2daddc89d91409e40f946f9f7cfe422e777e,1,0x28fedcc4de3cc579031f93bb6392bcd47ccd91a4
0x0d8f1f041eb34cc457cd4f3aa81a01eb505d83c6,0xaef3e8c8723d9c31863be8de54df2668ef7c4b89,1,0x57061d278822c36a16838026fb82948d20ae673d
0x2103fc8ef6bfa752d9b8008ca87484707222b9a0,0x612e2daddc89d91409e40f946f9f7cfe422e777e,1,0xb3eaf12a04d9e9df7efa681a92043ef4371ed6fe
0x853806fca5ee8a6ac99dc84a8e3596a4f6541796,0x69254608f6349b6a6eeff53c1ab3c009699514ea,0,0x69254608f6349b6a6eeff53c1ab3c009699514ea
0x5ac892e71ccd318cc783aa68d3033aef44f3837f,0x02a0c1d47714a9b273a3c96ffc2fa56579fa2fb3,0,0x02a0c1d47714a9b273a3c96ffc2fa56579fa2fb3
0x76f10dc709eaa252a4be7e12a8e6d5276504acf5,0x269c6ba1e70eae28d87d3afe48786b9083efc659,0,0x269c6ba1e70eae28d87d3afe48786b9083efc659
0x91e00a96238ebc74e700b706bfb301d5fa57df47,0x153002a1aa045a92317cb58893a5e2907ee3f421,0,0x153002a1aa045a92317cb58893a5e2907ee3f421
0x546a64d9da3a7ee7fbf55e9c9aac7fe206d81c2a,0x5dbc7b840baa9dabcbe9d2492e45d7244b54a2a0,1,0x027f622f3c32a999c273f03b112ca4b3de5eb06e
0xbbb4ea61dcdf30001c068affb40c1e05b2a0d750,0x612e2daddc89d91409e40f946f9f7cfe422e777e,1,0x5231b639babbd14c518176f12a6bb8cd85fd6e70
0xe18814182f0dde1f2ee059ff75fd17acee34430c,0x612e2daddc89d91409e40f946f9f7cfe422e777e,1,0xb490efdcd9894e439b959d48784e6ac4ffd70727
0x20fc534aeb2b3053d3e3026d541a8a7e2982d311,0x612e2daddc89d91409e40f946f9f7cfe422e777e,1,0x36ab6423f7a846bf8328bf1bd2e0264efed09817
0xe6bc938464d1b569945e548738e4778f0078477d,0x3e52531da35868993865c76e2851918c925d40c9,0,0x3e52531da35868993865c76e2851918c925d40c9
0x9a2520c7d146559cc7b5542e932b119e4946ccd2,0x039c43d65ceca9591897b9d37695122eb3212574,0,0x039c43d65ceca9591897b9d37695122eb3212574
0xce6c605d17c04e553a097c6b8cf028d46510811c,0x4be4702792c1932f42f525a3eb63a373ab2b0ffb,0,0x4be4702792c1932f42f525a3eb63a373ab2b0ffb
0xf92bc11c059f930708999432496a61a52f93df42,0x89c2fa84e086462be3773e15d5d8feeae8e1f44e,0,0x89c2fa84e086462be3773e15d5d8feeae8e1f44e
0x6501856456ffef8b6b8422da022a3f4437f16419,0x000000f20032b9e171844b00ea507e11960bd94a,1,0x4c6c6eabf9d199163d7a0af06ce3d9c4b8c4befc
0x41652b694c836eefcb8e378a22abb9f2af2c8d1f,0x000000f20032b9e171844b00ea507e11960bd94a,1,0x745179c932a30c4256c0d98294353482d84812bb
0x6ca993c0f3106312cab73eb8111940f9a1bf05d2,0x000000f20032b9e171844b00ea507e11960bd94a,1,0xeb75fc00d21b3c72d11993bf54df497ce82c1f4c
0x6bf14d09f5600ed683abce94b6c43f7cb429d308,0x19478179ef8bb7c4792a4041903080e097d137dd,1,0x257984b6b5bcfd665532649450242d4df1eb304f
0x8c197e889477a2d74587d301063e08a8f97a949b,0x612e2daddc89d91409e40f946f9f7cfe422e777e,1,0x2b9635abb2ab0863cfe9175d0759d62b7f71bc3d
0xf3e3e835a262353ec96c32c933133ec320bb3c98,0x9fc387fd11df91c05f59edb0419278cea50ad77c,0,0x9fc387fd11df91c05f59edb0419278cea50ad77c
0xc3ead1b8007dce54fdb40840533a7b471937edf6,0xb2019531de3bfda451668acfe40fb3aee59975b5,1,0x702978513902ece88ec47a0a967796707fe7762a
0x83f97baedc513924fcf1ef5cdfe85306b696badd,0x0000000000aec84f5bfc2af15eafb943bf4e3522,1,0xc8fe8f3a13339aa7e8e64d301627a5117c308d2e
0x69fe6005cdc96a2758737ca994c2650599ac8af7,0x612e2daddc89d91409e40f946f9f7cfe422e777e,1,0x45ebb547ff2c4c13ff5fbc309b893a2b7da74718
0xd0e512d564664f9833ed379a9e3be96fb6f5b98f,0x2b29a54bc2b62a2badf1c2090a07db84f19976db,0,0x2b29a54bc2b62a2badf1c2090a07db84f19976db
0x7ee195e970a48a579753591b167e93ff3cf77179,0x000000008924d42d98026c656545c3c1fb3ad31c,1,0x7f8a4aa58538966bad9085911c72b0de63c2ac48
0xac6f08b923a0631a4f436bf3afd29c38349093cc,0x707e25f10e3ccac99cf8261495eedac74bc6ee8f,0,0x707e25f10e3ccac99cf8261495eedac74bc6ee8f
0xa1ea6718af05b82456ba024d5dca74e54e59a1d0,0x2d63a6ee734287955edc1201ef3344e5fe7e2847,0,0x2d63a6ee734287955edc1201ef3344e5fe7e2847
0xdf686b3eae2c1b576f0570f1f2c516fee03987a8,0x710e1d3683d7709fec0bc81d0d5a50647052cb89,0,0x710e1d3683d7709fec0bc81d0d5a50647052cb89
0x428f94055ff5d90fa81f3d5dc49b2c8990ed9eb1,0x3b612a5b49e025a6e4ba4ee4fb1ef46d13588059,1,0x688d97023329d17027dde76ba4d42ef11e8ee46a
0xf4fdfea5bd717558eb9096e6abe7b5a84af02865,0x3b612a5b49e025a6e4ba4ee4fb1ef46d13588059,1,0x9c748a6b2fd26757f6d15b82f4bf7f7aef66f4bb
0x920a8d9e9f0defd6f86e4388a5503b04cac83b57,0xddb08939f7c3b9ac229b238eb913cadb9d90d534,0,0xddb08939f7c3b9ac229b238eb913cadb9d90d534
0x8e4c061b1ed11e809b2ddfb46890aa16d2f3acd0,0x3b612a5b49e025a6e4ba4ee4fb1ef46d13588059,1,0x29a8fcdbe61302b42b05da77c7db2ef21ff630ca
0xbe06f5940a897230f54754797e672e76d79e9257,0x3b612a5b49e025a6e4ba4ee4fb1ef46d13588059,1,0xc0f23b710b3cbe3be2250ec55ecc619036691fa9
0xc9a91ac18b353a813fb9a04c089542d24912d083,0xcb1739bf14555586d71b17bf97beaff11aac5d62,0,0xcb1739bf14555586d71b17bf97beaff11aac5d62
0x4d9e68d774b85356a1854e00699b32ad4ee9aa2c,0x6e42262978de5233c8d5b05b128c121fba110da4,1,0x7a0fd74b7f1fa3736082e705a3d1a9d0f8820e59
0xbd8bb6bc2e0a9f0ab6fd3fd99c46561477dd3f21,0x000000f20032b9e171844b00ea507e11960bd94a,1,0x34edb5dc59f51989a710f40b0483dac75c2bf59d
0xd53cc084daf5b11d344e9f12eaf75391272b0e80,0x000000008924d42d98026c656545c3c1fb3ad31c,1,0x73376ebd348e8d62e20753aea1fd176ed937bf4b
0x80d6b344908169c50c951c8807ba86940f4259d0,0x348f13795ceb4b49f668a2cbf6dfee4bc7138b2a,0,0x348f13795ceb4b49f668a2cbf6dfee4bc7138b2a
0x8e8329b9db0b7f5f55ff343ae4d3fe96708987bb,0x612e2daddc89d91409e40f946f9f7cfe422e777e,1,0x9eddafc59b40b6b1d57157e420f758de11ac141d
0xd3712183780b43f233e9d48de0cd4f11ccfcbf1f,0xa8f7205cf1310d84da2d3698854de154d7dfdec7,0,0xa8f7205cf1310d84da2d3698854de154d7dfdec7
0xe394d7106eef75db75a6e4b74c6e9dcd40cfe412,0x000000f20032b9e171844b00ea507e11960bd94a,1,0x4c0c956d34db53b565cf96f63d52bcecdd020d79
0x933ae82d327cb429942559ad293f4275040eaa54,0x612e2daddc89d91409e40f946f9f7cfe422e777e,1,0x69f80347143f81267d291e62f8e5d0edbc32b1ab
0x0164282cab9f9b4926acb04cf7fbfc34721abf8e,0x612e2daddc89d91409e40f946f9f7cfe422e777e,1,0x50538f9c1582bc1e7c4b5498b9a730506d8efde2
0x62c1b10bfbcc2a1dc9817ac014f7b9fcbd727cca,0x000000f20032b9e171844b00ea507e11960bd94a,1,0x5dfcbc6b6ea1abd5c446ee582a152c68987ed585
0xad689fa2315a9d77c168e92adf786f6acf64456d,0x000000f20032b9e171844b00ea507e11960bd94a,1,0x884900d33958fefd6a0edd7dfbe314c6aea2905e
0x026a9b507b200bb93f7984c6bfdffdb2c8773978,0x000000f20032b9e171844b00ea507e11960bd94a,1,0x0a9e15556a0140f5bdbe66a6c4d4af2d711c5dfb
0x519e6e968fc0ac40e0214253910f1a4e34fda635,0x000000f20032b9e171844b00ea507e11960bd94a,1,0x25449b2f1920bef191852f9343b3c87284e75c12
0x3cf254df764ebc8c057b0231786664da3a367f56,0x000000f20032b9e171844b00ea507e11960bd94a,1,0x46fcfd376fc7d0dc5e2d60b1e8bb032e38ef197b
0x03b5c8610fe8bcf0555132c370503f82c75e9ec0,0x000000f20032b9e171844b00ea507e11960bd94a,1,0x0499ff61e66ccd67362aa31177e274e31b0c12ff
0xbaf67c2f09d9b10d39a45e1ba16cf5afbf449370,0x76f948e5f13b9a84a81e5681df8682bbf524805e,1,0xa18ce3df53f695b0fe9a1bc60667c626fccaaa4d
0x07112ab64d2a9d611ae9c95cb1e3e9f6cac74ba2,0xa722163d4eda77703a1f6e952e3f3013e3ca0b5a,0,0xa722163d4eda77703a1f6e952e3f3013e3ca0b5a
0x225db39e2e1162119168f4646f690488619b64d3,0x000000f20032b9e171844b00ea507e11960bd94a,1,0x19785ac3f7b321fdbd5634cf1a657e7a337423f3
0x6134c3c6b51fb9653c15d8543e436776a78536ff,0x000000f20032b9e171844b00ea507e11960bd94a,1,0xaca5935ec0eac8ec922cabb8c3a92ad4cd1d4991
0x948ca41cc6561aace2a86f97dd262db552a33be4,0x000000f20032b9e171844b00ea507e11960bd94a,1,0xd71065e191dca0baa45c75026c133c76e1affd6c
0x060b1ed59118b94777ca623da7f0e71609f73d9b,0x612e2daddc89d91409e40f946f9f7cfe422e777e,1,0x32a4bfa6540758444a31090a5d8ee51a40f48a8d
0xdf7c8574bde6bd07e001f76dba2910e3e17a604c,0x000000f20032b9e171844b00ea507e11960bd94a,1,0xf9b553d6f2c810dfeb6e7b94f407642faaab0790
0x0111dccd47499c34626c3300ae2aa514897007c7,0x612e2daddc89d91409e40f946f9f7cfe422e777e,1,0x538785c65544c252dad4ec378d3e8ad1d2c19b68
0x6ac450f615ef41fad5faac15f67e5dd0a12cdfce,0x712ad4f943be29670596f8f6b9d6485888edf9a9,0,0x712ad4f943be29670596f8f6b9d6485888edf9a9
0xc50e0de33dc874695d2d2367f4579c6440dbc698,0x8c99d57f6c8d8b30a4697292fa8cc34e65ddba4f,0,0x8c99d57f6c8d8b30a4697292fa8cc34e65ddba4f
0x0195df488ddfd354bdce1b837759567bf9c92868,0x612e2daddc89d91409e40f946f9f7cfe422e777e,1,0x6d78b78fdfad5ced626117195c468f0132f3eb8f
0xea7abdfeb8426ba91e80a5854f026398e875bf1f,0x612e2daddc89d91409e40f946f9f7cfe422e777e,1,0x3bfa8f12539a214a845599f211ca21774afe0479
0xd6ad7d6d63d05af2b682ec53ae3a491b32424827,0x000000f20032b9e171844b00ea507e11960bd94a,1,0xb8e86cc85e97e6f3484466901a39ced09acb0b7c
0xc8f6cf7ff4a1fa7f3c3138b6fb7024fb8f1157ce,0x000000008924d42d98026c656545c3c1fb3ad31c,1,0x3f224ef6df5a4c4a9f75a6cd52c370d73f2b934c
0x029121e26b850f282418a5ddac7ee8c695a05f25,0x19363a40a5c7914bc6024e983433bf2254841073,0,0x19363a40a5c7914bc6024e983433bf2254841073
0x5c474099adf23d41205f72634d5473f037091509,0x000000008924d42d98026c656545c3c1fb3ad31c,1,0x18dd90d900e8c890128102d2ea9f8c5c48ddae28
0x9e4a6a1f331530c816da99094e8871d41dc14fbf,0x000000f20032b9e171844b00ea507e11960bd94a,1,0x62fe9008c47386b7ae0d087d3f126de8ab013d3b
0x38d41cfb95c03985816c4a94724744590efa96e3,0x5ec945de12315fdb212d0518148e730a4e99176d,0,0x5ec945de12315fdb212d0518148e730a4e99176d
0xbb44d8693b2d797838f9da50df1de65983a65fa3,0x000000f20032b9e171844b00ea507e11960bd94a,1,0x3f7efe2805472c6c5012be69390eb7ae0911558b
0xf68b7b7686b31136a6751cd727f51de847b127a1,0x000000f20032b9e171844b00ea507e11960bd94a,1,0xb8e6edc76fe0da62c012f0b8aa32e6a8ee49213b
0x7d71f6f0f0c996f85783e9d9127f8b4f92ec8df3,0x000000f20032b9e171844b00ea507e11960bd94a,1,0xa291da6d51ee4631a6872e96e2b89231b54fcf3c
0xbcbbb2f3df1c8548e4eb944fdc699c331f0bad17,0x6dc03a62a704641316fc5c9c773d851820e4bac0,0,0x6dc03a62a704641316fc5c9c773d851820e4bac0
0xdcfaa41186af5cf059761921f6ba78f3ddd79250,0x612e2daddc89d91409e40f946f9f7cfe422e777e,1,0x3831ca7c599972e0f4ca6c784064dde15f4fadaa
0x99a1eb7466f9e61b06cac6688a934c793c52a54e,0x000000f20032b9e171844b00ea507e11960bd94a,1,0x57ae16b9726b620f4326bdbb40bcefac013922f5
0xd1f565c00736a45f51be863fa8c757fc1a811d5d,0x536ddc3be14a980d3cd15635b3d05985c297fd07,1,0x77745cd585798e55938940e3d4dd0fd7cde7bdd6
0xf0a57d89bb5faa216642069c4d059c37daa73726,0x558c5c07fe8ae28d15cbfbddf9aa36334b71057d,0,0x558c5c07fe8ae28d15cbfbddf9aa36334b71057d
0x3199abc08b192817303ba7fcd34bd49a948c09f8,0xb1772cbf432411318491b4e5060eccd63392b97f,0,0xb1772cbf432411318491b4e5060eccd63392b97f
0xa2a3e19762826df5842028e5f6c68b417e0aa27d,0x4d473a88dacdda25f4da862c46013324e833f355,0,0x4d473a88dacdda25f4da862c46013324e833f355
0xea4b44c48383c6cdb52ee31eee67bbfcf0a9a23c,0x612e2daddc89d91409e40f946f9f7cfe422e777e,1,0x19bb27344416ca1a0ed0e2aa3a3fc2fa4a222ca9
0xc5e8643abfd9bf6da62099b77f600cab81daa4f5,0xcead03574e4b930ee871bf8bb49922148a63a8e6,0,0xcead03574e4b930ee871bf8bb49922148a63a8e6
0x6f1812cd3dd31db363c6c96d801fcf2b57f33b81,0x000000008924d42d98026c656545c3c1fb3ad31c,1,0xdb6b963bb09c65bd7a55637f8474d7807725d61b
0xc8a57cad4d89cbf9b8894f7ca11981c16dcb2301,0x000000008924d42d98026c656545c3c1fb3ad31c,1,0x57ae16b9726b620f4326bdbb40bcefac013922f5
0xda3edf0fd423004b5b1baff9a20f8cd0fec44e6c,0x612e2daddc89d91409e40f946f9f7cfe422e777e,1,0x6eb6a9a478b2b651953453a7940277d92073797e
0x879c795bdea608a59c18496aca5cbf4e503bf4fa,0x000000f20032b9e171844b00ea507e11960bd94a,1,0x0e5d6d5613419cf008dbacfe955b6eb4fed65b11
0xbccde7608cd94660a7c1cd39bdd5f610dcc6ede5,0x612e2daddc89d91409e40f946f9f7cfe422e777e,1,0xdbc1f0b92e37b01ae58944435d553aa2382eb9d3
0x180c13639abc6f5f451ca525d7ef30fe9d94f33d,0x76f948e5f13b9a84a81e5681df8682bbf524805e,1,0xc601bf2b61dfb9544bf2fc2c6569ad1671a3b3ae
0x5fd0d294034768d253a70e11d2b00057a1be9ccf,0x612e2daddc89d91409e40f946f9f7cfe422e777e,1,0xe38c684ff466f6d14bf0e156fc2d5e6e231aa696
0xbc71c53ad1c2b0dbd4e5f3d308c4ef94911c2389,0x000000f20032b9e171844b00ea507e11960bd94a,1,0x2c33370203e0b1b6d9ca013aa6746f903d5791b2
0x15d4e2b1e61706cce03a8afd82048cf10e0dd692,0x612e2daddc89d91409e40f946f9f7cfe422e777e,1,0x25ed8c347e29849359db12e78c9777fa90c1c9c6
0xc2c7f3312a21d9be0e3580f2809e3b777a1d16e6,0x000000f20032b9e171844b00ea507e11960bd94a,1,0xc60aae6a078a919b8b77884cea7d33074c10c351
0xe775be2e314c980ad2fd7e79568b7b16bd025485,0x000000f20032b9e171844b00ea507e11960bd94a,1,0x64a9af7d3f7d4a033444d8361ae9cf198d7f8f24
0xbda7356cf0f3d7277e5d4b1a5f657771e2f848cf,0x000000f20032b9e171844b00ea507e11960bd94a,1,0xa49aa31775a786ddd3c26b1a78e81295f3192696
0x291b7e72634c432ff1e9d07ed1152b7a22866994,0x000000008924d42d98026c656545c3c1fb3ad31c,1,0x6e3cc2de216de17680889d842ddbdb8e5084b34e
0xdfde78d2baec499fe18f2be74b6c287eed9511d7,0x314adc3d43b1dd7b40bb8b51e38a576cbb5a7b4e,0,0x314adc3d43b1dd7b40bb8b51e38a576cbb5a7b4e
0x36a196993805e2e57411250864e2faafe33fb945,0x2fe1efcde217ee4e436fb2bb89fa2a77f3f11db2,0,0x2fe1efcde217ee4e436fb2bb89fa2a77f3f11db2
0xd24fef32ff28af6056e143624d8f5fbc6d5e0270,0x3b612a5b49e025a6e4ba4ee4fb1ef46d13588059,1,0xe97285d2236d0e2bae368c211dddb98dc3f578e9
0x079ad9907e51ae5195a783cb5bb3a57cdf3bc4f7,0x3b612a5b49e025a6e4ba4ee4fb1ef46d13588059,1,0x0b2095ed0377f44e7ee71883469a2983b8ebc96c
0x4e8a5e236c29e40a9267e2d2ece68d87e69db3d3,0x3b612a5b49e025a6e4ba4ee4fb1ef46d13588059,1,0x83f6f2a87c5a18eb9a874f0a6b5e1bfdca3e5451
0xdbfd76af2157dc15ee4e57f3f942bb45ba84af24,0x79d922dd382e42a156bc0a354861cdbc4f09110d,1,0x868964fa49a6fd6e116fe82c8f4165904406f479
0x6c415673c79b31aca38669ad9fb5cdb7012c0e8e,0x79d922dd382e42a156bc0a354861cdbc4f09110d,1,0x868964fa49a6fd6e116fe82c8f4165904406f479
0x11b197e078e41af41bc1d9e03407090e61e40baa,0xa6d5b0c9eacd4e301e95a977f7c853ebbf99d790,0,0xa6d5b0c9eacd4e301e95a977f7c853ebbf99d790
0xa483f9dbbd270aa80a2bf374699367b325038b55,0x3b612a5b49e025a6e4ba4ee4fb1ef46d13588059,1,0x58136e0909b71981f1a37f1f87859c562ed3657a
0x2d841db5308768ad23d6acf247ff605f1d22c06d,0x11f46fff2624737aa0d38507e761b6ef770eb94d,0,0x11f46fff2624737aa0d38507e761b6ef770eb94d
0xfeddc1448eb4480714a9942ba28a27b16caf9ce4,0x63cebf5d0f4a8e63acd50f0cadd8dbb96b8d6466,0,0x63cebf5d0f4a8e63acd50f0cadd8dbb96b8d6466
0xf36b0e163c41e4702e8900728d1e1e1e65344103,0x91b52e9833dc4c681b5419f3e96093e85bbe8f91,0,0x91b52e9833dc4c681b5419f3e96093e85bbe8f91
0x06bec36c2550dbb9dc6bcb56029072afeca8c0f9,0x612e2daddc89d91409e40f946f9f7cfe422e777e,1,0xdc25e03c56d3c4761f7bbea7a2c62a2e405b60ac
0x5b13d2ce4a51430eb330daa9be766d72356ea18c,0x717951e2239af6849f63e5566b82435f50a3186c,0,0x717951e2239af6849f63e5566b82435f50a3186c
0xf1060046ed06617e5a7f48bbfad0df78432ed7e3,0xa5fdabc7a0562c394bfc4a590d461afb5fbe46cb,1,0xb077ec2438a03782432418e4d6cea372ad67d136
0xd9965476d4ac0e78885e0a734ee3d7f070271006,0xc0f84935d631095fdff65ceec1fd88c96b444c4c,0,0xc0f84935d631095fdff65ceec1fd88c96b444c4c
0x02c26437b292d86c5f4f21bbcce0771948274f84,0xeb2a22b27c7ad5eee424fd90b376c745e60f914e,0,0xeb2a22b27c7ad5eee424fd90b376c745e60f914e
0x0c9bb1fff512a5b4f01aca6ad964ec6d7fc60c96,0x3035dee64c8dbe813a464a0263ce0c365c454d54,0,0x3035dee64c8dbe813a464a0263ce0c365c454d54
0x9ac82945130a864f038a4eaa963983d6162488b6,0xc3b055f9aa5aa17e7ab3b7217baf615c1e2aa91e,0,0xc3b055f9aa5aa17e7ab3b7217baf615c1e2aa91e
0xac293a968fc6c57cb9fcfbdcabbebc7e55425e33,0x612e2daddc89d91409e40f946f9f7cfe422e777e,1,0xcdbe89d930b2e57f671fc101649644b1f6836ab2
0x41c98d9aafdde06f566e765af0e1749c9068002f,0x58136e0909b71981f1a37f1f87859c562ed3657a,0,0x58136e0909b71981f1a37f1f87859c562ed3657a
0x826018a69fdb295797ed21394181f2b6682340c3,0xce018193fa49534e3eb1221ab8c6f62c812ec36c,0,0xce018193fa49534e3eb1221ab8c6f62c812ec36c
0x5d8ef8693654586346cb7e71237126cb3e8e4e51,0x5f8aab7f3ae7feb6ca395b1999aba6a39492caab,0,0x5f8aab7f3ae7feb6ca395b1999aba6a39492caab
0xc526b5428fd46f086dcd68d418027b7eb77436ec,0x612e2daddc89d91409e40f946f9f7cfe422e777e,1,0x32261fedf404a9a6c98f81d8ccab9a10277b381a
0xe70659b717112ac4e14284d0db2f5d5703df8e43,0x0f0eae91990140c560d4156db4f00c854dc8f09e,0,0x0f0eae91990140c560d4156db4f00c854dc8f09e
0x45fa51e615014cc81283e7dcfffc38dc35b6af42,0xa95ad21917af866923ea0a7ba144d14e056905bd,0,0xa95ad21917af866923ea0a7ba144d14e056905bd
0x7fe1eb04fe1d231b3c422e6ef6bbf690b7d5ee4d,0xe042341d89727878481f3e0bf60d83e96aa9aa46,0,0xe042341d89727878481f3e0bf60d83e96aa9aa46
0x0fb3eae515db4aaf2fd5e23e79ec64ab9dcf83ed,0x103bfb8b7058cdb8fb2d4cc6e4a8afa0fcc9cf77,0,0x103bfb8b7058cdb8fb2d4cc6e4a8afa0fcc9cf77
0xffff2d93c83d4c613ed68ca887f057651135e089,0x4ff06aff300d98ea929eb3245c604580c5dc1d97,1,0x53b55b4b540aed4b2b10575d83dda28bbc170194
0xbae209bcb00d0ef2d1a6f5d3bbaa15fea5058367,0xcddea80516e80ee58e9a416c39c498c2b96ec40b,0,0xcddea80516e80ee58e9a416c39c498c2b96ec40b
0x4d96b647b157d3e0aade47a84d7826b89b1fe77a,0x6bcf5f4a9ada39d2d78e4e7d5ec0d8ad00fafdb0,0,0x6bcf5f4a9ada39d2d78e4e7d5ec0d8ad00fafdb0
0x1c9954128727d15adadf44286d933a416c3b64d6,0x79fca23829fab05ff5594e93755f9bb3d8d40243,0,0x79fca23829fab05ff5594e93755f9bb3d8d40243
0x4bfaf64235cdfd19be6b6991857260bab91b5039,0xe874ba46982d7cbab5931a50c2dc81a7aeb80344,0,0xe874ba46982d7cbab5931a50c2dc81a7aeb80344
0xc5345d86a357dc04a719adfc7d236224e4561857,0xdca119ab841e632f8bc9aa003dccdeba9c6d2907,0,0xdca119ab841e632f8bc9aa003dccdeba9c6d2907
0xb558c00055b3840a79a5009924abc7f3081344db,0x775ecef1c70ed299e37006f6820d6252b0e90bd6,1,0x2d036b57ec3713704db5fbdf0ec3f5991cb79a08
0x77a2ae79d314686b2a66a5cbc9f58ad1f345bbe1,0x70a98009bd8ca9ce9473e2dc52d1900178e328ff,0,0x70a98009bd8ca9ce9473e2dc52d1900178e328ff
0x8e69018871c8d30788dcaf8ee2c97d8f8ece5d8d,0x15051107651f3420144d3a2412d49402c2fac3c0,0,0x15051107651f3420144d3a2412d49402c2fac3c0
0x79ec7f33b74ea224b72c61df7127a93653b1fe72,0xf34f2dd6fa5f52ebd9bfa7e7fa57498ad9f209c9,0,0xf34f2dd6fa5f52ebd9bfa7e7fa57498ad9f209c9
0x4808331a4de64e96a249f52cd2b677a73bb39653,0xf34f2dd6fa5f52ebd9bfa7e7fa57498ad9f209c9,0,0xf34f2dd6fa5f52ebd9bfa7e7fa57498ad9f209c9
0xf7f04dea9c50e1297198b4644e872e9c150e9b0d,0x0000df68218c0e861d4553fa568256b3b23e7e71,0,0x0000df68218c0e861d4553fa568256b3b23e7e71
0xc198dd1e70dbc0b3f8f7dc9014cbe928e8044b25,0xe701f08120058401c64e3b086ceb580559a01af4,1,0xab60a6c17060392d4e85f291383cdfbea9b1f341
0x96c91d2c15c7c3d68b9a741b4048ca5080fcc060,0x612e2daddc89d91409e40f946f9f7cfe422e777e,1,0x164d59edef55f0b9584992c4490fc733a5efb7a2
0x7189a848568a618c07b11abec3a1a08c4bf92206,0xf239447dafa45d4ff2136f3006d445908f43e9c3,0,0xf239447dafa45d4ff2136f3006d445908f43e9c3
0x1f3f323f412dbd77b128770799f387b26f046847,0x1ca2007d4f2bc0ec2a56ecb890e56e05f36182df,1,0xb9f987edf468d7da5abc6d14bc9e98c9c0c39195
0x92149b4da47d9a34e9f93a5d8e27c9e79708394a,0xc93c7f71581dfeaab59bed908888dac5689f312a,0,0xc93c7f71581dfeaab59bed908888dac5689f312a
0x1c3fc23de35b2fdecff4da90a2ec1a1bb348957a,0x2c325156416cc7b701151dafb6d4c0bdf0d398f0,1,0xf511d47077e4090402426c90d0de5274f0f96b1a
0xf472bfd59a68e9bfa56a354dc8599611c86bd3ad,0x64969d0bae6ec1633b0ffc5c232b353f6560a403,0,0x64969d0bae6ec1633b0ffc5c232b353f6560a403
0xfbe4bf2a7e6f0d4053073135d1ffe60b3fcddd63,0x49793adf2b225181f019cafb049dad68d7164db7,0,0x49793adf2b225181f019cafb049dad68d7164db7
0xcba325f45044157b915054507caaea7b1fcc8fe2,0xea968e6ac95a95c68bf66decc803a1b2848cdc4a,1,0x9f1aa0d566985fb836decbf56ca6165ba387fb2c
0x0aa56f98e24521d71081aa9d1aa7713bdd22645e,0x612e2daddc89d91409e40f946f9f7cfe422e777e,1,0x676b4b3d2b9da2ecffc7a4b09d85570f204c5486
0x05f15de2476cd13ad75f4d9a79920e07aebcba2c,0xaa7bacfc643047e0e9a8ec0498e33c82b3c38afb,0,0xaa7bacfc643047e0e9a8ec0498e33c82b3c38afb
0x386c96a71fec5976395eac242b9f26fdbe3e32fd,0x36a0c7b860a4715939ef5b2d1a47aedc6c89423a,0,0x36a0c7b860a4715939ef5b2d1a47aedc6c89423a
0x1cf1817a5d23914a50a3c934b7c6c76ebae95514,0xa93ba46e62b36d3cc3e406a69b1f9fdb17429f97,0,0xa93ba46e62b36d3cc3e406a69b1f9fdb17429f97
0x113b858f00ab0bcc44d82c740c807f7d3ffe9f68,0xb2019531de3bfda451668acfe40fb3aee59975b5,1,0x50be458d88c21742a6ff21239ca05796d263f96e
0x74a4ca6241c2275b8950a6911c81765318ccf64c,0x612e2daddc89d91409e40f946f9f7cfe422e777e,1,0xc2be7ff9710f7662e1cedcb966686609631e063a
0x0c8b135a721b017f983f76bb32f53d37f8510a5b,0xa3e51498579db0f7bb1ec9e3093b2f44158e25a5,0,0xa3e51498579db0f7bb1ec9e3093b2f44158e25a5
0xaf28812dc0c9b066db9fb380246698bbad16e68a,0x4fd3bf4b285bcd30848327052abda467a16f9f48,0,0x4fd3bf4b285bcd30848327052abda467a16f9f48
0xd57bf36613f47d917389b71e33183a0434547545,0xb2019531de3bfda451668acfe40fb3aee59975b5,1,0x2bea6fb8d74b8ba8a79ee8339fbed293db9c4277
0x1f39b19d723a0c9cd2230e113fbeac7bec80994b,0x000000f20032b9e171844b00ea507e11960bd94a,1,0x3418e9799f43a370be4545d7a1f4dab0ef5a1195
0x2174091cab7ecfef08625ef415278d33e59e1646,0x612e2daddc89d91409e40f946f9f7cfe422e777e,1,0x0fc1e682f966e272599bcc53cf4f8622303aef0e
0xecc116b77efb0d9d5dab44af31759984a07e4a9d,0x19478179ef8bb7c4792a4041903080e097d137dd,1,0xbf017ede8844349848ff5cf987c50ee3b40d77c0
0xa9e83663e7b50b313da9ed607b1c244b4d73df46,0x000000f20032b9e171844b00ea507e11960bd94a,1,0xf7661532c33a37a685ba899cae1718d336170807
0xb4cc24194ca298629264f1b026459b22101d1552,0x612e2daddc89d91409e40f946f9f7cfe422e777e,1,0xdea5fb39405bbdd0e3f78075492df5839f9d4908
0xe7843790a69bd19f707f5ec516123260bc4d492c,0x3a1b9bf74919d6c76e642865e2bd4f0b910f4c50,0,0x3a1b9bf74919d6c76e642865e2bd4f0b910f4c50
0xac98ce029afdea5ef8a8a499b282cfdb937b76c5,0x000000f20032b9e171844b00ea507e11960bd94a,1,0xe09bd5829d40b997f9924e8dc911cd852b1f1b7b
0x484be1934dc833a81b4a7b1308c20021a2944915,0x935c8e162419b7d71703d0a0278e4529b914c0e9,0,0x935c8e162419b7d71703d0a0278e4529b914c0e9
0x8bdf54b3e043700daaf9d763ac1c2c533ef72e25,0x4893fe3276c98d4bab9dd68894d1021a55e67526,0,0x4893fe3276c98d4bab9dd68894d1021a55e67526
0x51110d27cc81d15416c090a36a51070b90e2230a,0x000000f20032b9e171844b00ea507e11960bd94a,1,0x806f380c61cd8af33771a293324d76ebfb8ee7e2
0xfeeca20311696ef7a2cd4c16e41c1933914a4507,0x9674ede5eb609f9483dd1682f2160ec45105250d,0,0x9674ede5eb609f9483dd1682f2160ec45105250d
0x96678f6805a8104ec87b5e794143c938b9cf02ba,0x512c579153ac6fd961a7d9e7b19281b855aafbe1,0,0x512c579153ac6fd961a7d9e7b19281b855aafbe1
0x7eea6d674d967a07e67cfb48cab0936399f9dca1,0xe2ba0cbb6775b886103c544bf291a386fc8199f2,0,0xe2ba0cbb6775b886103c544bf291a386fc8199f2
0x296590560c314baa158e22731c292bae9700f5ba,0x612e2daddc89d91409e40f946f9f7cfe422e777e,1,0x19ceb0e24563ac68b7a559623645e021aea2ffa3
0xc0ddb231649b764911bdd2dda49c84f978f8019a,0x0000000000ffe8b47b3e2130213b802212439497,1,0xe19a6c81be025dddc209764a18a3fdcd71253d7d
0xf092af9822cda83b1bec3f18be28e13107e8d077,0xd132fd26fd922260edb3bd9b5b9e75e79e61690b,0,0xd132fd26fd922260edb3bd9b5b9e75e79e61690b
0xcbf8ed378474e655a391be824cca104346afa7ad,0x9f6ccbdc6e8433d3f19ea28d1a4687e6255757ae,0,0x9f6ccbdc6e8433d3f19ea28d1a4687e6255757ae
0xda302c6c52db415dbe8b8dc678025c8b79c49996,0x3b612a5b49e025a6e4ba4ee4fb1ef46d13588059,1,0xac4aa20a4faf40ae000c08d4e12b16ea081863a1
0xd0e860b336ed5b9b74ac7cc8df25175cc76e0a45,0xead1307d8359ec03a3ec6949225d37a31333d2df,0,0xead1307d8359ec03a3ec6949225d37a31333d2df
0x66f30f27e6adf4e3b1ed3939911dffe937d3e56e,0xd0d21bfed77e5228c0519bb63c459d0c945a37f2,0,0xd0d21bfed77e5228c0519bb63c459d0c945a37f2
0xbd1e4e5f0c5965ed420feb8bf6ac5cf6adb6231d,0x5516d8f2c1b8763db878474046f2add18980cc18,0,0x5516d8f2c1b8763db878474046f2add18980cc18
0xd3edce03e378d2a3feecc265249d03822e25b2bf,0x9b4b51c7e560ff625997c7cae4f9fe4ff94b5f12,0,0x9b4b51c7e560ff625997c7cae4f9fe4ff94b5f12
0x973cda796f8cc05c4bf22964b13035125060f0d4,0x21339e2ce5ce1d7a19a28e774513619c0c6259da,0,0x21339e2ce5ce1d7a19a28e774513619c0c6259da
0x9ec6232742b6068ce733645af16ba277fa412b0a,0x11a5b37a6ed48f22b9039067edd89f549c3bfd02,0,0x11a5b37a6ed48f22b9039067edd89f549c3bfd02
0x3113a3c04aebec2b77eb38eabf6a2257b580c54b,0xb487ac0c37cef010c89c4ab86a3cabef1aba637b,0,0xb487ac0c37cef010c89c4ab86a3cabef1aba637b
0x89e575222d9f1bb3fcc4a3d4ab9127e85a3de5f3,0x3b612a5b49e025a6e4ba4ee4fb1ef46d13588059,1,0x1277cc1f5d06b7f791ade9f5a326de68e524ff44
0xd6243f38a7a1cf12bfd348ac14d50df5366292e4,0x1d95b0b6d3582feec7ef35d2ccf91564ded0cf7f,0,0x1d95b0b6d3582feec7ef35d2ccf91564ded0cf7f
0x61db92d6349cd56d8accd059fd1c12a6bd60fcb2,0x91e572c3637750e085e48b56559f1d984c904a6f,0,0x91e572c3637750e085e48b56559f1d984c904a6f
0xe5f9a027da76dca9a1a9f1cdf9933b407488a9f0,0xa49c0d9a786e659a0557281b4fa72cf8cf08f6cf,1,0xb9d5c93ec9aba93180ddd00a628e8facc3103039
0x7335db10622eecdeffadaee7f2454e37aedf7002,0x4f05774b4226ec3724da8603c2e0052bc1612d94,0,0x4f05774b4226ec3724da8603c2e0052bc1612d94
0x439cc9ccdea02549e3f6c7f60d289ac9bd76baf5,0xeea3ae8794a0ac6c7b5b85e0dc1ac5031b08b418,0,0xeea3ae8794a0ac6c7b5b85e0dc1ac5031b08b418
0x620cbdb115db93102e5d31c4e3897410a72947be,0x3b612a5b49e025a6e4ba4ee4fb1ef46d13588059,1,0x09404fc75de1417895f6f6ab74f56f0ffc1f221b
0x8238e5cf0530a40551f447574fc7684427c958f2,0x2c325156416cc7b701151dafb6d4c0bdf0d398f0,1,0x9af7edc48bc8db5e4afd3af95df143ea29e2e2d6
0x3f7d393cc613ca3f45f7c771be4e0af17d7b07e8,0x07c728f9631f4fe84bd1e8d018f3320added5802,0,0x07c728f9631f4fe84bd1e8d018f3320added5802
0x877ab7aa50b8e42ad3c9fe562870e91489eea876,0x593fb9d088202c7ac2b8d777e9229cad23b2ac02,0,0x593fb9d088202c7ac2b8d777e9229cad23b2ac02
0x0bfc1586fcc89f7d2661cb9dc65eb04e5ce87955,0x2a7999c9c0ae20e7b64a126f838351bbb6c120b4,0,0x2a7999c9c0ae20e7b64a126f838351bbb6c120b4
0x7728d663cc0bd9272135ca55335203f4bf012786,0x3b612a5b49e025a6e4ba4ee4fb1ef46d13588059,1,0x98e6d84767ef0ca2366154b7005b7e3eb7d3188a
0xa05803e679f517cfd9f20031816ab57a7b2fc2d3,0x2a3bb9f9b1a305f39c917b8a5b7fba0be1fe3601,0,0x2a3bb9f9b1a305f39c917b8a5b7fba0be1fe3601
0xd5a4f7198d6b16f6e21de03e80cd842e166dbf34,0x3b612a5b49e025a6e4ba4ee4fb1ef46d13588059,1,0xee6c48af97f62fe0e62cb2ebad6ebc7ac3cf7bd1
0xea9be363a30dceb45bed4470e2ca1a0862f06486,0x3b612a5b49e025a6e4ba4ee4fb1ef46d13588059,1,0xf46d683fd61cd17ad1e3dc85518adbb89f2329cb
0xbb39044c88ea5191f1760cd271f6b6959a544dde,0xfb6a069f912ee42d91b047eb60890d0155bde182,0,0xfb6a069f912ee42d91b047eb60890d0155bde182
0x66b3a61436f11f03ec38e775fc26088d1a7c1340,0x612e2daddc89d91409e40f946f9f7cfe422e777e,1,0x3d5078da5ae6c6608f987f8cb00ea2fe31956490
0x2dbd06b2f1929912b232012e887f9cca526149bd,0xed33a43c1dbad700d0fbbf5229d8ea5db5c6f5b6,0,0xed33a43c1dbad700d0fbbf5229d8ea5db5c6f5b6
0x40884c1e88c6d493f008c00031265e14a2301a67,0x2dfa21a5ebf5ccbe62566458a1baec6b1f33f292,1,0x66cd193d0c0fb3b9b44dd371107617a7e9f38184
0xddcfe42ed21345a501a91bbaea5d106f12e7f68e,0x35879722a941105e56e3d484b25cff76b9c64f56,0,0x35879722a941105e56e3d484b25cff76b9c64f56
0xbd3374322fec9df77662703915af52e9c3c571af,0x612e2daddc89d91409e40f946f9f7cfe422e777e,1,0x4348b57916e6674bc2c9efd3ab84cede61e1dd46
0x4f234366806cf0fbae600dbef578e5fdc65489cb,0x612e2daddc89d91409e40f946f9f7cfe422e777e,1,0xe036a80f628e531982189fb6c4f277deca521e36
0xb25665b96894f95060dc12f2a24c9cbdc2e650d1,0x000000008924d42d98026c656545c3c1fb3ad31c,1,0x26fcec157cd9eb70e8e86acf5204faa0ed63cdb4
0xfbe613f133352beb8b84d0492906bb240012af50,0x000000008924d42d98026c656545c3c1fb3ad31c,1,0x7f2ce17b7fe71804ec97cdd2d6d4d843b7f40902
0x60eb450c7c262e88abe36d0c80285a8149ad2ac6,0x442295de8a31d65026dbc09c29d469f6854f188a,1,0xf3cbb514b730f3da0cfd9e5912c313796ba72c1d
0x789ca7a6b04bbade284e804795f24a805691486b,0x76f948e5f13b9a84a81e5681df8682bbf524805e,1,0x10498372c8c183d6de6d1ec53b5921de258de2f8
0x92a96510afcd1af8e77f6bf9ca9e76a3183de8de,0x733cf2b788daf29b9095763c78bc0aa4147aceb7,1,0x577a5aa7992a51b48c06cde485acb60971545bb9
0xe4b4bc1e601d1558ec3ad6a0ecc7947df7d0aa2b,0x49a6374a6d792b345f7029577a3b7bdadb29cd80,0,0x49a6374a6d792b345f7029577a3b7bdadb29cd80
0x74b9ccdbacc5f9f347b9025f60e655880341e43c,0x612e2daddc89d91409e40f946f9f7cfe422e777e,1,0xb7ed805384af1cc308506ae497011835f26618b4
0x5839faa4e8e82b1ec176f241a82f29dae9ee3551,0x76f948e5f13b9a84a81e5681df8682bbf524805e,1,0x10498372c8c183d6de6d1ec53b5921de258de2f8
0x8c74e9823d32c2e50362544f0a11e0e55fe10ca7,0xd3148ffaeacc3ed655103e82f5673c838d9fd730,1,0x14d10faef371eb541c88362b2702c6e4608086e7
0x390ca27c6617dd942dced8a981dd8b85db51b688,0x442295de8a31d65026dbc09c29d469f6854f188a,1,0xec1e36c5b8f4a9797be676bc1995d959c3be0fd5
0x3772e655304d031f4169f8465bbfc26bd14a9f33,0x2d797f422dfe8e2f5fe3be607e17a7a460553ddb,0,0x2d797f422dfe8e2f5fe3be607e17a7a460553ddb
0x9fc76743227bab3cb93bc31eff3d9507a8c1eb84,0xd2927a91570146218ed700566df516d67c5ecfab,0,0xd2927a91570146218ed700566df516d67c5ecfab
0x96be46c50e882dbd373081d08e0cde2b055adf6c,0x5f3f357194c32f9c2f1176cc39b9d6c214a1fdca,0,0x5f3f357194c32f9c2f1176cc39b9d6c214a1fdca
0x5f53f9f5dcf76757f7cbf35c2e47164c65b9b5ed,0x5183d83823eabe68a680eb5075baa422a6fd451a,0,0x5183d83823eabe68a680eb5075baa422a6fd451a
0x2ad72ecc13738f50662ea0af44210c6f7d42ddef,0xfddb9d0575da83ee0bf35f2198d08c2a0daf7716,0,0xfddb9d0575da83ee0bf35f2198d08c2a0daf7716
0x0edbb2e485619cae9b396beab17e807ea3411004,0x3b612a5b49e025a6e4ba4ee4fb1ef46d13588059,1,0xa5214719feb1d07b66292a5d4d0a2712bd048435
0x03d15f7adf454eb2cf38f1cdd75e3a2931e5dee4,0x3b612a5b49e025a6e4ba4ee4fb1ef46d13588059,1,0xe800cda92e3c434bf3b6412ec620f349f37fe4df
0x6a668e8df2f8888a62f00f656708502353fdb41f,0x3b612a5b49e025a6e4ba4ee4fb1ef46d13588059,1,0x21dd27d022af7dbd6fcfbf0cb94dfdf6ace7aa86
0x43895a5b1eac6b7a0de7dd89eabd6e54df4d6cb0,0x3b612a5b49e025a6e4ba4ee4fb1ef46d13588059,1,0x1a73c5d84cd77274bbd438901d6acbd7bcbe0408
0x644f0d35eef7a971bc2932172a48e89af95b9432,0x3b612a5b49e025a6e4ba4ee4fb1ef46d13588059,1,0x10196ef667e91ac10c6f4c2a38feefc4e00f47af
0x0cfa7e1f05bc320635056905acae888c3e650300,0x0f94325dcc0e118fb3454bceff6bcd814ad2b58f,0,0x0f94325dcc0e118fb3454bceff6bcd814ad2b58f
0xba265b93519e6473f34f46ee35f4b23970f41a3f,0xe4cf86f7adbac98fab983f35fcd3c71e3e3c2720,0,0xe4cf86f7adbac98fab983f35fcd3c71e3e3c2720
0xfbe27c27dc2ef6a37256e0d0efaa4ddb67c54db7,0xb5dee69feaa5fc089cdef6cbe6c4a8fb2dae4dc4,0,0xb5dee69feaa5fc089cdef6cbe6c4a8fb2dae4dc4
0x942bc2d3e7a589fe5bd4a5c6ef9727dfd82f5c8a,0xb8559af91377e5bab052a4e9a5088cb65a9a4d63,0,0xb8559af91377e5bab052a4e9a5088cb65a9a4d63
0x152713ed889b2592305fa29bee72f26c96766b4d,0x21eb929e7c56c2da635763946c27a40ed3a76d36,0,0x21eb929e7c56c2da635763946c27a40ed3a76d36
0x23868a8f539d1dee924fd775ed20d347078cf890,0x9d57e295990b81755b09a11734b9cd544116d3cc,0,0x9d57e295990b81755b09a11734b9cd544116d3cc
0xf057e3b145a3d17197c2838845b0baebffc72089,0xb0711419b40ca09a3bf99d9f77c46dc405c99bee,0,0xb0711419b40ca09a3bf99d9f77c46dc405c99bee
0x126cf7d20dcf48a913e11d32b22201b38702a715,0xde94c4e276f47f9c310572d3b3fd9bccbc42c0ec,0,0xde94c4e276f47f9c310572d3b3fd9bccbc42c0ec
0xbd405f3129c1933013e74f2dd5a54de9b5b9b130,0x632cca70fa497b97bfb680e2e9ee71bbc399b229,0,0x632cca70fa497b97bfb680e2e9ee71bbc399b229
0xfd055f2b47feba453cb7218b7ec365e74448ed75,0x7142147206cc495dcb005fc9f3c006e4e3555f91,0,0x7142147206cc495dcb005fc9f3c006e4e3555f91
0xf7da8ad07bcd2f9a290de78bba9bd60e4c5e69f3,0x612e2daddc89d91409e40f946f9f7cfe422e777e,1,0x8b9c6cc7dec5a868d80c7baf89a2023c8cb3d4c7
0x040ea560647bca2679d7930c4dcaf74e0c9a7c08,0x107a5ed5258cc0c962c18a86a72ccbeac7fc3769,0,0x107a5ed5258cc0c962c18a86a72ccbeac7fc3769
0xebbb27a624ef47bf3e5aa00e528b320c8d87d08a,0xd809a687e957761872b440909348fa6547cafabf,0,0xd809a687e957761872b440909348fa6547cafabf
0x90ba6d05c2247fbfbb79da3a169e36117fd7870c,0xbbb2d0dd7d29e33ee3de1a9fad718f18e5e62d04,0,0xbbb2d0dd7d29e33ee3de1a9fad718f18e5e62d04
0x45bc95e4d44ab1032bdc4963c6c171ea7e95ebff,0xbbb2d0dd7d29e33ee3de1a9fad718f18e5e62d04,0,0xbbb2d0dd7d29e33ee3de1a9fad718f18e5e62d04
0xc7ce0acb2f657abd66361a50423460dc25cb2b68,0xbbb2d0dd7d29e33ee3de1a9fad718f18e5e62d04,0,0xbbb2d0dd7d29e33ee3de1a9fad718f18e5e62d04
0x4d78b7c0bfddb4fa482c4001cf96078439e3b819,0x8b66b420c4f3137b2bb4aa6a291bd81790bfece9,0,0x8b66b420c4f3137b2bb4aa6a291bd81790bfece9
0x925e962b0d13579842dfcc1620af5045c96ce619,0xf2aa405e32010dbb637294ac32da306af334e3f2,0,0xf2aa405e32010dbb637294ac32da306af334e3f2
0xb6f0600dab70d1b4fb35786dfd473acb41e8262a,0x612e2daddc89d91409e40f946f9f7cfe422e777e,1,0x22cb2223e4a4adf2c5ddd39784da46d7feccf735
0x80ad01392b9b4a85535ec0bbff13b74c8da81070,0xbfc016652a6708b20ae850ee92d2ea23cca5f31a,0,0xbfc016652a6708b20ae850ee92d2ea23cca5f31a
0x61b36ddcae263627d97b117346fc38781fbc2e5f,0x67aa716ea9595a61743a07139095190fbd7c98cb,0,0x67aa716ea9595a61743a07139095190fbd7c98cb
0x89c4aedcd10df1b19cf2d4b540af3fcad5d4c21a,0x421af9abc87197a917b87f8d2b2d8b0213d47dbe,0,0x421af9abc87197a917b87f8d2b2d8b0213d47dbe
0x0af9f416f77acbcc92db1e8a32bcd0b0a2808f09,0x575c0406a1c29d647f1d0a4d0b6370403f5dee05,0,0x575c0406a1c29d647f1d0a4d0b6370403f5dee05
0x68c01cb4733a82a58d5e7bb31bddbff26a3a35d5,0xb8559af91377e5bab052a4e9a5088cb65a9a4d63,0,0xb8559af91377e5bab052a4e9a5088cb65a9a4d63
0x8696da4eaaf7aa015afd1cec08d15b1c3433e7f5,0x7c0d783424fe9f7e5a6e82fb5ea5544cc99ad557,0,0x7c0d783424fe9f7e5a6e82fb5ea5544cc99ad557
0xa4871fee6118387959d4c935a91095c99081b7e5,0xa7565f66bcde90d62dbb257ac3d8fc3dda7c41e8,0,0xa7565f66bcde90d62dbb257ac3d8fc3dda7c41e8
0x920aea77533a4d32452d04f5955b453f7a2eafbc,0x231b405c333db6d81adeaadf4c6ff3940ea5db21,0,0x231b405c333db6d81adeaadf4c6ff3940ea5db21
0x6a924080219a59e129bda8a7ad7e4a69b6db68c6,0x72ced146dc6ea5cc742833731197e45e04546014,0,0x72ced146dc6ea5cc742833731197e45e04546014
0x3137e02341a4acbf01a02cfb60ccc194c3452756,0x2bfc752bd9bb476537895de9ed737bc2551bbb9c,0,0x2bfc752bd9bb476537895de9ed737bc2551bbb9c
0x0fdbefe1fd18a07efd8d1a530073d6b88dd13748,0xd7ed3f82f578e80f26baf87306397d7fccfa8354,0,0xd7ed3f82f578e80f26baf87306397d7fccfa8354
0x7d0d43936c148461d8ccaec84843cfd30efbac60,0x0b7824ba4ebb7947005848a20d28ffd2fd872cac,0,0x0b7824ba4ebb7947005848a20d28ffd2fd872cac
0x29c13273cf56dac69cfae173c73fde2cd75b5ede,0x910090ea889b64b4e722ea4b8ff6d5e734dfb38f,0,0x910090ea889b64b4e722ea4b8ff6d5e734dfb38f
0xb286ac8eff9f44e2c377c6770cad5fc78bff9ed6,0x2838daeab11ae3aca3df66923ac03ea4644267fe,0,0x2838daeab11ae3aca3df66923ac03ea4644267fe
0x00c41dae62109f5eb1b58cdf82e08fefd16a67fe,0xe03d7f0bfa269e090f02236749048d994828ad49,0,0xe03d7f0bfa269e090f02236749048d994828ad49
0xcc4177805aad9483ea2b2b814b82a83abe564023,0x41b7c67c39b5f41ee42546ded8675c1adcad7ee4,0,0x41b7c67c39b5f41ee42546ded8675c1adcad7ee4
0x1ead27d8273685cb91ece0679e627b0483e3fa94,0x612e2daddc89d91409e40f946f9f7cfe422e777e,1,0x6715cfae88aad9329bf40507619541c3765fbe6e
0xe70a7bf7b3bc42fa7fd1ccb8493f643bd8128d37,0x7354936bc7a72c8baf5a2f9262e70a52c427be4a,1,0x9a758e23e223b0a62f8bef131c8dbff70c5ba66d
0x821d4992ad31f283e09c77ac4d35c845d07fb52d,0x612e2daddc89d91409e40f946f9f7cfe422e777e,1,0xc2a092ea3958c42435e4322133d7e01b5ab91e54
0xb2b899e4e9dc4938bf8cb8f40407f10b24bde410,0x4630e1b1a6ee4d431ae160d2205a3af1d6d5069e,0,0x4630e1b1a6ee4d431ae160d2205a3af1d6d5069e
0xbe3ee8f62e9e055b8118a1eac4feb0903b04e3c7,0x1afb73bf527d251b11bb3512824691f2305063b0,0,0x1afb73bf527d251b11bb3512824691f2305063b0
0x132857f4085bd9729ee93374a2593259687f31fc,0x09d36e24cab699ad357b63bf59da51ef9aee2c3e,0,0x09d36e24cab699ad357b63bf59da51ef9aee2c3e
0xdb6fae9958ddf6a48c432013880d40e70bac3603,0x612e2daddc89d91409e40f946f9f7cfe422e777e,1,0x2ddc8a0c1ea2a70f45f247a944773d677ce1f140
0xc1341a63a4dd85443b0413bc2acffc49b60e9c70,0x07a5dc49c58a4418feb52426601abe556ca55cbe,0,0x07a5dc49c58a4418feb52426601abe556ca55cbe
0x471b07214e9855f6f6b2ca0347f1b4d76156063c,0x7b171319274b85742bab91cc61b3070d1c24f6dd,0,0x7b171319274b85742bab91cc61b3070d1c24f6dd
0x19f053f02c676248faef8dabd88f119f942dc1ab,0x7354936bc7a72c8baf5a2f9262e70a52c427be4a,1,0xf065f2a89683dd8cd76ab15c686a781f0b351eab
0x1124926d0cc4e44872948200dc0290b555ff0c26,0x612e2daddc89d91409e40f946f9f7cfe422e777e,1,0x26ef03a20aaeda8aafcee4e146dc6b328195947c
0xf8b099e164658c1ddb7bcbcb015d028deec3a5dc,0x4ff7f89cd8f07e39851998e6564907eff11fef4f,0,0x4ff7f89cd8f07e39851998e6564907eff11fef4f
0xd318a75b929a32163155be2762cd4940595b8e1a,0x47760b09555c49e49f2904d5713af271a92a2492,0,0x47760b09555c49e49f2904d5713af271a92a2492
0x142e03367ede17cd851477a4287d1f35676e6dc2,0x759c5f293edc487aa02186f0099864ebc53191c1,0,0x759c5f293edc487aa02186f0099864ebc53191c1
0x10e0ad4f25867d432fbca122ed43abfbab5b7c6e,0x33eb82d1350fc1ebb6455fdb628099551725b7ef,0,0x33eb82d1350fc1ebb6455fdb628099551725b7ef
0x0b926e3132070dfded37b093df72bf5be88d53ef,0x612e2daddc89d91409e40f946f9f7cfe422e777e,1,0x180484c982e64c0ece5aed772944bff14be4d06f
0x331482bd78cc474bc0f724fdeb2a605b96164eeb,0x612e2daddc89d91409e40f946f9f7cfe422e777e,1,0x97119dc1f2586e7c1637e5ffabf6458c94da7d93
0x80e4c6abf213a27158c122f62c0c875d1ef966be,0x612e2daddc89d91409e40f946f9f7cfe422e777e,1,0x5e4b41b770a8e2bec9d6dc294f09ce10c444a2b0
0xcb743649988d514224620bd436bb54034af8d40e,0x612e2daddc89d91409e40f946f9f7cfe422e777e,1,0xe2f2560226e21aee8701d8087ba3e925df32d820
0xf4e103ebb7689593cffa68558ce2e5f8546c2f8d,0x612e2daddc89d91409e40f946f9f7cfe422e777e,1,0xc9c9b085e8eec56a2e8c00619f94e6f0e488b50c
0x0ab0e5c4b0f27e3cf1fae900fe088e08224c97b2,0x000000f20032b9e171844b00ea507e11960bd94a,1,0xf29bfe4cad0687883e75cf0bfa9c5db40cf0c0a1
0xfe1a3d9833a50a25d07e6ba03533af96eb434bd3,0x612e2daddc89d91409e40f946f9f7cfe422e777e,1,0x55b620cb153c0631ebf0d284cfc82b39ebee9f0e
0x859004ca40dc3f3b04322ac813d79b81be0a6856,0x6b57844faf88db2199e90f81d7e250b3f516cc4b,0,0x6b57844faf88db2199e90f81d7e250b3f516cc4b
0x8a8cd6d02db15e48a9f615558820a10a2eb0d8da,0x7354936bc7a72c8baf5a2f9262e70a52c427be4a,1,0xd9f2831c5f9242af63954accf2d6da8fde4365ad
0x633c270de4eef7f8baedd6f5bbfb89e4b234f9bc,0x7fe15854a601bffcc8d7a21d964c8d9833d85ba9,0,0x7fe15854a601bffcc8d7a21d964c8d9833d85ba9
0x13d908f1975b82aa7b1dc0937907561e21e55f38,0x5dbc7b840baa9dabcbe9d2492e45d7244b54a2a0,1,0x79de144e0123c085cfacfb0521728165ce269e6a
0xb410566c577d4e0b2f41709fd3f3bdfc7c490b2d,0x7670e70521b97353f47392f49f90b841bc29fd8d,0,0x7670e70521b97353f47392f49f90b841bc29fd8d
0xe31a677c734002d74ceefcae256513416bca89c1,0x61b98acbfc23326cfe296f380b5aa3e5adcc5238,1,0x1c0c531442d0a7c0ced2dbda9ea02f43a0c0ccc2
0xc74df44ec85cbc9c190ac77da11191781c35b164,0x000000f20032b9e171844b00ea507e11960bd94a,1,0x604f8ffbd99cc5b59f6ecc8b2133aa494553199e
0xdd09c236050ae9149ad2b83adcb45d78db62ec54,0x58cbe46acebe7f93286a3b6b354358dc4045b3ea,0,0x58cbe46acebe7f93286a3b6b354358dc4045b3ea
0x28a11da34a93712b1fde4ad15da217a3b14d9465,0x5f5e2a298fb88e514e8919edfd2a1b7486296f40,0,0x5f5e2a298fb88e514e8919edfd2a1b7486296f40
0x2096604dc565341185d811c9156ecc4c2197c75d,0x8bbf62f83de0ca3350d74903d528595b613b9bcb,0,0x8bbf62f83de0ca3350d74903d528595b613b9bcb
0xa3776bec550c4453dfc92d89b51f5abfcca1d4ce,0x3376a9132afa0d2f2c3c339fbcbe7f240d28e0d3,0,0x3376a9132afa0d2f2c3c339fbcbe7f240d28e0d3
0x1c0b45969cd0bfabc834274b00cb9605c875c8c9,0x612e2daddc89d91409e40f946f9f7cfe422e777e,1,0x67a90218cc5fc1adde45ad27a257f268023b2ecb
0x4420a313284e8f2ccf595c6f909dbaca19c2ad5a,0x000000008924d42d98026c656545c3c1fb3ad31c,1,0x83f9b6a390971e184533d03bed6a1abb391549ef
0x20d242df4f78faa3f2283a7d850b9b9ee20492ee,0x612e2daddc89d91409e40f946f9f7cfe422e777e,1,0x42d6977c0e0596dfc681afc637cfa53e48301488
0x13fa4d5c52258393404652daffad0c4b22d15072,0x3b612a5b49e025a6e4ba4ee4fb1ef46d13588059,1,0x1223d707982ee0051244e613bd0dc65ddbfb5238
0xfdc0b119c218cd3ae9e0402265d5b22061a98bfb,0x3b612a5b49e025a6e4ba4ee4fb1ef46d13588059,1,0xa34223a79b330865a0141dbc08b190a9439d418d
0x0e220a4f3957c17a2e780922dbc13cb2c9aa4274,0x318cac9b9edced8e09fc516694f086b473da6d90,0,0x318cac9b9edced8e09fc516694f086b473da6d90
0x9bd8cc4629abdb47d4f88498119b526ef11a670d,0x8648880327b5afb6aec1bc6c4d17ffb3323a50ae,0,0x8648880327b5afb6aec1bc6c4d17ffb3323a50ae
0xaa5cb599d426711ed6d5a1b48d4329c946de4135,0x3b612a5b49e025a6e4ba4ee4fb1ef46d13588059,1,0xf7df0f3258d3d7968851783ee1fec3b8536430c6
0x762d7ba19ebacade90d3b8d2db22a1b4f9ae43a2,0x3b612a5b49e025a6e4ba4ee4fb1ef46d13588059,1,0x513014c917e8f37a77bbd1d79ea5701af5474eab
0xa7652541f153bc533bcbb4ec186c3eaf58546d9d,0x3b612a5b49e025a6e4ba4ee4fb1ef46d13588059,1,0xef91fe215d2f3c12d65949ef77f6bc6adaea8d3f
0x6b1e18584118969a7459bf4d6d7f21ef0b5ea6f2,0xb5512af9996539e7ca2387ea1722d2c5eea72da9,0,0xb5512af9996539e7ca2387ea1722d2c5eea72da9
0xf7d2f21b9aa0066b3f4a6dd71dd8f3b5d77f8d93,0x798bbffc0814505ea43a47d9df74880b5d315836,0,0x798bbffc0814505ea43a47d9df74880b5d315836
0x12abd09892fbc47afbaa71b8f99813f67fa3a911,0xd262254416d48fdb26e98335ad3b82225d9a6b71,0,0xd262254416d48fdb26e98335ad3b82225d9a6b71
0x352aa679d505a0d7ec247e069fabf10ee526fa7a,0x22a15393ec07b9cb2e80334f085a00b4769c71df,0,0x22a15393ec07b9cb2e80334f085a00b4769c71df
0xb216c511bd9029baf1f2c3000f46ee941ca3ea04,0x60322b225e06bf2f0c36c45d0b06090e891ca91c,0,0x60322b225e06bf2f0c36c45d0b06090e891ca91c
0x4aa2201c1943fc15eee99b33c4c2ec84d14dff15,0x3b612a5b49e025a6e4ba4ee4fb1ef46d13588059,1,0xd292e7fc838a8bf9f46e738213c51f59786c6409
0xacb3c6a43d15b907e8433077b6d38ae40936fe2c,0x6b32a7add2673a3bc84bd7c5f3bccfb3e96fd611,0,0x6b32a7add2673a3bc84bd7c5f3bccfb3e96fd611
0x4ae32585a1d70d0fdde21b18ba0b2c8a716cced9,0x84319b54ebed62ea8fe5ca3b261f51f56feac5c2,0,0x84319b54ebed62ea8fe5ca3b261f51f56feac5c2
0x98ad01464081542ee90ae2e712aa52abae91e989,0x612e2daddc89d91409e40f946f9f7cfe422e777e,1,0xaddc7bba5b84048ed651ba419b45c1926137104b
0xcc2be05a69b52e27fd550f19169b4d6bfb144605,0x01fea061960c89adef5fa5db9454a585cc75d1f7,0,0x01fea061960c89adef5fa5db9454a585cc75d1f7
0xda4be1f203c490ec6d843ae09dd6a6484eea4b70,0x76f948e5f13b9a84a81e5681df8682bbf524805e,1,0x0007b9c4d506c6be7b4a3d454d078db5899172da
0xe347a4041d956d71a879b8bee061aa068ec7b3f3,0x76f948e5f13b9a84a81e5681df8682bbf524805e,1,0x0007b9c4d506c6be7b4a3d454d078db5899172da
0x36dacf2d85d1629ce95f206d137996802cea5246,0x76f948e5f13b9a84a81e5681df8682bbf524805e,1,0x0007b9c4d506c6be7b4a3d454d078db5899172da
0x07070c7230fcad6bb5d795d8826865915b888f32,0x76f948e5f13b9a84a81e5681df8682bbf524805e,1,0x0007b9c4d506c6be7b4a3d454d078db5899172da
0x1e117864307a738553bd3af90b94f493dd9363d9,0x76f948e5f13b9a84a81e5681df8682bbf524805e,1,0x0007b9c4d506c6be7b4a3d454d078db5899172da
0xbe476d57a04fe0a06f33536b4ece9791562b31e3,0x76f948e5f13b9a84a81e5681df8682bbf524805e,1,0x962c28861cc7acf87aa08ef52c317412f65f6745
0x9bc0e5499391d1a3ad1bd759100096a4befd272f,0x58add5015bf447ed729893a9af6f60d8bb62504c,1,0x1d9784517a56eb9d95bd97d52da21fb388cff8ba
0xa71b5a8596f9d8569bfc7795147ab32c25bddb11,0x612e2daddc89d91409e40f946f9f7cfe422e777e,1,0xe2f2560226e21aee8701d8087ba3e925df32d820
0xa67f2e1c8f81b24fbe936dc8e669be4dcba95aad,0x000000f20032b9e171844b00ea507e11960bd94a,1,0xf4bbca00c17fdde4412d054d264f7c5bfa0f436c
0x93cb28254452a35e652a3dae7f4a087ff12d289c,0x000000f20032b9e171844b00ea507e11960bd94a,1,0xf9d6d77ada603da70586b8422627c70c79c5a3a9
0xdd976810304470e8a7d6c8212d5e8fe79c7d2965,0x64084d818a908d809d0754dc09e32834c048342b,0,0x64084d818a908d809d0754dc09e32834c048342b
0x10a9e76a8ec7a41446e602b762da010f495543fe,0x442295de8a31d65026dbc09c29d469f6854f188a,1,0xf92bb2215684c353b4009395061ee7652883c365
0x0125c6ec3cc717f7c151cfa9ba562c46980fd231,0x9080e7888c860f66af0aa251e6bb4121f32efede,0,0x9080e7888c860f66af0aa251e6bb4121f32efede
0x76e27d6c7b8324fd42fe21d63da5195551dc1cc4,0x442295de8a31d65026dbc09c29d469f6854f188a,1,0xc3c05daae54d6d496597fac9403f49ae5b4fb34d
0x79115e25058321407b46294a8a4126a441657ffb,0x000000002c93cad6f9cfd00c603aef62458d8a48,1,0x75c83356987c8d813829d9fbb5de504b547750a6
0x3030d9c6b3054367771a958f57968b4e644c1df9,0x79115e25058321407b46294a8a4126a441657ffb,1,0x75c83356987c8d813829d9fbb5de504b547750a6
0xa327688539d41af619f033a504d897447d564616,0x612e2daddc89d91409e40f946f9f7cfe422e777e,1,0xe588f6581329ce32e40641e20c61a96f296a763a
0x4b83f8b5d82b83a99ad02c52a98ab2cb1ae48ace,0x000000f20032b9e171844b00ea507e11960bd94a,1,0x3f278b55a4157e543d37adf095f5d5a6fbf7df0e
0x03a276ade042a09897a1df120e48fbed20a4d9f9,0x5a41018052863fc1569deeebd63ed174fa1dadb3,0,0x5a41018052863fc1569deeebd63ed174fa1dadb3
0xe243cd91d372d6dca64fab9048246ae5544fbeb4,0x25b7a8ff31a29add22800b308e68dfef3a342e0a,0,0x25b7a8ff31a29add22800b308e68dfef3a342e0a
0x8805ce8845c343f77a63693219af999b286947c9,0xeede4f6114a9f166a52de679e21144656b3d8b0d,0,0xeede4f6114a9f166a52de679e21144656b3d8b0d
0x27687bc6899b30f2b3ac3aefeb2356ca1e97c2a0,0xb1a7559274bc1e92c355c7244255dc291afedb00,0,0xb1a7559274bc1e92c355c7244255dc291afedb00
0x7e00dbf9f8d0f3f5fe15e1d33aa212a236cad883,0x6f1dad28b3c975cd27383f46a63ae02dc7bb62cb,0,0x6f1dad28b3c975cd27383f46a63ae02dc7bb62cb
0x91c8a892afc3cccb1c89e6ed2ccb6040166f7c47,0x3b612a5b49e025a6e4ba4ee4fb1ef46d13588059,1,0xebdd1056d584a162d3ed5019df622e36ebc2fea8
0x9359cac33f99b6a3ceec894151cad6d6a533b258,0x612e2daddc89d91409e40f946f9f7cfe422e777e,1,0x54fb0bb07e58a7ee68caa7a8e4a596b77c1a25cb
0x6efc223652d3555a8394ddbae9c0306de50631ed,0x612e2daddc89d91409e40f946f9f7cfe422e777e,1,0x6a09ef942d5f462da4570332aca16993b8b5d022
0xf902a8baf88793ddf636a8791bd55a62b71c9ef4,0x6fb93f0be8d86c81ec0cc6e02764b548713a5234,0,0x6fb93f0be8d86c81ec0cc6e02764b548713a5234
0x797a4af582a22b968e565b32368c207263fc4c1e,0xa093ba7da11f4cace5fbdc8fcc60fcc11f2a3771,0,0xa093ba7da11f4cace5fbdc8fcc60fcc11f2a3771
0xae03a4b221ca6e087fb5f66e8c164aa4b9bf3523,0xdb6c92a9ccaa27b394f4f496557c319dc22ebc67,0,0xdb6c92a9ccaa27b394f4f496557c319dc22ebc67
0xde5098f2c0d470901afca23094ccdcbfe3f87db6,0xbf6f733534f313c4848a44fab9b181532480b1e1,0,0xbf6f733534f313c4848a44fab9b181532480b1e1
0xe80aeb5637a914d3dbf0e0fe907f2e8c5e9a068d,0x262456d9a98537f4706324666b28bfa4e9d23446,0,0x262456d9a98537f4706324666b28bfa4e9d23446
0xe2ec2cf22ee72b4a3adf5a17ff0ae433f8735a1c,0x643369a63407525585d2c24ee75bae52d7d72eb3,0,0x643369a63407525585d2c24ee75bae52d7d72eb3
0x41228464e123615d2e761cf9122f2b0979c61282,0x612e2daddc89d91409e40f946f9f7cfe422e777e,1,0x159df20083f0c238b70f572c133b45ce3c1f6c0c
0x66b0d89a76dfd11e430fa1278db132f79674a6c3,0xa0f6ce829aea4a96de3eeaa695ad61085dba5c82,0,0xa0f6ce829aea4a96de3eeaa695ad61085dba5c82
0x07077db408e3f621deccdf7e7974f47d706da2e2,0xb3ef4fb22c16e0b3c8ae1241f489ed7e8992b496,0,0xb3ef4fb22c16e0b3c8ae1241f489ed7e8992b496
0x65683990415a669a7ecbd877240818ee458d0f09,0x4b6df6b299fb6414f45719e0d9e1889269a7843e,1,0xff55549a3ceea32fba4794bf1a649a2363fcda53
0xa4b9432c70c522951e8d40e1318e6ec41ae954f1,0xa14ad836a54689f58efc2d090a75b27c8235f524,0,0xa14ad836a54689f58efc2d090a75b27c8235f524
0xfa0c4d062ab8cbe6b5a5bb8c65ca0dc02b1ab294,0x2b29a54bc2b62a2badf1c2090a07db84f19976db,0,0x2b29a54bc2b62a2badf1c2090a07db84f19976db
0x7a785c1ba9dfcf74d9c5a37ca325507e5b2476cd,0x612e2daddc89d91409e40f946f9f7cfe422e777e,1,0x7b913dc0442cbf02c4de8f04e52fdb2cdd88b793
0x8bea99d167cb980831951f9e1a7e25e83824e322,0x31e3c0bb84fea015499c4b1f0ce05650461989f4,0,0x31e3c0bb84fea015499c4b1f0ce05650461989f4
0x7eebc61d5cbccf170e9ab64135771b2a85dd7d93,0xabf0414d7fba3cb737de6bcd3f95a6cdb47db07f,0,0xabf0414d7fba3cb737de6bcd3f95a6cdb47db07f
0xd171f51133ab6b57d1269a5157965a9ee5096061,0x750ee6032fc8304bedd9f0787df91561b1372d28,0,0x750ee6032fc8304bedd9f0787df91561b1372d28
0x87cf1872e9346b3ceba351aa1b0f6ee8724e2741,0xa84187162c75d7ef090e0da71bab9984c0a0780e,0,0xa84187162c75d7ef090e0da71bab9984c0a0780e
0xf5b193822c2804013805501dec638abd018c58af,0x6154570ff4695ed37e883afccaa492c0886bcd0b,0,0x6154570ff4695ed37e883afccaa492c0886bcd0b
0xc42691fd3fc6bafa9a99b769f5b72777486c43c0,0xd4f4c9c02ff72abef04d43c09f36bd6452a6bc6d,0,0xd4f4c9c02ff72abef04d43c09f36bd6452a6bc6d
0x2da9c39419d2213bd986dfbf64e80b2667a0b300,0x5373d8b3403a944bdab547f395cf22df207ade8b,0,0x5373d8b3403a944bdab547f395cf22df207ade8b
0x874af08659e9d289c93a3ddff7bb9aa1b81c69c5,0x63dd4ca1ae7e357bd9466dcbd7196dc46f371af6,0,0x63dd4ca1ae7e357bd9466dcbd7196dc46f371af6
0x85b7e3eb2e3fbafeccdea6b69dd350f6e1c9a8e8,0x5ce9ad759e41bf1b3dfc1a41db940a90d7a43460,0,0x5ce9ad759e41bf1b3dfc1a41db940a90d7a43460
0x563f751b6aa9710769dc7877dba9b62b43a40e3a,0x748575f8aa3da88d478c331dca321282480e6038,1,0x6860f1a0cf179ed93abd3739c7f6c8961a4eea3c
0x3cb38ea27181b9bd6acf41fbd5b20e5017c58ae5,0xf70b13b0116d1e82b75954e1c18e4287d90f88e2,0,0xf70b13b0116d1e82b75954e1c18e4287d90f88e2
0xfa7652ca907e44cf3c07057d9ff4012d6de16e18,0x36925abc061a882bc98680a9bff4c79b08ac448b,0,0x36925abc061a882bc98680a9bff4c79b08ac448b
0x99aed302bbaa80b6bea4eac5314a8db07c949e24,0x41f07238c5096eb7eb68c50fe8ae5addecbbf5c2,0,0x41f07238c5096eb7eb68c50fe8ae5addecbbf5c2
0x9bc487af544faacf745a718683f782d2d52d5e81,0xa2b0e43801e4061d0e34b84eaa19f70ded599e35,0,0xa2b0e43801e4061d0e34b84eaa19f70ded599e35
0x469338a54ae35c18c0a38823f2a5cf4eea248c73,0x997cefd22458bfba80a29dfbc65fe80cd80daaff,0,0x997cefd22458bfba80a29dfbc65fe80cd80daaff
0xd10713449bb790ba4f79856e5c36a1723699ea50,0x431bd0d1f3180710123e11d84407df7e0d59dffc,0,0x431bd0d1f3180710123e11d84407df7e0d59dffc
0x7db8cd89308a295bb2d7f809b05db6389e9a6d88,0x2b729bd9573075da1b79d5280e8c9acad24bcea8,0,0x2b729bd9573075da1b79d5280e8c9acad24bcea8
0x60bd79a32e2f438671fc672b2a7d8c4c95c99fe5,0xa0f6ce829aea4a96de3eeaa695ad61085dba5c82,0,0xa0f6ce829aea4a96de3eeaa695ad61085dba5c82
0x1c991f89667eb9885881a4227353b1d912668a6c,0x784a410b891ee92612102521281a3e222a6e326d,1,0xf9fcd1fa7a5a3f2cf6fe3a33e1262b74c04feeda
0x6753c87078af9aca3b6680e7ada9dec208fe01a1,0x612e2daddc89d91409e40f946f9f7cfe422e777e,1,0x73deb2cf82f241922294e50944d2d3830c5ca650
0xd65c142f49b56fd2b3274ab6aa1277a6ea46fdfb,0xbe539c14b877c4ec3d76dd3374d9507aaf6f4a3e,0,0xbe539c14b877c4ec3d76dd3374d9507aaf6f4a3e
0x8a6e9d9baf17a08628ccd1453ea6ec59c5aaa225,0xb57c75d95a9705f5750b31cc52947d57879a8b6e,1,0xe92cd2b13b6a849316b86d36cac887a629f1e00e
0xf9d21dc7e1e36c1fb6e1490f4bfd9915e8921de0,0xb57c75d95a9705f5750b31cc52947d57879a8b6e,1,0xe92cd2b13b6a849316b86d36cac887a629f1e00e
0x90d759af22f741ff7fc91f22ff2a45333987518d,0xdbdd8330c7590cda7301d9fb867f86f854884407,0,0xdbdd8330c7590cda7301d9fb867f86f854884407
0xb0ed14d59c07f970eb0625046ff17561210d3dd5,0x58add5015bf447ed729893a9af6f60d8bb62504c,1,0x1f12be146e10b6aaef8e0c5684bc17cb66a4c9da
0x2c9196b2eefb6f70e70e6e2cb91eec5920b327d2,0x612e2daddc89d91409e40f946f9f7cfe422e777e,1,0xbd04cf6b60180790dbd87f200db7e4539909e5a4
0x2027f645a51cd219b954f567160573a2322467e1,0x8c60854439a149b93daee1bc52a7e47e1a1e1ca5,0,0x8c60854439a149b93daee1bc52a7e47e1a1e1ca5
0x9a9813752cf595e5013ca39c1aaa3f5458a30dc5,0x4eb0265380fb00d6c980a96f14c8fc0c8ea60aba,0,0x4eb0265380fb00d6c980a96f14c8fc0c8ea60aba
0x72c44454be590f01ad922c8c53cbe8b364fd1295,0x8ebf406bab03273b3fb681017ea89eef57db8f43,0,0x8ebf406bab03273b3fb681017ea89eef57db8f43
0x1896948aa1137ef5e26491a9a2fd8e145da6cacf,0x4422a7247a82095cb5e0ea95ec3cc69c9e3fd038,0,0x4422a7247a82095cb5e0ea95ec3cc69c9e3fd038
0xc43ec24ec4a968ff3ceafdf9a35e2c8118b4cfb2,0xcb8ecb94f6c25af4fab696b91cbb0a1449b98f64,0,0xcb8ecb94f6c25af4fab696b91cbb0a1449b98f64
0xe398c6816e518dcddab0e55020a09a561e58578b,0xc58515cd930c8067c9bc49bf8e923d8d123f5f99,0,0xc58515cd930c8067c9bc49bf8e923d8d123f5f99
0x63afb3c896edcf3af673ed99bc43422b80449905,0x8daa60e0ff964bb4d1f30fae8791626229c3f63b,0,0x8daa60e0ff964bb4d1f30fae8791626229c3f63b
0x58e7b17e66f8f1c78bb1dc2cf6c913a46b10a63e,0xb99172161b5edfb4e01f7ee5feb4264d684541f1,0,0xb99172161b5edfb4e01f7ee5feb4264d684541f1
0xa8a031471b471f568dfab27cbadaa66609c77315,0xff488e57dea73dd92f191a4ebba99434474b8c8c,0,0xff488e57dea73dd92f191a4ebba99434474b8c8c
0x0ce7c4d14d9762eeb561edcaf639575111065d94,0x612e2daddc89d91409e40f946f9f7cfe422e777e,1,0xb25cd9449afed2fb8bd55657b7040ce15465e6fe
0x0001196f33963b1e3a93836887a8080df3888888,0xa0608c1f820f486013457816c293e372a09468cc,0,0xa0608c1f820f486013457816c293e372a09468cc
0x47941dae2a35b179f4eaea75e42f36912c3d0a35,0x44bfd44a61b86832181dbf9f0a782667cd2124ef,0,0x44bfd44a61b86832181dbf9f0a782667cd2124ef
0x885646e10f2b1dea7b561434a215280d2cb2534b,0x41bdd852d3618dc5d6338279f373bf7935dc0242,0,0x41bdd852d3618dc5d6338279f373bf7935dc0242
0x36f20faf3785d226bf5478f9b271a7077859b5a9,0x5248a487092fda53a67adf050728012857addbc9,0,0x5248a487092fda53a67adf050728012857addbc9
0x12264d70697af49e2e8e48f7bd7b22a55c7a04b3,0x241da099df27e6dbf3880fcddc090f3c5d36c808,0,0x241da099df27e6dbf3880fcddc090f3c5d36c808
0x3192be9f1a13047e8f2cd29c246b82b0ea75f8fd,0xfbab0a91d96a3522b3109ea6eda2ebe32878884b,0,0xfbab0a91d96a3522b3109ea6eda2ebe32878884b
0xbb27281ce6a780a5bd99253f37d1b2ea18b4d578,0x8ff8657929a02c0e15ace37aac76f47d1f5fbfc6,0,0x8ff8657929a02c0e15ace37aac76f47d1f5fbfc6
0x894b62e77dadc684d2a9445cf63066cd016e8103,0x8ff8657929a02c0e15ace37aac76f47d1f5fbfc6,0,0x8ff8657929a02c0e15ace37aac76f47d1f5fbfc6
0x11b2164ddf1c3c0a420cead050d422b26530d11c,0x328424e95ec34cc062627508efe55ad01988adab,0,0x328424e95ec34cc062627508efe55ad01988adab
0xfb2774ff73f4661856811c23331107528a9c176e,0x612e2daddc89d91409e40f946f9f7cfe422e777e,1,0x02e79ffc426501a2836234cee2e90eb046f9887c
0xb21f832aa83166a610c29982ebc5fd21b81e6139,0xcfb3616966e9d812c8d0a993ec1b735db15f533f,0,0xcfb3616966e9d812c8d0a993ec1b735db15f533f
0x50902b1ff622bca15a92bea7531394064c2b95c7,0x6e42262978de5233c8d5b05b128c121fba110da4,1,0x946750148557047ab24fa7dfe2fe6a6f7485d6ec
0x21b963cd1b1daf5259ecde73dea321558fcc0820,0x44c913fd50d96f2acc655c6f808ab077025437f8,0,0x44c913fd50d96f2acc655c6f808ab077025437f8
0x3c776febe03c8c913bddb766a7bb71f171da7fad,0xe5e808af42f7495c5f4ed934d428ac4b6394c6b9,0,0xe5e808af42f7495c5f4ed934d428ac4b6394c6b9
0x2d225e1af33fa97217e529a184b71b2970d5160f,0x92c159895901439caa212997d505083a2fe88885,1,0x8afd2b98fc5cd7931fcfa87a7cb5d087f28d8a9c
0xbb8c8e088fc8fb2ba39a82a0288f74cc401a1535,0xa7949b4de5f5d6d19b1b83665b75a017b0a1b265,0,0xa7949b4de5f5d6d19b1b83665b75a017b0a1b265
0x7edc95e6456c7223351a05df85d7d4b9385b3657,0x61451c9c90eba77072301bc6e5304ce501130683,0,0x61451c9c90eba77072301bc6e5304ce501130683
0xebe5c32cfd5eb66ba34419705a62a832fb3085fa,0x612e2daddc89d91409e40f946f9f7cfe422e777e,1,0x159df20083f0c238b70f572c133b45ce3c1f6c0c
0x01fdaf9e58b49df4ca00c9b63a321de5e7164d01,0x50a5838b1c305b21c7f7084f45a03e9900bf43df,0,0x50a5838b1c305b21c7f7084f45a03e9900bf43df
0x66f5c7ad665b5ab9d52714e09573c1ebc3b001a4,0x7354936bc7a72c8baf5a2f9262e70a52c427be4a,1,0x7022d90bf36f2a749b5064dc5efd3b112eba4cc9
0xbc72c81d1763199c7259c0a56871530de8cac440,0x000000008924d42d98026c656545c3c1fb3ad31c,1,0xbcb0d80e95241aa1f299878b68f961f85c0ec9ce
0x924b845008a65d492fcb4982fa01c58070ae6c55,0x63766f0ba77187c277ac58f6997f8bfa799c87ef,1,0xc53a0d45c1611e26ef77f5347b776ebacb7c7332
0xc6c1815e776978a53e4910b8fc13a9037ab09f69,0x80448aecee9c49895f741cc17fa9d97e6df74662,0,0x80448aecee9c49895f741cc17fa9d97e6df74662
0x5139acf099b1489d52cac6dabfe504e2d621f409,0x6c270a8e67a42a12680ca4b17262353189e103b4,0,0x6c270a8e67a42a12680ca4b17262353189e103b4
0x6279e4a1ab7b9d0d5964e61954f6ea1585c22e86,0x612e2daddc89d91409e40f946f9f7cfe422e777e,1,0x9eddafc59b40b6b1d57157e420f758de11ac141d
0xdda97922446b5b0a8a8260410f6cdc8f65a40384,0x000000008924d42d98026c656545c3c1fb3ad31c,1,0xc3d909683270f33842dd8f566f8f960ca219875d
0x6d964dfcba0ff9b01aa764ea83b65d5265a47466,0x757a61ab933ab5a6e09ef5904c561fe204c49e08,0,0x757a61ab933ab5a6e09ef5904c561fe204c49e08
0xe25b6882f46fa62b9fc085b33e7ca48f5cbbe85f,0x2791eb71c88a36dcbcf3aa772aaf4e4122cb716c,1,0xb9d5c93ec9aba93180ddd00a628e8facc3103039
0x8590e51099c9f2939c656917e722af722f8bc740,0x612e2daddc89d91409e40f946f9f7cfe422e777e,1,0x2132ef02c10d47c04957251a0c3268caf06be205
0xef49a544cbea78048c31662eaa0140f5218d8dc3,0x612e2daddc89d91409e40f946f9f7cfe422e777e,1,0x722fc9127214af3b1cdf4d59a5872778983e67d6
0x9f2b4e4b875b6043e7203c47739bbdb850b7eb7f,0x612e2daddc89d91409e40f946f9f7cfe422e777e,1,0x45c1db3098ea7cab18c1776eb3b0915a32f04ad2
0x791f31c9a705c2cfbaa49cc1971bfc935495042a,0x76f948e5f13b9a84a81e5681df8682bbf524805e,1,0xa51a5c83f3a412557fc12a168c533401789a30c7
0x1142c5f13ea391582d58922d0c65e159b437963f,0x717c4342670a724a849aa824877d8e488caf71b4,0,0x717c4342670a724a849aa824877d8e488caf71b4
0x9d47eba01770cc065bc18181a21fa3c851e7e4ca,0x3b612a5b49e025a6e4ba4ee4fb1ef46d13588059,1,0x159df20083f0c238b70f572c133b45ce3c1f6c0c
0xffffeed14c6c4c3cfb897526fa4a23b2f862833b,0xa8c030a6f950537de297b67608dd3e9fe545a2a2,0,0xa8c030a6f950537de297b67608dd3e9fe545a2a2
0x9f484fac67a93cdab49e8f6d441d9bbe72dad3a3,0x4ee1f9da5028d1dd85aca765f405180186572e81,0,0x4ee1f9da5028d1dd85aca765f405180186572e81
0xacf63e56fd08970b43401492a02f6f38b6635c91,0xd77ec5ba85742194487ac7218d2775b8b2da40ae,0,0xd77ec5ba85742194487ac7218d2775b8b2da40ae
0x2d70105d39d53a651a4a6f9495226a108b45aef7,0x3b612a5b49e025a6e4ba4ee4fb1ef46d13588059,1,0xd7d3e409f74900a20c64cf7ffa3228684989f740
0x8d74d619c3103e22a691d4f190632305a19b25ee,0x3b612a5b49e025a6e4ba4ee4fb1ef46d13588059,1,0xbeff486ff699f2f05bd0f11cf0bd49be86018faa
0x9d66e10e441423adac53d0c97c77adf18d01a0a5,0x6b38b2f7f357cf97bd58eb5d2f94e3cdc8a7e70c,0,0x6b38b2f7f357cf97bd58eb5d2f94e3cdc8a7e70c
0xc4301e2329a7fe1b0107c099c6242b00d41bf105,0x0957c60f671744bd013c51af34d140ae35ac1b5a,0,0x0957c60f671744bd013c51af34d140ae35ac1b5a
0x05e788d6cbb61ba2d9a8404cafd0b02bdf76ba2d,0xaf9d5f762deb9c108a1e837e498d376f59ff0aea,0,0xaf9d5f762deb9c108a1e837e498d376f59ff0aea
0x37ff194e3528d89b9047c430d4e1adcbce07edcd,0x79d922dd382e42a156bc0a354861cdbc4f09110d,1,0x8bd671ff94fcf7caff7e396a3ac38db2720db3a7
0x0cf85aef18d55eb1a607d163e5f904e7744f2212,0x3b612a5b49e025a6e4ba4ee4fb1ef46d13588059,1,0x8b78d5c0ba5e86d633204b46bf308d54694c37de
0x1d506bd2106ea67e7c77b7520d717180ed63fd9c,0xa2468e9c68efc6b55859cc67239fb098fb320206,0,0xa2468e9c68efc6b55859cc67239fb098fb320206
0x795ce82a65b9af7d69f651e32f51bbeaf5605845,0x612e2daddc89d91409e40f946f9f7cfe422e777e,1,0x8cac39486c2c80e9e8169fd91ca7b3cd1e72e258
0x61a330b2893fd488f5f2e198d87cef5e1791a773,0x000000f20032b9e171844b00ea507e11960bd94a,1,0xe1c68c8ba91ead0290d3cec7bbb813b59447df75
0x4bb16c7e9dccc0834a9ea8e7fe29229016eaad2d,0x612e2daddc89d91409e40f946f9f7cfe422e777e,1,0x285ba7a980858742401e65ecb5a8859c395878a3
0xc44f396ab51dbc5b03f08dd044e9401e1facc2a1,0xb13c603056a1f04d6889976d24f04fda04b27b1c,0,0xb13c603056a1f04d6889976d24f04fda04b27b1c
0xe03573f3c98502be1d83f251dc16e80140695520,0x612e2daddc89d91409e40f946f9f7cfe422e777e,1,0xad93e04aadc39f425b0f04289817f678eec8e10e
0x1dcdf793930681fd63702c91cd5e06b3f713ef2b,0x612e2daddc89d91409e40f946f9f7cfe422e777e,1,0x14e66025cbaaa8c86ba4fbddc10e5d7a0930b0d9
0x112423592fc313ef04a1c147a7ae3dadb99d7cdd,0x7354936bc7a72c8baf5a2f9262e70a52c427be4a,1,0x4d93e2838590d41b8d17bce0aa588678da6fe35a
0x13008c4e311ebade67c38f651cc67d196d784fa5,0x000000f20032b9e171844b00ea507e11960bd94a,1,0xde26fc17a685698054b95dd4a7756cb7cdd354ae
0xa869041570b1df9fb89c8bbb5048a4ad5cf4cdaf,0x1f3a60fdb6dc745f0be199146e6086c6059fa3c8,0,0x1f3a60fdb6dc745f0be199146e6086c6059fa3c8
0xa513a3e03656fe5322413002cb34292a3b1d5d8b,0x000000f20032b9e171844b00ea507e11960bd94a,1,0xf8107cdff7cdd966e0a5a5a0ba47100993fbc86e
0x8cb5d5cd828a55c0844a47c9c129c8a6cc35f7ce,0x612e2daddc89d91409e40f946f9f7cfe422e777e,1,0xc856a72aefbf85980109233074e50806687cafa6
0x7f68ab722fcc9a9d7284802516eb596c92b480ca,0x8b4f8f688e69bb8515ada430d07f5667956c43f3,0,0x8b4f8f688e69bb8515ada430d07f5667956c43f3
0x55d1eca2973c0b62c4a173b25c3f3410896e69d6,0x521c8f6d3341a2bf34eff27dd110d5485c75ed74,1,0x3c438085bbea3abd86a6d4b0be8c09ac71e92b4d
0xf26914b71bbfa023fd8b71027e0e6aee9570a1ac,0x76f948e5f13b9a84a81e5681df8682bbf524805e,1,0xc4cf182696e3810f654632bff8770ec9ab826db5
0x86f4b464da24151e9c6967db507c0f5fea0b8908,0x000000f20032b9e171844b00ea507e11960bd94a,1,0xa89ec1044014f8e6c969f13382e51d48d51a3b27
0xa350b5ae6bab0e2d788179fb9a06fd7cd8bfed76,0x5b5a37268a24247788d040414b7b9e25063ead5d,0,0x5b5a37268a24247788d040414b7b9e25063ead5d
0xed8eac2b942e86ae2d67eed489394228a1936f16,0xa49c0d9a786e659a0557281b4fa72cf8cf08f6cf,1,0xfbc3b76a206f03f1edbf411f280444cd3fd9c7c8
0x0d685869cf9ce4a6bda2380ca76f504dd18eab8c,0x004cb0824debecf4bc0ce8ee42d1d4db76df3248,0,0x004cb0824debecf4bc0ce8ee42d1d4db76df3248
0x8bd3d1472a656e312e94fb1bbdd599b8c51d18e3,0x3819f64f282bf135d62168c1e513280daf905e06,1,0xf447be386164dadfb5d1e7622613f289f17024d8
0x1b9f6c8de340f8ea576266f1741c50a6e13e9d05,0x3b612a5b49e025a6e4ba4ee4fb1ef46d13588059,1,0x3cdf87cd24ca61655036b98e7f134774cd3d24a7
0x63d29091172ae8533c781c5e9af71213877ad5af,0x3b612a5b49e025a6e4ba4ee4fb1ef46d13588059,1,0x8d53dd419032a1be4f5c650cd7a491d778677861
0x4e1824ca2e3dcef21d8eabcf11ccd2b5fd46774b,0x44a2ee3bb45d002157d2508c1003a4e055d52bc8,0,0x44a2ee3bb45d002157d2508c1003a4e055d52bc8
0x48d176288bf820429224ca3d4627cbedb1ad8228,0x3b612a5b49e025a6e4ba4ee4fb1ef46d13588059,1,0x2fa5ac62ff5c3a2800e3eff0d1bdd14bdeb0e1a4
0x7165b2ee899f9143e21e4b84d1d165dd2f91ebc4,0x6e63a4caeccb4f341ee9c9175c9cc554bdb6d10b,0,0x6e63a4caeccb4f341ee9c9175c9cc554bdb6d10b
0xdf9297045c36d9a36988859918fea10559c6420d,0x1439b4d5a72343b68f12398c649df99d76b2af53,0,0x1439b4d5a72343b68f12398c649df99d76b2af53
0x80d8db460579f17ae208f85d2bd119e03af59f85,0xa636932234ef6ab9163ff7e04cd0f4741a1d8bdf,0,0xa636932234ef6ab9163ff7e04cd0f4741a1d8bdf
0xfeff536ea332cb59ba03d74e3ffaa1e03d43a594,0x3b612a5b49e025a6e4ba4ee4fb1ef46d13588059,1,0x89d1017342eb1c9e7b1090b32f44ac6459324ead
0xf4a7c105cfdc6aabe9ae65bdf2d0df0a567a7ade,0x0ba3f95e960cabfad634835dbdc9afe5732e0d60,0,0x0ba3f95e960cabfad634835dbdc9afe5732e0d60
0x781dfbf68fe2329214b0d6faa0ef2b49b679fa28,0xda4ff7b6a1eb3176c347a3ffc56a26ee82fb6893,0,0xda4ff7b6a1eb3176c347a3ffc56a26ee82fb6893
0xcc7187ddbe8f099d31bac88d8d67f793001d718e,0x12276dac0c791d11e2f9166a2b67e3de45394c69,0,0x12276dac0c791d11e2f9166a2b67e3de45394c69
0x3098f90a2dfa2c800aad29da8ccd18dcd013e628,0x3b612a5b49e025a6e4ba4ee4fb1ef46d13588059,1,0x0133c89051b241c61f956e2a6b560e2c3ed6e7b8
0x77d7459cf18c5f3f1a885f57bebff939f942e326,0x54c8f64e743d00d159388197b956b787836f1fa3,0,0x54c8f64e743d00d159388197b956b787836f1fa3
0x78368f3f9527b6582305bb7467acf9df25d2ce98,0x612e2daddc89d91409e40f946f9f7cfe422e777e,1,0xae6ed8dc4818ab14cc80597c7a553ec9d55f4145
0xa5b03d207fb9ae8ca5ac950932e5b81e23c8aea5,0xffa246c39083704ed6b6e82a5a03e3ed658e3d83,0,0xffa246c39083704ed6b6e82a5a03e3ed658e3d83
0x3d71b6ef690b5ab8d8e7273ffa4b0c9a7b46d8ee,0x38c3b803071828780525e5c962927d9fe70ce0e5,0,0x38c3b803071828780525e5c962927d9fe70ce0e5
0x7b6ad715d1d3389491fb735b58d518d61d6a54e8,0x7303bd4da70a2dbd6d5e99e1ea86ca6b21e5bc4e,0,0x7303bd4da70a2dbd6d5e99e1ea86ca6b21e5bc4e
0x0a1730279b86a00c7214abc624f19261f8fd9a88,0x48cf2a4b8a74974beabf8db1f45f9123edc79c06,0,0x48cf2a4b8a74974beabf8db1f45f9123edc79c06
0x04f15d3a7de80bdf3d3b94df3e7e756c6a29bc8d,0xd7ce4706f31606981dc35255c8ce27934f9a7624,0,0xd7ce4706f31606981dc35255c8ce27934f9a7624
0x28b8f4f6a146db4e3b09652162b33f96ee56799f,0x077bfc14dd6725f260e1abfd5c942ee13a27091b,0,0x077bfc14dd6725f260e1abfd5c942ee13a27091b
0x530e295f7226ebb8e8021f87ea6dcc0d52c6da29,0x208833804d09cf965023f2bdb03d78e3056b4767,0,0x208833804d09cf965023f2bdb03d78e3056b4767
0x5c2c9094bb47c6fee89abd4a6126fb3fb39de923,0xf2dfcf5d9eb2fe00ab0e0a514530c1c5657ff39b,0,0xf2dfcf5d9eb2fe00ab0e0a514530c1c5657ff39b
0x20ce4d7b9b4491d17a8b60aa60d062bbe68cecd6,0xacabfc1ef7f287525d38861069226d0e859d8ac2,0,0xacabfc1ef7f287525d38861069226d0e859d8ac2
0x8cceea8cfb0f8670f4de3a6cd2152925605d19a8,0x9989818ae063f715a857925e419ba4b65b793d99,0,0x9989818ae063f715a857925e419ba4b65b793d99
0x542cdd2366c454a79d743097e8be63e3914869b9,0x612e2daddc89d91409e40f946f9f7cfe422e777e,1,0x6e6ef74909914f9adaeb08a9f6b446d6d99a0e5c
0xa742827acdd60dfbf4c6735949162458e22e3cb8,0x612e2daddc89d91409e40f946f9f7cfe422e777e,1,0x298b8bd664349c6f86d2d4c36c81336eeeaf41a0
0xcc3cac6d9f77681cbff754377ad4599f5d8afd30,0x333d0ebc54707c0a9d92cac749b3094c28a0e111,0,0x333d0ebc54707c0a9d92cac749b3094c28a0e111
0xd5babf8e3448c64056ae7b6e9510e144cadc5217,0x8b375c1488cf58524bacc962a2be732189906739,0,0x8b375c1488cf58524bacc962a2be732189906739
0xa077d3016c19a4d7c971f193a372f9f0d65f5d3e,0x3b2d699110aa1788b2b1cae336e0ba8ff942a390,1,0xcb8e06cb1cfa22347684441a34ec51759376907d
0xc31744b91d548968807cf2b0ef5fd0ebb931ed86,0x11027c71a31f0eb416c6a1067c43a61f45574468,0,0x11027c71a31f0eb416c6a1067c43a61f45574468
0x60b9ba0faa6da520e3bd0cf0d2c15ccb9ca77800,0xa13df1af5aa32eeab634d7085cba5676dc24c54c,0,0xa13df1af5aa32eeab634d7085cba5676dc24c54c
0xdeb1907e79f84863cc11d8fc9d5f72b33a3f2028,0x612e2daddc89d91409e40f946f9f7cfe422e777e,1,0xeea323990c534b924056f94dc402c87cfaead0e3
0x8cce8b4bdceb2618ad08271a6abdd0c6e9820f4a,0x7a79944ac7e770cfd13ec024a4b31b8c5efee60d,0,0x7a79944ac7e770cfd13ec024a4b31b8c5efee60d
0xafe8c663f4f3ad064be96653dd4a17ca60c2cc76,0x4b7a8ce7d004c5c68207f355f6a838c941ff6b96,1,0xf7611388120c6823e04e58bf5e295380f3f7580a
0x4fca7704609a72635ba232d0bffd45a1e4c57a8b,0x68a3fdcceb95410c8d07594dd67bc3752d7af8ea,0,0x68a3fdcceb95410c8d07594dd67bc3752d7af8ea
0xe053d4060823c7ffbd30f2e0de51e57ddb565527,0xa583f5f553047c0050b756cc914efbf3468e29a3,0,0xa583f5f553047c0050b756cc914efbf3468e29a3
0x4fa3b474f6bd332438f509fca1698d789efa06c4,0x735854c506cceb0b95c949d1acb705b31136d487,0,0x735854c506cceb0b95c949d1acb705b31136d487
0x10fc774df99e43f3e5997fbb37dca1c54682a9b7,0x3d014c5f910578cd0611c4c9262143417c60f097,0,0x3d014c5f910578cd0611c4c9262143417c60f097
0x9d8cb881c82a6dc6a548a6eaf77db4c41870df94,0x612e2daddc89d91409e40f946f9f7cfe422e777e,1,0xa6f775c26b7daf9f27bc7476e7c540c3a3a02953
0xc3e5398e073dc86dec440e7c8629060ac3682430,0xaef3e8c8723d9c31863be8de54df2668ef7c4b89,1,0xb93f4505e6d3b9822e09923dfeba9ec082032bc4
0xd49eafe1162aa565c14cdfaff2e0970524552808,0x9080e7888c860f66af0aa251e6bb4121f32efede,0,0x9080e7888c860f66af0aa251e6bb4121f32efede
0x7151e16e285ca1c0aad16f2b39a5b78716262e5b,0x612e2daddc89d91409e40f946f9f7cfe422e777e,1,0xaf8c481eb42defb31ae67319382624a68e28f5e8
0xbee91268f87d12b6f581a207ef8bec78b221dd7a,0x1ca2007d4f2bc0ec2a56ecb890e56e05f36182df,1,0x9ef4be1b1c5bdab8599c3df7a8f54d4700629df3
0x1a36625e52ce880f242339c8b866a4fb1725b176,0x7354936bc7a72c8baf5a2f9262e70a52c427be4a,1,0xf9fd229c2f3082e433b169c3a0e920725386ac92
0x4c13641a40c7969c1ce844424253deba368ecff3,0xbf5984b49dac0bcaa2168ee24e253f0e7ba4b45d,0,0xbf5984b49dac0bcaa2168ee24e253f0e7ba4b45d
0x27265ab39a775e74f103812e21c92edcc60a6e97,0xa6c5f2de915240270dac655152c3f6a91748cb85,1,0x5c2aeb0f2b70e3896d5cde7ed02e78961e53fa2c
0x4d5d9330cd3a049ae46e5f0a5b4fa0e26b3721ae,0x3c9fb65b1477b12543037a59b9676c712104bef2,0,0x3c9fb65b1477b12543037a59b9676c712104bef2
0xd34a0e2b2d51b12b60c0e630897f67822cad9a0b,0x19478179ef8bb7c4792a4041903080e097d137dd,1,0xab9125c59bcd1b63b53ef273deeb08943caa169e
0xcd9223fb37783b05a617d3ec439cb2b336db8e3a,0x7837d5f95b0d9816df0437981e3c2b26160ee7e2,0,0x7837d5f95b0d9816df0437981e3c2b26160ee7e2
0xf565ef67c0e8f4ea52fcbdd230885aabc6ff3035,0x2c325156416cc7b701151dafb6d4c0bdf0d398f0,1,0x191e00192b215b6fd496743df6d273215e33241c
0x12c6b5b6a3a27730b764db20380d9c56e8bd8308,0x9af6f1fc2818b493b071b979643b005912efc484,0,0x9af6f1fc2818b493b071b979643b005912efc484
0x78341970493deddbe3856296afe25cd8891a7688,0xa9ae80450e728734676ffc209014af4021ed1a7a,0,0xa9ae80450e728734676ffc209014af4021ed1a7a
0xfc88326e80f409f77317134feba543d7446e4c27,0x7354936bc7a72c8baf5a2f9262e70a52c427be4a,1,0x82a6f74669c8480b0cefadf63596a3a47c533938
0xcef1c837525ab79539d90244ab7664ac15487f01,0x710779047f287c0c9c20bc575fa1ad005b2bbc4f,0,0x710779047f287c0c9c20bc575fa1ad005b2bbc4f
0xb7486eccec3fa7348ffb0a8bbaf212f9e160715d,0x612e2daddc89d91409e40f946f9f7cfe422e777e,1,0xdf15f4225403aea61d1156c1fddd998ffc0542e8
0xa15e8b310d1f20c54d9fb985d9133182f4205153,0x612e2daddc89d91409e40f946f9f7cfe422e777e,1,0x07d63e9305aa79bfb005d732d31fb2e1a4522f80
0xd3acbe8da4920722285dede491b18a2be82cd8c5,0xc6c5ee2c54c79695ebef26f3171e5b96ed74578d,0,0xc6c5ee2c54c79695ebef26f3171e5b96ed74578d
0x4ed4588083553a695d9896542acc6789d3e05a83,0x612e2daddc89d91409e40f946f9f7cfe422e777e,1,0x2ef5fd989f3f81ff332632e14d2d3427587f7938
0x95764974518e9b390d14fd6609877a0e1af9bd77,0x65f27600931eaed406099448f5768842a727b365,0,0x65f27600931eaed406099448f5768842a727b365
0x9b6e6b33c4a5c8df3d20d9d590fa1869e8e31f1d,0x612e2daddc89d91409e40f946f9f7cfe422e777e,1,0x6a10890f9eb23f3fcb445de6892a11c036c72496
0x57b3c30b21f921d05ecf391a91ce928da064ecdd,0x14b69a129b926ee2ab46afe923dc5b4936679560,0,0x14b69a129b926ee2ab46afe923dc5b4936679560
0x89dbbb21922fcfe686d234d751c5507b6b0cdea6,0x50e758c0158db4595aa6979fea709e52cf08deaf,0,0x50e758c0158db4595aa6979fea709e52cf08deaf
0x54d2f9aec58d9ac69aa28268fce69109e952a4b2,0x612e2daddc89d91409e40f946f9f7cfe422e777e,1,0xa2164514f8e2d9c5f6662bd96a76c90164bf8bc5
0xf8e465c2db4794a87b345414f47f00accaddacab,0xad12affadfb2b52562d530cca9c4a18099431322,0,0xad12affadfb2b52562d530cca9c4a18099431322
0xff50addee177306f3b7321cb4b9680efa4e60914,0x612e2daddc89d91409e40f946f9f7cfe422e777e,1,0xd3a06469a2094c2b57456e701717cc82458e3558
0x7a28a0e28802650d2f1cefebba91c9edc39df3cd,0x000000008924d42d98026c656545c3c1fb3ad31c,1,0xe18821df7291051c94f9d177d4a5e7edc7d2fc3d
0x315d17484ff1da8fbd95377fa31f445b9357cb5d,0x612e2daddc89d91409e40f946f9f7cfe422e777e,1,0xa95d4a8b7d120e36b030b0e81b7f0bf5ca276836
0xafdd4008ab6cac5df08e009efcad4cdf5d92551e,0x4b9c6933e17a12cf79759c5ec74963b1ab3c71d2,0,0x4b9c6933e17a12cf79759c5ec74963b1ab3c71d2
0xc1751c64e973e4813d8c7c6621e5e4ceb567c77d,0x612e2daddc89d91409e40f946f9f7cfe422e777e,1,0xec9df21e35582a6f368a82b4b1cd37431f1653b0
0x4bbaf355e331b359a16f0e71e14db01181809642,0x612e2daddc89d91409e40f946f9f7cfe422e777e,1,0xe6fc7f4aee4e213da4203d2d5e18210443c086eb
0xaa98002fe3d731f572be342df9db9eae9a356166,0x612e2daddc89d91409e40f946f9f7cfe422e777e,1,0x077829fd20cce1f05a3782039fd509d82476ec15
0x8ffc6bfbce284b508f0e53b8599f8f03ffeb452f,0x000000f20032b9e171844b00ea507e11960bd94a,1,0x03f63ff2bbb3bcceee0a1c4dd776696a8d39bd3e
0x0f62e3209cd64299f5f97943c01e15e196bcbd44,0x000000f20032b9e171844b00ea507e11960bd94a,1,0xa01403f492a38769c550c31e0a2e61ef64d05ead
0xba9201e41829e746be057420257a788400527e2e,0x612e2daddc89d91409e40f946f9f7cfe422e777e,1,0xa611de28d0a57d435e83dda353f5fb164cb2c9cf
0xdf5e8868f7f3872fd768303d0801f4cf3f58746a,0x49a6374a6d792b345f7029577a3b7bdadb29cd80,0,0x49a6374a6d792b345f7029577a3b7bdadb29cd80
0x466279e153fe2dbd76519149122937782c587408,0x80448aecee9c49895f741cc17fa9d97e6df74662,0,0x80448aecee9c49895f741cc17fa9d97e6df74662
0x60a833fcb4d14cd5149561621300495f409bceee,0xbb7a17b6ccfb6dcd152e098d7c8519f0b334cd13,1,0xd89522b2c23137c356fbf9090341fd74432fa4a2
0xc541e891e0062b92da84abd99f885d4e6e69aaaf,0xf5a504bb8674249934c839baa05deb10bc6c110e,0,0xf5a504bb8674249934c839baa05deb10bc6c110e
0x4cbfeba3ede77bed834fc26d913206bdecf5e4d7,0x000000008924d42d98026c656545c3c1fb3ad31c,1,0x182968e122c65b26451ef880a9996bce97117e3c
0xf3765422c46e10afb4233447afec6ae979173009,0xec51a95a0cc147dfac92a3a9cac6db1f80a5e059,0,0xec51a95a0cc147dfac92a3a9cac6db1f80a5e059
0xda7cc4cda1ca1bccd58b86836b868739e4c84c81,0x7354936bc7a72c8baf5a2f9262e70a52c427be4a,1,0xaa4bd3330b9d8520775c0f5ec8b90ed436dccd17
0x124289aa07d824831602b7b6b454ea4e227959a4,0x63956afbb6fd0c1ba7540e536cfe2db5ad15ecd4,1,0xd949ffa3912384f636d2365a2c1309c308d2dd15
0x1121c55bc6cbae21b7c9d2e95527b562c913b6c8,0x612e2daddc89d91409e40f946f9f7cfe422e777e,1,0xc94469ea8f0b62e98d4e87be1ba849e503c3caba
0xd830513acba827bc219650c322222c0a18061ce2,0xa6c5f2de915240270dac655152c3f6a91748cb85,1,0x7943d2363796a0088b1223533ac2dcbcc0b910a6
0x737f814d1d05900f4ddaf3f116399940682f4195,0xb2019531de3bfda451668acfe40fb3aee59975b5,1,0xab65ac00348cb00a39581ecd3e44930955369900
0x6ec04e4d05be21187a01da9cc3aeeec14be893ce,0x612e2daddc89d91409e40f946f9f7cfe422e777e,1,0x113da1cffa1be02d07c3c38f3c89d6f8126ce69e
0x687fc87087e179c3cc05a031e9ef71e1532436fe,0x000000f20032b9e171844b00ea507e11960bd94a,1,0x0181143de7b3477bfad3ee4470f4ddf3d60b7dff
0x3332a12423145f72f32b6d8e1877bff0f0737f65,0x000000f20032b9e171844b00ea507e11960bd94a,1,0x5d38ccbf941c6c8312c3c09550f2701ad36073b3
0x3d126031a109a93bc6d80f04ba5684a0bdd9be1b,0x4206957609f2936d166af8e5d0870a11496302ad,0,0x4206957609f2936d166af8e5d0870a11496302ad
0xabecccb811863d895933199b94696500071ac51a,0x8f29dd495319bf170952423f1412aac0a361ba97,0,0x8f29dd495319bf170952423f1412aac0a361ba97
0x191b7d1cfa89c9389bbf5f7f49f4b8f93ec3740f,0x0434fbe14302ddac7615317b4001703acfff39ba,0,0x0434fbe14302ddac7615317b4001703acfff39ba
0xa44d6f0eba63a4a7ae268ed30c3569a7b8cf59bb,0x523a261647810cc7ebc867f6d0f47ecacbdeda46,0,0x523a261647810cc7ebc867f6d0f47ecacbdeda46
0x69e734d3a64a430cafde0a380711510bb73df008,0xc5325831462d809fbf532d71029fa3efe35cbcce,0,0xc5325831462d809fbf532d71029fa3efe35cbcce
0x18af15468e5704824383183f33db13ec618b918d,0xae88713290624d9fea55491647dc600a85439371,0,0xae88713290624d9fea55491647dc600a85439371
0xfd8917a36f76c4da9550f26db2faaaa242d6ae2c,0xd0c4bec1af0cc525d3f4b07a108c84156d34f4c7,0,0xd0c4bec1af0cc525d3f4b07a108c84156d34f4c7
0x875baff0bc7afe4f409c5162695a95c6fd0eb674,0x3b612a5b49e025a6e4ba4ee4fb1ef46d13588059,1,0xb7c4414aed67d500fc8ea346181eaa66455dab4c
0x09b1a9dffd64e6dcadf4241e0fe66817e21c7a68,0x6a4aa35badeb1417811edb4d005384678f4da79e,0,0x6a4aa35badeb1417811edb4d005384678f4da79e
0xe25f0fe686477f9df3c2876c4902d3b85f75f33a,0x0aa1f3d61e7c325ae795737266c5fd6839819b86,0,0x0aa1f3d61e7c325ae795737266c5fd6839819b86
0xce06ca7bf805015cba1651fb395c128476ff562b,0x2266ce59f43da900c03bf3b5a50de7f097fa9114,0,0x2266ce59f43da900c03bf3b5a50de7f097fa9114
0x75f68208e846e2c4d43d8e30bed11a131337ff53,0x612e2daddc89d91409e40f946f9f7cfe422e777e,1,0x6140f00e4ff3936702e68744f2b5978885464cbb
0x8cf407a7e9573916c8917279ce9038ea74121e6c,0xeb9b9acdf515d141e818ab8234329e92775c8603,0,0xeb9b9acdf515d141e818ab8234329e92775c8603
0x1aae1a668c92eb411eafd80dd0c60ca67ad17a1c,0xbc4a6b0d8ffe88d32561bb672e0c2ea84ae6cbe3,0,0xbc4a6b0d8ffe88d32561bb672e0c2ea84ae6cbe3
0x0e4b654fc57d68fba4e64932e33e515a9400a65f,0x2dfa21a5ebf5ccbe62566458a1baec6b1f33f292,1,0x387a161c6b25aa854100abaed39274e51aaffffd
0x8586e247924f23f3e33b8fcc06bbe4ae3894ffc9,0x000000008924d42d98026c656545c3c1fb3ad31c,1,0xef0edd9405e4e9007bd40b20d867667fd3b6fdc9
0x87739a10f06c08468206008f6cf1abab8e6e9a0d,0xa6d709ba3cef76c8a0ed2e59f96ce37bf15afee0,0,0xa6d709ba3cef76c8a0ed2e59f96ce37bf15afee0
0xa0614a62fcb961ea69d5ef15236d5327c933eb62,0x000000008924d42d98026c656545c3c1fb3ad31c,1,0x657c1f8421ae93e88fb3171f019779e87b0263ca
0x2d018d51dd6ce858f4bf266521ca13059d607efc,0x11caca3c1c5f492c5a4ff0648f0741310830e27f,0,0x11caca3c1c5f492c5a4ff0648f0741310830e27f
0x27df6089944baf1126e4241d8ba3fb876f224afe,0x71bed0c6344c817a5a6b7d2f848d35f2b67c92a4,0,0x71bed0c6344c817a5a6b7d2f848d35f2b67c92a4
0x011b6b8c93eb329509964c19d748e37715e8ce0c,0x612e2daddc89d91409e40f946f9f7cfe422e777e,1,0xa041d30f2fc0c83df3ad8fdd1a5a9719f4da2d6c
0x8984927887e56fd0fc1793c06066c4768ab20661,0x76f948e5f13b9a84a81e5681df8682bbf524805e,1,0x6cc38135d03da8a8f1a893d7058d07354ea648af
0xea020f0f91eeee9a575ea6a19bf74b0c33b6a420,0xe9c64ceba64555f062771697c7a55b166514b461,0,0xe9c64ceba64555f062771697c7a55b166514b461
0x43bcf01872f623853062c9557cc5af37fd898eb5,0x000000f20032b9e171844b00ea507e11960bd94a,1,0x75d0cfa9b56fea461447893d85a1950460c58e9d
0x5140dbbeb64d478f246e81abb69f7017b6f437fe,0xb1595c971b574b66874e85d0caa30d69060c74bb,0,0xb1595c971b574b66874e85d0caa30d69060c74bb
0xbd5bd01e9445d24d83e8607ac0a64d71c9d36933,0x139c8919ce2b7fb8a04f929d83b8c54c116c692b,0,0x139c8919ce2b7fb8a04f929d83b8c54c116c692b
0xa25568a11af738d8fb53479302cea99c521ec688,0xb00a0af5ed3dcec55e2222e25a151ae35408e0e6,0,0xb00a0af5ed3dcec55e2222e25a151ae35408e0e6
0x8bd1bc01a8f0350c1c721279fb41f7010133b554,0x3b612a5b49e025a6e4ba4ee4fb1ef46d13588059,1,0xa2b0e43801e4061d0e34b84eaa19f70ded599e35
0x8f2224b40fe0c390bdd2c20132488a29b382fca3,0xa49c0d9a786e659a0557281b4fa72cf8cf08f6cf,1,0xb9d5c93ec9aba93180ddd00a628e8facc3103039
0xbe3b36dd4cb2bbece8642a8a0431025e9ef40638,0xd8c77a29dda47eedbd5f56cc67f3b44570467941,0,0xd8c77a29dda47eedbd5f56cc67f3b44570467941
0x9a647940da0f730dab76f5d594c83a4788899551,0x4b2ef7127640964bf5cef3d1bf8d8f72d8d386f5,0,0x4b2ef7127640964bf5cef3d1bf8d8f72d8d386f5
0x8acb0bc7f6c77e4e2aef83ea928d5a6c2a0b7fcd,0xa5067aabb149076008fc798378ec0b77933f9cd5,0,0xa5067aabb149076008fc798378ec0b77933f9cd5
0xdda7103fce0d6cdc6ac456161b1c66732d55f32b,0x01fe257ae7701bf2a89d447f1591ece2daeeb679,0,0x01fe257ae7701bf2a89d447f1591ece2daeeb679
0xd7448ccba6e1c01a5fbe4748e062c500fcfdf4f2,0x9a7a0670a66a6efe1a15b97f3dc0f8f47d7b11c3,0,0x9a7a0670a66a6efe1a15b97f3dc0f8f47d7b11c3
0xa3c7b833807ad597b4f8814e69a0197c40e274e7,0x612e2daddc89d91409e40f946f9f7cfe422e777e,1,0x9218a98c54b31befa734cfd2a469e34f68dad5e0
0x33dedba07639f3604f93dff6fea20bab0c39fc76,0x94c2a349a528180281e0c6f4fbacb544ca72beb3,0,0x94c2a349a528180281e0c6f4fbacb544ca72beb3
0xb4687c26f4cce15a505fe2850e031c5737705ce9,0x513014c917e8f37a77bbd1d79ea5701af5474eab,0,0x513014c917e8f37a77bbd1d79ea5701af5474eab
0xf4539901ea3f319ef92888413796b59b26ae4c4a,0xeeb310c1ff4637f1782666a8c173f97dc70fc0d0,0,0xeeb310c1ff4637f1782666a8c173f97dc70fc0d0
0x84c3d6f517fa1a3a627dc894b9fea05db9f0cbb3,0x6685fd2e2544702c360b8bb9ee78f130dad16da5,0,0x6685fd2e2544702c360b8bb9ee78f130dad16da5
0x11c3e2c4329df91f65a16612de90077498cfa6ca,0xc985c6055817bdf623d09efbe16dde8ddb05acd1,0,0xc985c6055817bdf623d09efbe16dde8ddb05acd1
0x73ef1eed3e44e83e0b307419503a89b7fd98af2a,0xfedeb3992cb5a8beb62d6503996825962a863e00,0,0xfedeb3992cb5a8beb62d6503996825962a863e00
0xef25b275bd378fe382780a0c6144383b7103b276,0xd96e09913ee3e3afafe0921e2baf973aac8483d9,0,0xd96e09913ee3e3afafe0921e2baf973aac8483d9
0xc04467a14729dd48f9dc5be01a2d4e322325be2f,0xa456e02f76f5cca65aa342517d16b6658d8d5409,0,0xa456e02f76f5cca65aa342517d16b6658d8d5409
0xde6f027df39204b02f2304145900b360804f4100,0x612e2daddc89d91409e40f946f9f7cfe422e777e,1,0x1d3c4142c351f27463ffbc8c119e00511cda05fb
0xb6d5b7355821c74530455094f0c439b08b6eb26b,0x33602b325f169741662cd33c3f693eee8dbd20d5,0,0x33602b325f169741662cd33c3f693eee8dbd20d5
0x605fc905e257eb6e9d89dc193171b32a6db69ff0,0x1084bb5da62c4808acd81e38566184dab00bc0b4,0,0x1084bb5da62c4808acd81e38566184dab00bc0b4
0x5a9a77a14466a5eee68c39f110a2e3c6a44f2ef9,0x1ed826b8d24570db1a991c3e170177dcd1459a2d,1,0x1a2be848d7958570966cc20b1c521d8945cda8c1
0xab3d9269c340411c0e6fbcfddb6a1b86295b256b,0x0d11177f9e14014956a9d487dbc9748fa022dd9c,0,0x0d11177f9e14014956a9d487dbc9748fa022dd9c
0x65ab5fb07b19b3bb2ed76b8f5986b91782870804,0xc52c70ba469f4fde1c2aa601776b62a1685d7a5a,0,0xc52c70ba469f4fde1c2aa601776b62a1685d7a5a
0xc43dae48471d2e97071254a8d46509832e8743d9,0x2302622a9e02ccc5afd052a1c23fa929e103867c,0,0x2302622a9e02ccc5afd052a1c23fa929e103867c
0x26e2c45c32a67a81e28ecdee3bbf903ae920e48a,0x0f0eae91990140c560d4156db4f00c854dc8f09e,0,0x0f0eae91990140c560d4156db4f00c854dc8f09e
0xc4e111a8e5e181033dd22da8ab55f16a6fdd250b,0xb514ee26570e08c42c73511480909373399adba1,0,0xb514ee26570e08c42c73511480909373399adba1
0x10520abe00e4edee7899032719a60f0595c53a3c,0x192fcb7706e539a77dcf1766d64bb49a468d80d7,0,0x192fcb7706e539a77dcf1766d64bb49a468d80d7
0x8a0dd769bdd19ea5c20328e6cd378b984faced5c,0xfdf49581afb48e516acb98043ac696d52a11d704,0,0xfdf49581afb48e516acb98043ac696d52a11d704
0x08c4b49041e6e2f30399ae3757ab86d740a6b2c4,0x612e2daddc89d91409e40f946f9f7cfe422e777e,1,0xf59e1cfe7780c2a512be24d49834943318753e92
0x76784b48e877689b8525272f75487321d126e4a1,0x6e42262978de5233c8d5b05b128c121fba110da4,1,0xe45d2f31be584fb570a3952b433eec40b7da5640
0x152762cd2de972d4caef9b84142598ba586d06a0,0x421a120d49dddfbabddd8a39e43561aea41885c6,0,0x421a120d49dddfbabddd8a39e43561aea41885c6
0xf8f207ad1dbc71f218c952eb536bdb533d36fa65,0xfef90ca67dd1774a912fe59644d848f1e97363fd,0,0xfef90ca67dd1774a912fe59644d848f1e97363fd
0x9d90669665607f08005cae4a7098143f554c59ef,0xf74b146ce44cc162b601dec3be331784db111dc1,1,0xc2a6116e9a1f9add1bb87eef308f216bb0304c38
0xd539e71371414f027af025fd1effb6e11b5c902a,0x1fd4e198baf6e6d035eb065ec154c91ac73f5b75,0,0x1fd4e198baf6e6d035eb065ec154c91ac73f5b75
0x6cbd2ce7fc763fbd160c6adfdd938f7ae63dd2ec,0xb98895b899feccfcc981fe20ab22cb022186fa2c,0,0xb98895b899feccfcc981fe20ab22cb022186fa2c
0x77c6baf73eede8f745e38e191111bd66856a9960,0x612e2daddc89d91409e40f946f9f7cfe422e777e,1,0xd03ab610e89942c812c81694c19cabcc9dd7e40c
0x07b745968cd157906a058cd878362e47856a006e,0x612e2daddc89d91409e40f946f9f7cfe422e777e,1,0xb4c4fce42822e6cf6bb2cfb77cdad50dcdaa19f0
0xba84cbe4d8f9d72c3b66a212fb78b48470d44b2c,0x612e2daddc89d91409e40f946f9f7cfe422e777e,1,0xb79c26fafaafeb2835ff175d025db1b9deeedf5e
0xe07d6a4b99017ab280115f8711067871a4450640,0x28f0383cd84794daa7bbbe3434517860b941d73f,0,0x28f0383cd84794daa7bbbe3434517860b941d73f
0x4d6b4929d534387958d70dcbc26b31d32dd35b90,0x21bc9179d5c529b52e3ee8f6ecf0e63fa231d16c,0,0x21bc9179d5c529b52e3ee8f6ecf0e63fa231d16c
0xe19f171f4d8814045ea71a67acd24797d0930255,0x5dbc7b840baa9dabcbe9d2492e45d7244b54a2a0,1,0xbd034c29dd2183523ec7fc965319933a92549f22
0x08e32e198a3af978cd2e161fca9b0a0830ab8bf0,0x612e2daddc89d91409e40f946f9f7cfe422e777e,1,0x02b165144c45f30452ccbbda356de42316b89626
0xe59b419fac4b9b769c4439e7c4fde22418f11c89,0xb4ed960387e67f5354e29ea2dbc31e1ad2de8ff0,0,0xb4ed960387e67f5354e29ea2dbc31e1ad2de8ff0
0xea266825a8e8901e60b44b838df286bc98479b87,0xb179736efc88d0d54653d6c4e713e30f0528f680,0,0xb179736efc88d0d54653d6c4e713e30f0528f680
0xaa4e48b2bbec6015fe085e9d4aa873eac66299b4,0x612e2daddc89d91409e40f946f9f7cfe422e777e,1,0x77d3b23f38968f49d43ab1fe7e3920d7a05b92e2
0x4790e4cbac1add9278554211663acd14cf45f543,0x88866e4c27e01c20691edb0770a6e4c3bbf0baa6,0,0x88866e4c27e01c20691edb0770a6e4c3bbf0baa6
0xe85f1e9ceaa877cdde5b6b1e5569c93dabcbfdb6,0x6de4d35786c9bf77d48d8bcb2e8df2f93bd83aed,0,0x6de4d35786c9bf77d48d8bcb2e8df2f93bd83aed
0x976e592215b8415a917001ee5b2f61695e4e516f,0x5ff61498d05c64a74c222f8e68b8c00d7086a3b3,0,0x5ff61498d05c64a74c222f8e68b8c00d7086a3b3
0x2e0166ecddf2388f4a720b3d780443cd38cd7c26,0x612e2daddc89d91409e40f946f9f7cfe422e777e,1,0x1de5b2a59514415b0e1bc40953d86f1e7a462092
0xfe290c10643cb89381c18400148cbe7217141a0e,0x058fa9ec3cc8c17ee66ef17733df14d7619761cc,0,0x058fa9ec3cc8c17ee66ef17733df14d7619761cc
0xcf9c49b0962edb01cdaa5326299ba85d72405258,0x2a7d6f5b8f57bcd3ee0e7d04291dfb35b7c643fa,1,0x823204ffd4faa09fbf2aac51a290233e829991a1
0xac2df2a1eb8f0395ca598d20b1a707a63415f779,0x5b535c3cdcaeeb1b63c54dcc3b6dd481838722bc,0,0x5b535c3cdcaeeb1b63c54dcc3b6dd481838722bc
0xc03a8386c517ef2b29477850448e63c4c74efa3b,0x1002f401d4e664424e8e850d48603f702cf8c0bb,0,0x1002f401d4e664424e8e850d48603f702cf8c0bb
0x8539b9d8ae8fff7f6f158a75f65c6757f8b1cf2c,0x63e0e1312a693a3e113574060c424d1411ab4d55,0,0x63e0e1312a693a3e113574060c424d1411ab4d55
0x07d8a0e4bb14a55e53a40f354f4f27e7b0ae7a24,0x8c3605004f26b38f3719fab423ab17c4599a43bb,1,0x2f2d07d60ea7330dd2314f4413ccbb2dc25276ef
0xc7f29bfbeff4745165f847dabb0da13f41758d62,0x8c3605004f26b38f3719fab423ab17c4599a43bb,1,0x2f2d07d60ea7330dd2314f4413ccbb2dc25276ef
0x111148e9577a36e38bdba2aaef9c476aa70411ca,0x612e2daddc89d91409e40f946f9f7cfe422e777e,1,0x236d39ef93ab3ef782ca1a62495d5ac8eddef530
0xae18f036459823223f5baad8137dd50663f96644,0x8c3605004f26b38f3719fab423ab17c4599a43bb,1,0x2f2d07d60ea7330dd2314f4413ccbb2dc25276ef
0xdbe12df880bf3755dee42a7dabf6cc5d5ae1966d,0x8c3605004f26b38f3719fab423ab17c4599a43bb,1,0x2f2d07d60ea7330dd2314f4413ccbb2dc25276ef
0x260dc4fde4a132a7b924c258c0b8a6304bf7d79f,0x8c3605004f26b38f3719fab423ab17c4599a43bb,1,0x2f2d07d60ea7330dd2314f4413ccbb2dc25276ef
0x88d6c1da2ac53a3b1119d4c7f86c0e033db99248,0x8c3605004f26b38f3719fab423ab17c4599a43bb,1,0x2f2d07d60ea7330dd2314f4413ccbb2dc25276ef
0xbc2293d68751b970c8044f0c3948503793ed306d,0x8c3605004f26b38f3719fab423ab17c4599a43bb,1,0x2f2d07d60ea7330dd2314f4413ccbb2dc25276ef
0x9607bae77a28b344ef3dc66a14ce94ab3afef884,0x4fe130bab0cc799c8c497d3e4aa51c1f1fe2028b,0,0x4fe130bab0cc799c8c497d3e4aa51c1f1fe2028b
0xd7ae66e3754ae7f5aecf15f19232c81061ffbe4d,0x612e2daddc89d91409e40f946f9f7cfe422e777e,1,0x6426c2323f16bb354dc363d37dff66b250c3472a
0x049ff2d10d87b265bf6956d8f1b3341e8aed8765,0xc4d3cfb90afb667cad738b49b27f87f08827d82b,0,0xc4d3cfb90afb667cad738b49b27f87f08827d82b
0x8e9c90cb462ef829ea79dc4176cc26a142cb6a6d,0x94dd12f273e34fc780538522c6bc63006fd432fb,0,0x94dd12f273e34fc780538522c6bc63006fd432fb
0x4445d2bc14dcb2adb7330347310c5aa68013984b,0xb358e711c5db1ebc7caff4f4781c8f2575da6338,0,0xb358e711c5db1ebc7caff4f4781c8f2575da6338
0x1921712bf78777a671d59ff95c62285c0c1ddb65,0x33a003fcf9a84d32b40b7946d313c54451ce28b4,0,0x33a003fcf9a84d32b40b7946d313c54451ce28b4
0x7fadd8ff493f7f1026aadda0c78a43a0bd8eff78,0xcd95f9aa3eaa27e6dc6b988b303f917f020fa99f,0,0xcd95f9aa3eaa27e6dc6b988b303f917f020fa99f
0x5889b3c9d89f3db61eabc9f203e888c46034d4a9,0x612e2daddc89d91409e40f946f9f7cfe422e777e,1,0xc4edb75465de2768f00e32528e0c28df13dd6a87
0xcc6669c3b72cdc28efc5463cc411a18aa45691fd,0xbd828074217cbadc7dc6f8b63fe2deb199bd4678,0,0xbd828074217cbadc7dc6f8b63fe2deb199bd4678
0x2eb7e1df897fbca9762146471613cbcc7abcb460,0x54da18c6e1486bffa1fff5d19e6f709f98413426,0,0x54da18c6e1486bffa1fff5d19e6f709f98413426
0xcb2b90f3f4228541c880d0b4fe79ab4a96ab3059,0x2c325156416cc7b701151dafb6d4c0bdf0d398f0,1,0xda5e56e6a41230ed87f39b7c65ede7a8373de403
0x5af9447f8543a062097c3324255f513ad75c9dc7,0x612e2daddc89d91409e40f946f9f7cfe422e777e,1,0x66187b4b96390880419bab3075373230b2430a5a
0x9450c23a2a385595dfd0335234091e1513bd3e34,0xab5cf368aa36cecbb4547c8dd7dd6b46710a380f,0,0xab5cf368aa36cecbb4547c8dd7dd6b46710a380f
0xd8e0064acb0fdb0af1e559cde7c1d672ebf6a085,0x2c325156416cc7b701151dafb6d4c0bdf0d398f0,1,0xeb581e9b774686a478a503012c0c0fe94b66514c
0x51ccac006f3fe63ebe82a4a6c57c478ad5e3dfee,0x612e2daddc89d91409e40f946f9f7cfe422e777e,1,0x42f713c8092a51a9c4db857754a1ac6635ca41e3
0x9b75c68c38947d2ef7722e09e35f0e63c817fb86,0x612e2daddc89d91409e40f946f9f7cfe422e777e,1,0xb33a49e57a614a6831bcc25c8006bf799a3d4ef6
0xf5924ae7770f197a371085b5f12d195382efe8c8,0xbfc9f6c46715755e2ee8b01f20ab36d22cb4ad4f,0,0xbfc9f6c46715755e2ee8b01f20ab36d22cb4ad4f
0xf8824b8f87b1196742157cb01ab254ce7249287d,0x7c44633446085f35fbeadd503e0b8d619c74d907,0,0x7c44633446085f35fbeadd503e0b8d619c74d907
0x94fdc7f01e4bca71fa6ad004a448c7666ba82218,0xe91e2d68a806479282bea7ce9106fbf8591008c4,0,0xe91e2d68a806479282bea7ce9106fbf8591008c4
0xcf87bb72b79f29cf11aba575058930811b42a8c1,0x9f621276d7f8ca616d76de692464aef6159c3eb4,0,0x9f621276d7f8ca616d76de692464aef6159c3eb4
0x22690a594946873ebd5990233d9a21afac2f1393,0x3b612a5b49e025a6e4ba4ee4fb1ef46d13588059,1,0x44faf1f921a00d5d16a970632749bb1d6947d818
0x4101e52abf700783ce1c585884edd44a57422d20,0x1660207bf5681c9cdb8afe3a16c03a497a438753,0,0x1660207bf5681c9cdb8afe3a16c03a497a438753
0xc0d258c1184964a54819f9aabff122611f6a81ab,0x3b612a5b49e025a6e4ba4ee4fb1ef46d13588059,1,0xc0b4fc09b224ab456d49a2891647cd9376edb7cf
0x2aa71f65d957b4f84594336de0fa3629f018c867,0xb1b3751834646fb999edd18ca62c69663071cf43,0,0xb1b3751834646fb999edd18ca62c69663071cf43
0x5188778677b9c337d6fc4e7e3751592c7e6a3992,0x42b401b8d96a3f80500d375d1054ef7650a98fbe,0,0x42b401b8d96a3f80500d375d1054ef7650a98fbe
0xd722f7bfc9faac4219f4b0e248972d1b056d2709,0xb21830531fb573a4cb328f93e556383446550288,0,0xb21830531fb573a4cb328f93e556383446550288
0x8e720f90014fa4de02627f4a4e217b7e3942d5e8,0xce11d6fb4f1e006e5a348230449dc387fde850cc,0,0xce11d6fb4f1e006e5a348230449dc387fde850cc
0x0e53d60fe2d53382bb8f3cda6fdbc9aa1e15d2b3,0x3b612a5b49e025a6e4ba4ee4fb1ef46d13588059,1,0x6a27dfd931265bbbad549a9697a10e8da3dd5734
0x4c5b0850b0b2c9ad44d9f6346a0db3c3cecf5c41,0x0c52af4921aaf20dcdfd2853e1e2f700f7a0c191,0,0x0c52af4921aaf20dcdfd2853e1e2f700f7a0c191
0xa169aed5ad2665f75cd9eb36ea09822933515ab4,0xc34ef2e1f74403c1366f7ee8e02465378734994a,0,0xc34ef2e1f74403c1366f7ee8e02465378734994a
0x589ed25cc783c12042718bba9b4effd22ef1ebfd,0x3b612a5b49e025a6e4ba4ee4fb1ef46d13588059,1,0x08911f346d85a2509faa3ffca2eff282cce6464f
0x000e7d8cfcbf11da47b55166c4460c8c6106569d,0x4598700af6b128aabfba084c0eb8f7a513fad825,0,0x4598700af6b128aabfba084c0eb8f7a513fad825
0xadc2cc7e19bec93a5a42b264b49d6159d7740929,0x612e2daddc89d91409e40f946f9f7cfe422e777e,1,0x64a6b6dfcddc33c648d8354d57e47c7be08815e0
0x79d1067965055fa4c5bdf212beec9b94f2ecc905,0x978d6c13edf708985b889ae0a07ca098d470d8dd,0,0x978d6c13edf708985b889ae0a07ca098d470d8dd
0xec2d221ce9ad6e47db1f6085d08cd9b7b3f29714,0xdd463ffdefb22424b068120a306cbebeeb38a172,0,0xdd463ffdefb22424b068120a306cbebeeb38a172
0x740b1f0ae67d9d4e814726374e44c9208ada8010,0xa6e5411a621a00d5195bb55d736505f4a5e7c289,0,0xa6e5411a621a00d5195bb55d736505f4a5e7c289
0xcece2f0023d8238f9073d3ceb90f0dbbea682923,0x76f948e5f13b9a84a81e5681df8682bbf524805e,1,0x3f9e688a49030654da21fb7c8549a0ee4f4b1a0c
0xb586d1dc01178ce79046e00ede62a3218722dfdd,0xa7e68700499ebcc36a00c9a595f2aeffb688041d,0,0xa7e68700499ebcc36a00c9a595f2aeffb688041d
0x27360e424987cc8d34c97a4512ef4597f4a5696a,0x0000000000aec84f5bfc2af15eafb943bf4e3522,1,0x117531aa4486d3bc4c638a61e21423ae2703ce05
0x835cb26401d219ad19c0e21b8942d9c4255d1529,0x76f948e5f13b9a84a81e5681df8682bbf524805e,1,0xf8cf2c7cf7897466eff42700e0970f27ed1ff2bd
0x83ca465f4623b2faeff7e87c6c97900ef53f4bbc,0x612e2daddc89d91409e40f946f9f7cfe422e777e,1,0x820fe1a7965a8693c409b2ab7673271bbaadff94
0x07df85a194bd4ec9626ab1bd863c1b0ca863ee03,0x7354936bc7a72c8baf5a2f9262e70a52c427be4a,1,0x038e69c19a7a3dcffa46f33519e5dd8c3be4f6f5
0x52454180713ea8e886d5b9e9f487998896b47224,0x76f948e5f13b9a84a81e5681df8682bbf524805e,1,0x2148739259665739501911c145e4b2cad81e68e0
0xb00b42b5baa62f6ce800fb919b3d090b51c4463c,0x81c306bcdc036f334ef4fb8f85a8e6be730a0763,0,0x81c306bcdc036f334ef4fb8f85a8e6be730a0763
0x5b48940407b8df1fbe8a755b11df3b11557eaf7d,0xaffed4f375d686e8d38ffda8009c5d8c126f00a6,0,0xaffed4f375d686e8d38ffda8009c5d8c126f00a6
0x1d4c7e9384bd53d54ebdcbe6cf5310061e4c9a88,0x000000f20032b9e171844b00ea507e11960bd94a,1,0xa3d1bc30a3773a5c48c38de1dc9e9d44ec7bb06f
0x5c99742b806c0877e6811cf26d85f1573466f422,0x612e2daddc89d91409e40f946f9f7cfe422e777e,1,0x1833bd864670cfa6688fbb9505b8a978ced65857
0x77ae3708845c186aec2512cfd397bf219a854d86,0x8ed7e05bdecaa4eb5e2063e0ae8b1bada450db85,0,0x8ed7e05bdecaa4eb5e2063e0ae8b1bada450db85
0xea2264e3c7ed2c6b97f3b4fd4291dfe5ef7c808f,0x495d4e2b3c7028aa592cd2f6781b008da60c1a07,0,0x495d4e2b3c7028aa592cd2f6781b008da60c1a07
0xa4afd8d36ea170e1c53fa0fb190f7d852c50e5f3,0x612e2daddc89d91409e40f946f9f7cfe422e777e,1,0x334dd02b76e29cfb5d340c2047191c10453f3981
0xecd648d634028c0e3ca5151b878e4baee4c2e5b9,0xda5bfe0bd4443d63833c8f4e3284357299eae6bc,1,0xd408edf30ddeddea353accb987198129e95b9207
0x9469e1e4f9df538d29f7c6d2ab8a23e09b8b833f,0x000000f20032b9e171844b00ea507e11960bd94a,1,0xa03a1e6611acbc8320b76cde60ffc4200a3c8640
0x276086a6987d3b27c3e8b693a6b295ebe4bec843,0xd9620ff82965bb89ae7fb01b8189f2f31fe55088,0,0xd9620ff82965bb89ae7fb01b8189f2f31fe55088
0xf76179bb0924ba7da8e7b7fc2779495d7a7939d8,0x6f71e19e8b28963dfdfed04c4e6a217f0838aef2,0,0x6f71e19e8b28963dfdfed04c4e6a217f0838aef2
0xe182a80e76b1cf17d0eb018d563823357f1ae296,0x1da4fdf7029bdf8ff11f28141a659f6563940642,0,0x1da4fdf7029bdf8ff11f28141a659f6563940642
0xcc2382787ca681aa10ae377fa6024a9a54903c8a,0x3b612a5b49e025a6e4ba4ee4fb1ef46d13588059,1,0x2fb0e475f6d495dfdfd9176af9113f48f7687565
0x93b630398551c814a3045f720631fce209257b47,0x3b612a5b49e025a6e4ba4ee4fb1ef46d13588059,1,0x1319130faec28983de67e4442dcd73487ed57a10
0x28cd2990f34db387d011d7cc693a2bcedd8dc654,0xa3398cf357c154b6abb5460427f6dc37ab36cb76,0,0xa3398cf357c154b6abb5460427f6dc37ab36cb76
0xe74838a91c895071d6dfe68adbf75d4b66ec0f59,0x99ed97dde490b7ce8271da01db7259c27cebc031,0,0x99ed97dde490b7ce8271da01db7259c27cebc031
0x3a45582d632e0fa24ceae2054d9edd1066d17903,0x8f800cc88bffede0dbaecc76a0c15a2f5701ac1e,0,0x8f800cc88bffede0dbaecc76a0c15a2f5701ac1e
0x1cbbf5ba9362d60747f149d4c2e35f72e1a74bc3,0x3f3886ffc6a52fb6bcc418a7fcb9f1d526e80ec0,0,0x3f3886ffc6a52fb6bcc418a7fcb9f1d526e80ec0
0xd20f1646a66e9807a7687551081f98e52455419a,0x17d9def9ca95462d3fb61fbee5a909abcb0ab9c8,0,0x17d9def9ca95462d3fb61fbee5a909abcb0ab9c8
0xcc0ba2809ee42f6c30e8d7d43dab3e486c88e3f2,0xfd64b63d4a54e6b1a0aa88e6623046c54f960d00,0,0xfd64b63d4a54e6b1a0aa88e6623046c54f960d00
0x8e1ef5877644c04013793a6c6f1a6452328a3c98,0xa38e82f9b1a078fd964e206431ac8b0e722b4f81,0,0xa38e82f9b1a078fd964e206431ac8b0e722b4f81
0x7f164a8a421d007e416eaaec033a734a10d42376,0x8e1189e9b747c3bb7a305d1dfb1b9704cd2a6981,0,0x8e1189e9b747c3bb7a305d1dfb1b9704cd2a6981
0x0521fa0bf785ae9759c7cb3cbe7512ebf20fbdaa,0xe216fc416f75bd9e6107f08d4a0b0e89725209b4,0,0xe216fc416f75bd9e6107f08d4a0b0e89725209b4
0xf6289563bfc57186c08b29b4cfe3a5aa055982e9,0x5dbc7b840baa9dabcbe9d2492e45d7244b54a2a0,1,0xd767718098cfdcc1ff99bb3fe3b2318c24c6a489
0x85798e96f5a9889137c7f9c01ef891905d0f1e75,0x4762b5ac03fc097a500b48cfefffc027e8b37227,0,0x4762b5ac03fc097a500b48cfefffc027e8b37227
0x6dde044ad9d3d3fbdb7df8d0b97c8c395e31b61b,0x1084bb5da62c4808acd81e38566184dab00bc0b4,0,0x1084bb5da62c4808acd81e38566184dab00bc0b4
0xf167ec6b3a79af6ce0b638718549baef5809ee00,0xa728da5f229b59fc8df19af2f1bcece8ef7a5bf9,0,0xa728da5f229b59fc8df19af2f1bcece8ef7a5bf9
0xe03162e7b0a4351a1b637c31727677552fc318b6,0xcf9741bbce8ba8ec2b0dc8f23399a0bcf5c019d5,0,0xcf9741bbce8ba8ec2b0dc8f23399a0bcf5c019d5
0x21416efc90c7265e7550c7ae4bd63b15623908b6,0x4c2174602ad623b9df11d65dabc88acfd0a6148e,0,0x4c2174602ad623b9df11d65dabc88acfd0a6148e
0xd07597b64b4878add0965bb1727247ced90c6ce8,0xe8d23fe67ea719f88f955f4d4a85aa95c8d22d9f,0,0xe8d23fe67ea719f88f955f4d4a85aa95c8d22d9f
0xccf622e3149ffaeba2e69593b84b7041c11cdcdf,0x5e4b41b770a8e2bec9d6dc294f09ce10c444a2b0,0,0x5e4b41b770a8e2bec9d6dc294f09ce10c444a2b0
0xf5d99635ce5d8a38ddfeb3a89304c06f52611ee1,0xe4c6c46645988bbafd8ef6b4d1b60d969cc857c3,0,0xe4c6c46645988bbafd8ef6b4d1b60d969cc857c3
0xa5bdfd3e866da88d11ef8b88c314065866c8f447,0x2299aeb4baa0b102382ae0df95660fd004bd5ffa,0,0x2299aeb4baa0b102382ae0df95660fd004bd5ffa
0x7a788b7923c0cb9956a8fc2266af280db0cfee92,0x547322faf3b4d0e16c8dda880da2bbd40ebd6109,0,0x547322faf3b4d0e16c8dda880da2bbd40ebd6109
0xb5c17b8a83b933378fbccab988f6ee426d654371,0x1ca2007d4f2bc0ec2a56ecb890e56e05f36182df,1,0x15c724ce799042d6f48a5f25673c89991bf796e6
0x69a89e832a590053ec14b5ecd4134248e150055c,0xbb4aee67138e890ed8e097ae1271471dc46fe0a2,0,0xbb4aee67138e890ed8e097ae1271471dc46fe0a2
0x93c24267c050388b4429144142a6c363e5c03a36,0xb4f51b3402e7083278a2a68c3645c1841b94051a,0,0xb4f51b3402e7083278a2a68c3645c1841b94051a
0x44bedea864bc340061eaee8a97b2914f4ba14a05,0x612e2daddc89d91409e40f946f9f7cfe422e777e,1,0x6c462c0eb387c3b16f31599c59c8969ca66b9c35
0xf1b2b855817cbfff5359e0f69a7e8a21a7c9d4ac,0xefdbf4df8415ce3d8d80ee1bc2502e6a9035421f,0,0xefdbf4df8415ce3d8d80ee1bc2502e6a9035421f
0x1385fd0c673d8f8e1501fdaf4d74c1d8c0f8303b,0x1be6d9cb5969455bb4644ada0ea51c2177a9d53c,0,0x1be6d9cb5969455bb4644ada0ea51c2177a9d53c
0x0e3f5edfcc091e75872eb416fd31ec2dfa1d9e30,0x612e2daddc89d91409e40f946f9f7cfe422e777e,1,0xb3eaf12a04d9e9df7efa681a92043ef4371ed6fe
0x8285fbc29e0a58cf40763745e9ed305d3dcffde4,0x24ce338baf5659bacb1bb92aa3a0ce9dd36f31b0,0,0x24ce338baf5659bacb1bb92aa3a0ce9dd36f31b0
0x5b1085136a811e55b2bb2ca1ea456ba82126a376,0xcac7c29bac18f080b98a3076b4e165886f509251,0,0xcac7c29bac18f080b98a3076b4e165886f509251
0xe957b2501f058c3f0507b7aec519f54f3a23b09b,0x8b35bdcb3fccb64420ef98033c0440dc44d9e6d7,0,0x8b35bdcb3fccb64420ef98033c0440dc44d9e6d7
0x2214a42d8e2a1d20635c2cb0664422c528b6a432,0xf87bc5535602077d340806d71f805ea9907a843d,0,0xf87bc5535602077d340806d71f805ea9907a843d
0xa20cf9b0874c3e46b344deaeea9c2e0c3e1db37d,0x4e59b44847b379578588920ca78fbf26c0b4956c,1,0xf951ba8107d7bf63733188e64d7e07bd27b46af7
0x6573248d7a8e18807cbbc6d574c9c21c044c84d1,0x7435e7f3e6b5c656c33889a3d5eafe1e17c033cd,0,0x7435e7f3e6b5c656c33889a3d5eafe1e17c033cd
0xb4706e1206775c0e8e0a0ff378b16caf55bc1eb6,0xe95e4c20b70aeeff43469933d46acc2aa3e6acf4,0,0xe95e4c20b70aeeff43469933d46acc2aa3e6acf4
0x10022be24d6fbbf7ce321361e3371f0a05754ed0,0xb2b98e8672d4aad438f6ffec581cfe6f745496ff,0,0xb2b98e8672d4aad438f6ffec581cfe6f745496ff
0x39249d49f8e0d9c809862ef491a127c1e5be7b6b,0x612e2daddc89d91409e40f946f9f7cfe422e777e,1,0xb7ea7f1efb37d68a40fe866743f317969c518697
0x55eeeb3efaf941227231b916c0a48939354d267a,0x612e2daddc89d91409e40f946f9f7cfe422e777e,1,0x2ddc8a0c1ea2a70f45f247a944773d677ce1f140
0x098645725d40853d0ff6dfd99ae6a75e3f88d391,0x67c65ded1bc384b19c5201f79cee6426d673fb6f,0,0x67c65ded1bc384b19c5201f79cee6426d673fb6f
0x2c7bba07bff816007d0218daffa9e6415e2ec9fc,0x807cf26c716a68b8d4c5a82e31b7e0ef8b9f0130,0,0x807cf26c716a68b8d4c5a82e31b7e0ef8b9f0130
0x4e911626fa378cc95fb1a26cc272c070ef79e4b7,0xfad69bd739c64cc8e3f1c3bb3b60fe4f160174cc,0,0xfad69bd739c64cc8e3f1c3bb3b60fe4f160174cc
0x012aa66cd64ad06b577fa8a5e54b962207442859,0x3fcd13f67c657a5e11a56ee7ffcaa3d782b2f6b2,0,0x3fcd13f67c657a5e11a56ee7ffcaa3d782b2f6b2
0x88edf452a74534f3014e13705b2152f091054319,0x612e2daddc89d91409e40f946f9f7cfe422e777e,1,0xb2f2914b1c56e45060f2f1d8889719326fd20476
0x5e41b2e955e3f7d9010304db9665e4459be61d53,0x4aba695ffafa216258e4801a4280d35ffc65a530,0,0x4aba695ffafa216258e4801a4280d35ffc65a530
0x2128cca71d1a72b07f4abe354228a4eebfe9b365,0x612e2daddc89d91409e40f946f9f7cfe422e777e,1,0xde9ba5f62d6047c4a9ccf24455aa733ccc5b8f41
0x06daba4b35d0e934ce45a99a9b043a9565aaf541,0x0ad99abaa361879c2d5663302a3962a7625be984,0,0x0ad99abaa361879c2d5663302a3962a7625be984
0x8147174325a4697982f149008d1491e2965f062b,0xafd525295a3f08bd362c0cee491b7ecc6a69a478,0,0xafd525295a3f08bd362c0cee491b7ecc6a69a478
0xa99b439934acf42d0ae179c7e7cb9d8e12a9dd33,0x612e2daddc89d91409e40f946f9f7cfe422e777e,1,0x25f20dcc9733f823ffc2e2833f625d575968384b
0x7f0106dc2ec2e7e0de887899bd8cf1c49c559e9e,0x9727938aa47822147a4acd534b088634cb23a4a8,0,0x9727938aa47822147a4acd534b088634cb23a4a8
0x0004a0e6a1bc24b51329fa72dd4eefbda5e2ca97,0x6faea455ea5309259cdfb076caaf779488ddf8de,0,0x6faea455ea5309259cdfb076caaf779488ddf8de
0x81d30bfe9cb955374ab0645b5f03d399777216f3,0x000000f20032b9e171844b00ea507e11960bd94a,1,0x93d40486a0a02476c3b6e8669d2a512726a00d4c
0xa9f365d6636ffaa7ac27d93fa232c224a4c4f601,0x631ac7f18c60db9a121e59e43fcfa2516df775e4,0,0x631ac7f18c60db9a121e59e43fcfa2516df775e4
0xa0c4aba9d57e426fa066342dce48a8ad6bc5c31b,0x612e2daddc89d91409e40f946f9f7cfe422e777e,1,0x63dbe451b558ba5b9b1120c13305186393dd7dfb
0xa637a41e61b105620b9c5458d8a40bf76d701eaf,0x89e5d091b22892a510700f56438ca23e424a4260,0,0x89e5d091b22892a510700f56438ca23e424a4260
0x28e08d2eb66231b3b23fff90e85a9a165951029c,0xa9622b2d878e2755ad24ffc19d5625d0423a553e,1,0x2306d49377bb3af4947113725ba656c816eab496
0xf2d36dd0e50f197b247ff4372746b0458de0cd81,0x612e2daddc89d91409e40f946f9f7cfe422e777e,1,0x848dabb5609e9f9edae7b3ee8d7832a19bdac2e8
0x457aa6e53e06e3f44f64b9c170276ccb3aaa2cb0,0x0b89c54c8bfbccb8a4330afd450d54564d7251c1,0,0x0b89c54c8bfbccb8a4330afd450d54564d7251c1
0x6a3e1d952437a81d4b34a088d4c7d9a0ff0b7b01,0x5b49697331df69a32abd85fa878d18835a43b447,0,0x5b49697331df69a32abd85fa878d18835a43b447
0x3f6c9e19fd885aaef85931d935050bdd093b56bb,0x000000f20032b9e171844b00ea507e11960bd94a,1,0xbfece27bc1cd532b6d2f8d011ce0de3ab2076e11
0x16704bb3d4f02b249cf2c2d2c455d0d8097dc3b0,0x612e2daddc89d91409e40f946f9f7cfe422e777e,1,0x262456d9a98537f4706324666b28bfa4e9d23446
0x8059059821c81bac840874e3a7fb6f7e3c9e459f,0x6e42262978de5233c8d5b05b128c121fba110da4,1,0x1f4801329af9a720074a743bdf4dd2ed486e0de8
0xd268ca03a84150d1b4e4c32f0d0e21dbc0d961e2,0x82f8c888f571804d39f1e03a682c197959e8bf00,0,0x82f8c888f571804d39f1e03a682c197959e8bf00
0xc12b3c4d7bee5ba76b93990ec5fe206410b86c24,0x000000f20032b9e171844b00ea507e11960bd94a,1,0x26773472e4440415a5fe4252b671cdc59fcadbe9
0x0cd889028533ec8c1228d60ec17b49880ab6bdf4,0x12458f85a2f5edba82d9c4abe66db3c6803443a9,0,0x12458f85a2f5edba82d9c4abe66db3c6803443a9
0xc7011449db9e4f679b90a84eb7eeae5e59706d27,0xba522e72a9471f9b301dfc61f3e9b3bfe80ea64d,0,0xba522e72a9471f9b301dfc61f3e9b3bfe80ea64d
0xfa9cc93c78c958582bb0a7e37b14c4064cdddcd0,0xb2019531de3bfda451668acfe40fb3aee59975b5,1,0xe88f4d7f234fd9fe8f8e47c327314061a2d6cdfb
0x5b9fe7f911ac474a47619ee356711da81c0391e5,0xefe19ba93c23163d4e8723a1b1c5ad5fdb42d91a,1,0x0bafdd45ec6a69e78ea1fa6686be02929a72f398
0x38c93b31ee8c1dbcaba9da103076b8fba65c7000,0x000000f20032b9e171844b00ea507e11960bd94a,1,0x7c9b6334bbae2b299edcc6d99edd3638c26f2511
0xc9747f66e42d961d8d762374118538583410bc33,0xf57e485905f5f7de581a1dcae0411f9b86da8f51,0,0xf57e485905f5f7de581a1dcae0411f9b86da8f51
0xba0964f4e23c4e9ac8a8d50eef4f5b025e637eab,0x7354936bc7a72c8baf5a2f9262e70a52c427be4a,1,0x42ce485f9fec55e7529142e9f48eebb3e68334f5
0x799e6c9b145e4fb3567fcdb842df41b3800e8bde,0x612e2daddc89d91409e40f946f9f7cfe422e777e,1,0x252b438c977468ee0a7b2bfc2bbcdc036a13c03e
0xddd6f33fea13682cb888e704d360c5ddbf7bc21f,0x612e2daddc89d91409e40f946f9f7cfe422e777e,1,0x9f218c1380ad55e4a40b4da89795bd56e93e90ea
0x0ad4b4f034aa389b0a651f0113357afaaa7f49f5,0x000000f20032b9e171844b00ea507e11960bd94a,1,0x17b394be044a9fb7d1491ad26023c5a6546c0824
0xdadefd48b6fbd6c64dfe80d8d8f9907c34736597,0x612e2daddc89d91409e40f946f9f7cfe422e777e,1,0xd0fea12860060d2285a1d605904725c437dcd3bb
0xa0def070771648c426923b2d06bcb2240fb4612e,0x000000008924d42d98026c656545c3c1fb3ad31c,1,0xc3d909683270f33842dd8f566f8f960ca219875d
0xd28ba609d5fdf9c0a0e0d251c90ca9a16770b99b,0x612e2daddc89d91409e40f946f9f7cfe422e777e,1,0xe1b0c84a5a5604f56229b4ab4f029d3c08d4b41a
0x3125d25da72e656b5e6c735aacc9a6cd8e982631,0xc26ec287e5c848b138cc0ccef7f754aa2bc84d7b,0,0xc26ec287e5c848b138cc0ccef7f754aa2bc84d7b
0xe7c40e2848130720e928c3a53326926c8283fa09,0x3b612a5b49e025a6e4ba4ee4fb1ef46d13588059,1,0xa9f337ef7b4f01e177126ee2427ff563a2a5d0cc
0xd730dcdd9114c867bbd26bb4d52111047b517513,0x3b612a5b49e025a6e4ba4ee4fb1ef46d13588059,1,0x70b122222deb1c8755c06b21ba80fdb4071e8868
0xd4ec497a23b2f5fc17d676e0d2848bc00eb0a755,0xfcc2b4fb323d83570af61c9448280cb2e0a02979,0,0xfcc2b4fb323d83570af61c9448280cb2e0a02979
0x6bdae7c413c4d8a7cac71531d414d998a96813b8,0x3b612a5b49e025a6e4ba4ee4fb1ef46d13588059,1,0xd7c79f8ac566fb2f73bb73a6e53b5a99fb952360
0xcb6768a968440187157cfe13b67cac82ef6cc5a4,0x29725cb1fbd4c7e38116a34651b93bae7581bbf1,0,0x29725cb1fbd4c7e38116a34651b93bae7581bbf1
0xb4296c397dd493547ccdf68d44bb9e6059f275cb,0x2a259f94ede30a0499f1d83ff534026f6717f4f7,0,0x2a259f94ede30a0499f1d83ff534026f6717f4f7
0x6ba7f443b1b72c2e147d075042a1b1c786bfe4fb,0x000000008924d42d98026c656545c3c1fb3ad31c,1,0x2ed502a704f3590b9eaa59ca1e88a6b457dd577c
0xdb5d39318e3337e33b2c00dc5b6781defeeb3f9d,0x000000f20032b9e171844b00ea507e11960bd94a,1,0x641f5aa1925904c1668a9bbd2a1273385221062f
0xea89a88284ff9a9a9a54f4c43fc4efbf099e992f,0xdafeb4f8084fed235d0ad234f460f0f36ecf23c5,0,0xdafeb4f8084fed235d0ad234f460f0f36ecf23c5
0x9fde1dd954e5460658253f631d841aead2b1be41,0x000000f20032b9e171844b00ea507e11960bd94a,1,0x877c5def946f940505d64fb357355f85f85a92d2
0x5c0dfe13df684718290c7c08cfde7ec2ffc7e524,0x76f948e5f13b9a84a81e5681df8682bbf524805e,1,0x1cc061d8bdbab15884f60a5a355f0835e4942ac9
0xf5f710f8bec4114f134d16f4b4c560dbb5836548,0xfe69f0ee1c95acc9c02902dee4038702b461e8f6,0,0xfe69f0ee1c95acc9c02902dee4038702b461e8f6
0xa6c0ef4e64d852e746e98f15828d19b391ac6429,0x4a2cfaa5b24850493298dcb8969fe11feeffc366,0,0x4a2cfaa5b24850493298dcb8969fe11feeffc366
0xba5231d5df6c70850f850038456d0e085d8f4657,0xf2c3f67605f534d0ce890ba4a38cf5a46ceb9530,1,0x1544d2de126e3a4b194cfad2a5c6966b3460ebe3
0x7af2dbad32e094dda5ee0f69d649d4d9ece58605,0x000000f20032b9e171844b00ea507e11960bd94a,1,0x3cc14a104d2b12f6b641ad25052c717f97b262cd
0xb1b42570624103bd22d9ba4212606c605201388b,0x612e2daddc89d91409e40f946f9f7cfe422e777e,1,0xf666c45d46ecaec41a0403e75cf58bb22ad34390
0xbc6039f7604aae4bdd8dcaca64169d37ee9eb693,0x612e2daddc89d91409e40f946f9f7cfe422e777e,1,0xfcad2eb79692c2aa0bcbaf3d3e29615dda94fe6d
0xc531fa6ffef4b40bb2fe5d4c6cbd77e47377a783,0x612e2daddc89d91409e40f946f9f7cfe422e777e,1,0x3480d164ceba4eb8ea17e7f64810707a55e1f76b
0x8816bd773cadaed98946c31f7ba03366356dc318,0x000000f20032b9e171844b00ea507e11960bd94a,1,0x6c571fa11bb0f9d0a116f40e31f1764b439fc4a8
0x588f319fc8f76d5428888d4524e12508b583ad71,0x000000f20032b9e171844b00ea507e11960bd94a,1,0xc1bca27d5ec65385f56cb5e145ba1c04c4805feb
0x30819d7216b9d093ca8d879fe5d65c31e48f308f,0x2c325156416cc7b701151dafb6d4c0bdf0d398f0,1,0x0f6a1e8cd1169fc477e1d337b6c4d3dc509ce7b6
0x61b212092e92c5acdceed8f815ef02986a7a9cef,0x612e2daddc89d91409e40f946f9f7cfe422e777e,1,0x373d419979862c6845e74cee5ae1e075801b6abc
0xd86bd0e42d7b22e07c318b5c63a8150c84521c27,0x612e2daddc89d91409e40f946f9f7cfe422e777e,1,0xb2a454a439bb761d76b7ea3fdbaf49c5fbe5c117
0x9d3ad181f181c06cc2454e6d4a622b5d129f17be,0x000000f20032b9e171844b00ea507e11960bd94a,1,0x859add3982b87e334378e5707048dd403921ab2b
0x6848085bac7d33d34a20e1f7ee6939c4696494e0,0x76f948e5f13b9a84a81e5681df8682bbf524805e,1,0x811e7d17a9c889c51d21cc6d55d0b529aedc1df1
0x323a486bd4141d817d4a0f1324bc7cb1d9dc49c9,0x442295de8a31d65026dbc09c29d469f6854f188a,1,0xe96cd5faf715b820cfbb0f6a4ff586aab0a95140
0x36123ad5b0bb76bacabc5f07d2e9d9632028d3ae,0x000000f20032b9e171844b00ea507e11960bd94a,1,0xf8107cdff7cdd966e0a5a5a0ba47100993fbc86e
0x97e1ffe722adf9c4b0dd62adea8fbc27781d4d35,0x612e2daddc89d91409e40f946f9f7cfe422e777e,1,0x824dd3c146c1d3a952a524fed66666947195a8c7
0x0414815b53ef2886ec007c29293cfa6afe1d9791,0x000000f20032b9e171844b00ea507e11960bd94a,1,0x1a5d3febfad2f66fa3146639fd2d56eebe2055c7
0x4e2e20aa774f4144a42be8df7b9e3b0fc4ed3e3d,0x612e2daddc89d91409e40f946f9f7cfe422e777e,1,0x5880f3341f38c9dcb897eeb66c5e77698df3c90b
0x3a7a8e224cecd9482f039fb7e99e9e1206c72f7c,0x612e2daddc89d91409e40f946f9f7cfe422e777e,1,0xb6a0e302aab0029f7a5488433c51cdc9d13f4ff1
0xc734b7c81a44577dec6e8bc6281e74ff974b3de4,0x000000f20032b9e171844b00ea507e11960bd94a,1,0xd0860f3ec988eeb646ed63017e0e31130bab2941
0x8bb0dadde2738dd4741e5e0e8166c3da39f25a16,0xb66f000362b08e3d4018ec67026635c4aacc7221,0,0xb66f000362b08e3d4018ec67026635c4aacc7221
0x6b637de928d1b104a509d286a206f22b06d05c0a,0x24c4bc81a02d5aa25585c1912e1f5fb0ca6688a3,0,0x24c4bc81a02d5aa25585c1912e1f5fb0ca6688a3
0xebd33dbd50619e2bce1c7c6294492bdd07d29526,0x000000f20032b9e171844b00ea507e11960bd94a,1,0x99ee5980d28681fb19db6a88718699e278cc8f14
0x33eecbf908478c10614626a9d304bfe18b78dd73,0x7579355a6f750b287a8a9cda1f965c7694109508,0,0x7579355a6f750b287a8a9cda1f965c7694109508
0xf66328f1f2b741997082ae4764a5ab5b1273ca36,0x370a695f879b665db5745de917105208a1dc61fd,1,0x445ea5fde28e719145665576acac7ea72f4c8339
0x1f64347b6165ffc9a353ddc97c792401f6d7b121,0x3b612a5b49e025a6e4ba4ee4fb1ef46d13588059,1,0x3e5cce9272c63b2a452b865e1203ac3b197f0ca4
0xb56a454d8dac2ad4cb82337887717a2a427fcd00,0x6df3f3d97d7c04716df34c12fc1f8580bcd3300d,0,0x6df3f3d97d7c04716df34c12fc1f8580bcd3300d
0x7d8820fa92eb1584636f4f5b8515b5476b75171a,0xf50fbf46fd6ec8609c1219bbabf00539836f1a34,0,0xf50fbf46fd6ec8609c1219bbabf00539836f1a34
0x357530c7a42039c6785c0c0da25d421f781dbcb2,0x3b612a5b49e025a6e4ba4ee4fb1ef46d13588059,1,0x298b8bd664349c6f86d2d4c36c81336eeeaf41a0
0xb96316216a4e78e045c229387b1f284bb29389a3,0x1d99b5f1543ea21e5fb4c53e62653fc488ad0002,0,0x1d99b5f1543ea21e5fb4c53e62653fc488ad0002
0x4db84022f2f99394a1e91beff877a03706cb391f,0x2fc7cb9df42aa343876148176d621ceaa6e6f616,0,0x2fc7cb9df42aa343876148176d621ceaa6e6f616
0x55a212d16f079cfa2b1141c6a3d5780fb8446a78,0x3b612a5b49e025a6e4ba4ee4fb1ef46d13588059,1,0x97fe8b7ba616945b5031e146229b9e727830f131
0x4af84535625fe40990bfb35019b944a9933f7593,0xe5358cab95014e2306815743793f16c93a8a5c70,0,0xe5358cab95014e2306815743793f16c93a8a5c70
0x94ea4c3b679d96ed82aecbb9ca8f33567e4e1c58,0x3d551bc6bb2da8619d571a9f93ef6a22ef8b6f3d,0,0x3d551bc6bb2da8619d571a9f93ef6a22ef8b6f3d
0x1de1dac8a8ec70d48cadcce1f93aeb54263a3ec8,0x4e59b44847b379578588920ca78fbf26c0b4956c,1,0x956a5152d0f498dba0c5966577bb44262f8f7078
0xf10c5c11e4ee6b66b36f8fad7203b88843dfcacb,0xa12db9f88f096f527fbe87a752c6ec16d501a25f,0,0xa12db9f88f096f527fbe87a752c6ec16d501a25f
0x0f926df0ddb33a1db95088964e09fa8fb47e490e,0x823eea492938e86231c99e915f370a6d04350f54,0,0x823eea492938e86231c99e915f370a6d04350f54
0xbd946b2f28ee64ba7ee550b264bc186b14cda9fb,0xced7fe6082d893277dd8ec166369961e1d71b2da,0,0xced7fe6082d893277dd8ec166369961e1d71b2da
0x41efbce86158f2a54368fe5ce80ce1d496acaa5e,0x19dcef0cb5e71c95683bbdf21394f505c4eaece9,0,0x19dcef0cb5e71c95683bbdf21394f505c4eaece9
0xd3e9387f3a1904d6803bcf9498d9a19e6f1a5f82,0xd310a3041dfcf14def5ccbc508668974b5da7174,1,0xdfb6ed808fadddad9154f5605e349fff96e3d939
0xd45b8768c9d5cb57a130fa63feab85ba9f52cc22,0x8e76ad190f259cd5444a642cd897896e6511d215,1,0x13ffa3071676f6ac173b97c7cb6abefb9a2c3a18
0x054335210243e397a6dfd8f2ecf32a5aa56b0704,0xdf5459d0a736e33a9dd081c496d1cdd3aff8a67f,0,0xdf5459d0a736e33a9dd081c496d1cdd3aff8a67f
0x3aef0da9874d59c89ab13db2497afc8004076bc7,0x672b115a066ad1925c81bb30088cef2264e21a3f,0,0x672b115a066ad1925c81bb30088cef2264e21a3f
0xef142896f5d941f342f3aa39adf32878208e04db,0xf74b146ce44cc162b601dec3be331784db111dc1,1,0xd6d0c9fc8f1f6cbca3472052df3678e5b29b2dca
0xc575ffe0e78d449d6bee5b9e3775037f93463bce,0x1712bf0c459dc5c85b78eee46642d169be0ae1bd,0,0x1712bf0c459dc5c85b78eee46642d169be0ae1bd
0xd0cf83744db1fdee8a0fafe913391befb85190aa,0xef682b1d0835df1f971d5d1f4565e9f6c121f706,0,0xef682b1d0835df1f971d5d1f4565e9f6c121f706
0x4c4ac03c1bb12af4229d0019444a9048a8cae60b,0xe82cd0e67ba3e1228ccdd060bc568d345a732d0f,0,0xe82cd0e67ba3e1228ccdd060bc568d345a732d0f
0x3f615159ed3f2b9152c2755a79a831373ad45b58,0x28dfa69eaf27cfc08cba2013d014b16b862eb9bd,0,0x28dfa69eaf27cfc08cba2013d014b16b862eb9bd
0x002aa2e4d88f0251bbda221e64139d0bea6c77fc,0x565196152f8a4066a51b498a44a9981145d441ff,0,0x565196152f8a4066a51b498a44a9981145d441ff
0x60e45087e3de93de056a544c82ab31b049f18a90,0x8e64fe4f19f2d1768a7820b80e9268eb52752926,0,0x8e64fe4f19f2d1768a7820b80e9268eb52752926
0x8f6ee5787a60959c8daf3d35fa48fd0c49bcca2a,0xd40b63bf04a44e43fbfe5784bcf22acaab34a180,0,0xd40b63bf04a44e43fbfe5784bcf22acaab34a180
0x8e9962fcd378ac14e8edc774abede189a2f3c7ac,0x3eba1093506dc68517c512cc0bf43a515e35be9d,0,0x3eba1093506dc68517c512cc0bf43a515e35be9d
0x8ac1a580e8636bf7f67240f8ef38bcafde0fe1a1,0xf74b146ce44cc162b601dec3be331784db111dc1,1,0x5462dd5a6baaa20493e8056a9c7a392557e9ab92
0x7f576780eacb71e6ad48e2b7b4c81cea8d24a022,0xbaca8a4528ce21edd8d3ff46220151427868653a,0,0xbaca8a4528ce21edd8d3ff46220151427868653a
0xdbd0c4537156cd3921282a4a6446d8ac363b9f80,0x1b7fa0eff7ced876479e6551666e3329c039c0ec,0,0x1b7fa0eff7ced876479e6551666e3329c039c0ec
0xfdf1d7694d0ca2f16675c75645f8046dd08a19dd,0x3b2a887ca2d31795f664cf34db66b6e5f80144ba,0,0x3b2a887ca2d31795f664cf34db66b6e5f80144ba
0x31d843b99c2c4088cd20d96ef2426673b958ff70,0xcd31c23b84475a7392e2f86119be188bc2e7f197,0,0xcd31c23b84475a7392e2f86119be188bc2e7f197
0x3717919155050a251768c3adc14272ae0597a99c,0x845e48bc4c9c96f44498239d4b2a66ceb5f2c1d8,0,0x845e48bc4c9c96f44498239d4b2a66ceb5f2c1d8
0x4b6ab2c9f9575f3e885d78eb5bd25f87a97309ca,0x612e2daddc89d91409e40f946f9f7cfe422e777e,1,0xb8ad671479618b7e204b82c16d7d4aa675c71ca6
0x323b08e9916455d845feee5e179a575f97c620c1,0x39e6d0fe6c0e05ab0fcede2406eb22d5f018d144,0,0x39e6d0fe6c0e05ab0fcede2406eb22d5f018d144
0xcc2b1af71540fbeea8c9ddd3392f54609c4d5d4c,0x7ef6e527969054afbc0980e00c51d2e645b4a5ef,0,0x7ef6e527969054afbc0980e00c51d2e645b4a5ef
0x512912b5c87cf9c2750b56a578ffed899ef13fc3,0x612e2daddc89d91409e40f946f9f7cfe422e777e,1,0x2178e346d24d9dc0dc1591d2b0d90928e7b4dbdc
0xd587135d57946ec2aa7f4d62a35480d14d886ed7,0x9fe2b76d201413bc20a54ccceaeffca89207307f,0,0x9fe2b76d201413bc20a54ccceaeffca89207307f
0x925046ab5f9fcf9644fec3e0612614d8b29c296a,0x1ca2007d4f2bc0ec2a56ecb890e56e05f36182df,1,0x900556716d63c6370b8dd9c43fb6703d25e87a72
0xf0c763e8876fe82de1398570e686e0a6a035d7e7,0x3f2286d9fb9ffe1581afcca12b4e3088665ebc1c,0,0x3f2286d9fb9ffe1581afcca12b4e3088665ebc1c
0x85cd82e952bc6d80f1cd0bef1eb5604fef0f420c,0x05ff3ac61b0eca5b97919a054af59103f044701e,0,0x05ff3ac61b0eca5b97919a054af59103f044701e
0x9e56fd949fb9672cc4148c83f95cf81e10dd4b8e,0x1dd705e52c659aa567e7d3a1fad983969520b520,0,0x1dd705e52c659aa567e7d3a1fad983969520b520
0x31f76afb26d2e903d0630d60da99992abd9dc501,0x612e2daddc89d91409e40f946f9f7cfe422e777e,1,0x2e499fdb9dc3145d69d666c84f95bd488ba47db9
0x07c4e734ae23c79b17ab5b7fcd6cd592cdf7a8a8,0x612e2daddc89d91409e40f946f9f7cfe422e777e,1,0x3cbe343d7877e6b45f8dbde4f946c34a76dc36a6
0x84a1fe5ca05266994ef31f868dd0ae5de75e0747,0x81045a8c0240947955fd176aec9de9a6d22bb6ad,0,0x81045a8c0240947955fd176aec9de9a6d22bb6ad
0x893d5e7ffe6a489186fcd1ebf6bc5c83a4c42505,0x89100ecbdb2b2dfdf67c3c5fdb28a44f33d3ee48,0,0x89100ecbdb2b2dfdf67c3c5fdb28a44f33d3ee48
0xe7908ce48ef4a8dd401d534140a663e9c194b0c2,0x15a6c020637e66a385ab87a8f710682affc17b1a,0,0x15a6c020637e66a385ab87a8f710682affc17b1a
0xb07ed767ba6a1be088eb9f5115fef7f875cadfa6,0x6faea455ea5309259cdfb076caaf779488ddf8de,0,0x6faea455ea5309259cdfb076caaf779488ddf8de
0x0a69685e9ec554c735d54702a1405192b8d2dd51,0x612e2daddc89d91409e40f946f9f7cfe422e777e,1,0x40bf616f49ea162742bd892d51c20a7e090deedd
0x4d7f493d2db1d9c7bf2128a6cf891a026b81343b,0x612e2daddc89d91409e40f946f9f7cfe422e777e,1,0x654b27e81ca2b572158d1703e5a52899230c553c
0x7b794e0a3a3d808422741f1f539428376c7bbc82,0x612e2daddc89d91409e40f946f9f7cfe422e777e,1,0xfbad886279449324d40aada9b1be4eb2c258bcdf
0x3572c8ee076dc7938b2309def8cea46c79f6ea44,0x612e2daddc89d91409e40f946f9f7cfe422e777e,1,0x2178e346d24d9dc0dc1591d2b0d90928e7b4dbdc
0xa9a3d017dccafa99ad11f28af4f6d6206808b152,0xda48014e8d770985d0d378db8c872f08fbc5e329,0,0xda48014e8d770985d0d378db8c872f08fbc5e329
0x19de553a8cffcff8cb49e236c1a499f9cf083b97,0xeaf9f533871b07b151883908b4fb6eef4b51a95f,0,0xeaf9f533871b07b151883908b4fb6eef4b51a95f
0x4535bd1d6ce6f309c522cadc202497d5ee1c6fdb,0x612e2daddc89d91409e40f946f9f7cfe422e777e,1,0xa04611ac0438bdada004680628704151c8db044f
0x6193364d72396ced293bbf03cbde17e5729f6388,0x612e2daddc89d91409e40f946f9f7cfe422e777e,1,0x079073fb29f456d74ab5f49d7106e378205a346b
0x6205f3e69ee71bbe433fb04fc4f675b4ff3e1b9a,0x612e2daddc89d91409e40f946f9f7cfe422e777e,1,0xd7b2e2b19645ff5516d8a292b2e30768ac60b706
0xc271add1cf98840d71f1020c81f50497f5d24dc1,0x55206268c0daec618c42f04539516a0e43acf31b,0,0x55206268c0daec618c42f04539516a0e43acf31b
0x8918ba30e2e76b503e83d55eb08936b0f979eec4,0xde641233d801dad0702767ca2c909890d7f1ffed,0,0xde641233d801dad0702767ca2c909890d7f1ffed
0x688dacede90134bee28c9a4549e3e53b2bfbecab,0x000000f20032b9e171844b00ea507e11960bd94a,1,0xc63d4ac632021d59e33fb44eb29920439ee6c29e
0x07e02bfb0465030eb5fc1ac491262e74ed4ffd92,0x612e2daddc89d91409e40f946f9f7cfe422e777e,1,0x5bcf016d5f701001a785a3f69290523892291bc1
0x2a643cd0e9f65d4d11ffc142ebc45017e76dbf0d,0x000000f20032b9e171844b00ea507e11960bd94a,1,0x7c64c7dfd54ef12e9d77ed3accdbc113db5593c5
0x44fc4c19d852e993eaa6942b2af65477e7a9fc46,0x612e2daddc89d91409e40f946f9f7cfe422e777e,1,0xd2f1bd28307e0184a112605c4063b2c6da3f0203
0x597ac38d11abb450bdf41ab55323e9f358c1c438,0x1b39d3ba1fdb0c98e9c587498358b37699155e7c,0,0x1b39d3ba1fdb0c98e9c587498358b37699155e7c
0xc3b00cd6e196224a1bc556b3855dda4513eaae8e,0x3e52531da35868993865c76e2851918c925d40c9,0,0x3e52531da35868993865c76e2851918c925d40c9
0xbde5ef632f21cb98c650a5d6e749884f3ff0de82,0x7354936bc7a72c8baf5a2f9262e70a52c427be4a,1,0x73e9d72e0142fb555671708a365c0b931bdef77c
0x8be22811d34ff8650c08993a5c272d7a69055435,0x612e2daddc89d91409e40f946f9f7cfe422e777e,1,0x41b3c6952298b27b942e5c25cdc0d9d9763bcb80
0x65139a0b7eb3fcff53c0f6258b0072e26a56f90a,0x612e2daddc89d91409e40f946f9f7cfe422e777e,1,0x778afc759ea618d2101014416f86669a5901aef3
0x0b2230273c391e0e138fc17661857c74261f1f76,0x5442cee08c1d8bc75d65ea352eca78afd21ead20,0,0x5442cee08c1d8bc75d65ea352eca78afd21ead20
0x9244d2cf73861ee7aa79ffe90fe4edf925482795,0x5704076e72db9f4686f904e3f9cf3fe662f67811,0,0x5704076e72db9f4686f904e3f9cf3fe662f67811
0x460b58bad300dc80d8e4c73c8c4e6d161807f2b6,0x02b4d5ec9d72e60e0d053b1a064d6af6336adf76,0,0x02b4d5ec9d72e60e0d053b1a064d6af6336adf76
0x64b0ac05f4e8f9c2bde1f36ae9f9aaf75eb25da3,0x12458f85a2f5edba82d9c4abe66db3c6803443a9,0,0x12458f85a2f5edba82d9c4abe66db3c6803443a9
0x1af7aa17a0727704e7f6bfe53cc26db4ed935244,0x612e2daddc89d91409e40f946f9f7cfe422e777e,1,0x9f218c1380ad55e4a40b4da89795bd56e93e90ea
0x21273ef6c88563d25784e246a49271102f1131f5,0x636e2ce8ededd4a0cadd638d3d14664332fa56a0,0,0x636e2ce8ededd4a0cadd638d3d14664332fa56a0
0x2edf3735ff287144973b06edf3b75557d57f4657,0x000000f20032b9e171844b00ea507e11960bd94a,1,0xea39c2f8fe819b15acbe988711d36b9b16bbfa4c
0x86be10b452ef008f3ec01eff471e5f3397d2d946,0x000000f20032b9e171844b00ea507e11960bd94a,1,0x71b9112727a95cbc2e6176e365b9e78c20d84273
0x8fb6458bd22cade69af883d27fc0658e472c9514,0xce5b70fdcbef02ea76bbe0b7ddfe8d0f7fbb7932,0,0xce5b70fdcbef02ea76bbe0b7ddfe8d0f7fbb7932
0x726844cbcf97b9c206ea04f578d4431ddca476bf,0x612e2daddc89d91409e40f946f9f7cfe422e777e,1,0x53adfd2fd44b5222206091f8475cde1a53d7e3e0
0x2f199a43195e692815f28c8ca5eba32ac0be1515,0xdbdb991e9f20fac4c4de867590129953a47b0663,0,0xdbdb991e9f20fac4c4de867590129953a47b0663
0xf47cf9514408057dd20034bfa7ae182bd10807e5,0xf0ef3657789159b2295927e8379ee8a2540d6e7c,0,0xf0ef3657789159b2295927e8379ee8a2540d6e7c
0x7d60a6350aabe76de5846232156ba7a6c6734bff,0x4b7a8ce7d004c5c68207f355f6a838c941ff6b96,1,0xd0bf855de1bbc5c4eb340581ff36c2cb06d212c8
0x37e4a0bb6f3698806fbc5f16125fdd24754caa71,0x612e2daddc89d91409e40f946f9f7cfe422e777e,1,0x464c8b72f86e0002c5aa703cfded234d578604a6
0xd8019646bdde01cdc085e8c27a56ec0e9f27b9c3,0x612e2daddc89d91409e40f946f9f7cfe422e777e,1,0x5c4ce70baf88d0583f60262ee5bd0926af40fbc5
0xaee9f5908e70a749e9289d61cd37757e62bed50a,0x9b63e090ca2dc9581d24267417ddfc6dbdf12e30,0,0x9b63e090ca2dc9581d24267417ddfc6dbdf12e30
0x150c7b244129ea714827a3eb4f6be1791b093a62,0x231fdcac73f9fed1ac2d12af5f7cea39456019d6,0,0x231fdcac73f9fed1ac2d12af5f7cea39456019d6
0xaa734506c2c739543a94a26e1389e66037707503,0x88909b435d2cc4a9b2174d5d6fb1f0bf453b5846,0,0x88909b435d2cc4a9b2174d5d6fb1f0bf453b5846
0x234d3b8d393a556833a545b3f2ec9621ccd7cfbe,0x3b612a5b49e025a6e4ba4ee4fb1ef46d13588059,1,0x8e26b029787f42cb36e4faadbb5abc697ce12edc
0x5d3d01a47a62bff2eb86eba75f3a23c38dc22fba,0xed9198181bbd4e09ff320fa11ae062e140be0c4e,0,0xed9198181bbd4e09ff320fa11ae062e140be0c4e
0x5c55656f0ab4050351e692994b49ac9b1649ede5,0x544bb9000af946ec304a154a4ac1663bac3dbe23,0,0x544bb9000af946ec304a154a4ac1663bac3dbe23
0xf69e254fd2f2576136dc5771d52d6f6ca4104123,0x5f679e4de4b16d187d1f1d48a8b8e6189df3f30d,0,0x5f679e4de4b16d187d1f1d48a8b8e6189df3f30d
0x06ed4b980dd2a914e8456baecda4de8fd78e89cc,0x612e2daddc89d91409e40f946f9f7cfe422e777e,1,0xf511d47077e4090402426c90d0de5274f0f96b1a
0x161d83e04fdd9259c4fe672f4866dc1d77a09161,0x76f948e5f13b9a84a81e5681df8682bbf524805e,1,0x3927cf09a8f5582aabf313315008e33077280377
0x017314963336fb87d6eac2ef173e9ffc2febd296,0x76f948e5f13b9a84a81e5681df8682bbf524805e,1,0xdb8209f6b10a6fad660161115691047ace790514
0x0d6e9f32feb8b7811502b6b0c0a17b36a4f8f401,0xbb7a17b6ccfb6dcd152e098d7c8519f0b334cd13,1,0x25ff2d3a1ebbe8d048bb42279bd20d3b05be7ec4
0x63af2beeb8627b5f312aa4d2cc1ea6259ee714e9,0x7f7a01103cdd4be0e594c1e78d2dbd2cf13362d0,0,0x7f7a01103cdd4be0e594c1e78d2dbd2cf13362d0
0x428dc3c78d0afffc2c8649bdd53b895fb84c03ee,0x612e2daddc89d91409e40f946f9f7cfe422e777e,1,0x0da1593b61973dc8eba3b29da378cff5911d46b8
0x1f39ee1843e6f2ed1176acc99e4798bfefbd534b,0x000000f20032b9e171844b00ea507e11960bd94a,1,0x97393592fa1b29970037445ac0d40cee2ff0828f
0x6ea1ab45717de8f5cbb0ada82d701dff9d63fa61,0x17f9e5611d767c38f26c4eadf5ddd9b18d6ba91b,0,0x17f9e5611d767c38f26c4eadf5ddd9b18d6ba91b
0x04129d504ef301ef83d0efb65cedc38f0385b65e,0x442295de8a31d65026dbc09c29d469f6854f188a,1,0xd4bb0b6ec558b5aa9be5c44197574d6960030830
0xdb89a8b558188748a3a7c7ff20a3089058af49f2,0x6278e4fe0e4670eac88014d6326f079b4d02d73c,0,0x6278e4fe0e4670eac88014d6326f079b4d02d73c
0x3cd37af24680a05bb14b8ad556556dbfc666d544,0x000000f20032b9e171844b00ea507e11960bd94a,1,0x51028dca6298babc41139dadf3363ab587e91016
0x02b81f797a20521a55509e200a0591b426d1f942,0x1ed826b8d24570db1a991c3e170177dcd1459a2d,1,0xa5b7a2af41e16bbe53b0b998add1d7b939c24093
0xaa9d7fe04e03ae2d8744ee0937b259199c86fcab,0x612e2daddc89d91409e40f946f9f7cfe422e777e,1,0xdf52cf29507530408bfba8660be96f0b71aadb04
0xe6d94e9d62a441e1dd34a169d6683d426b95ba98,0x612e2daddc89d91409e40f946f9f7cfe422e777e,1,0x965af2bc77ab7892ba9fd8136585c00359042f43
0xea90d75391c4c7133a3e99ca1974bf2affe23801,0x612e2daddc89d91409e40f946f9f7cfe422e777e,1,0x829538f7ea0c9a77c43976a49dd4a591fb64d94a
0x50989ee238f0bf3d504e936e1e2ba33cec8fe8f5,0x000000f20032b9e171844b00ea507e11960bd94a,1,0xcd27372e715eae02f2388a38e9bb2ac06606bab8
0xe55261b71b6d9794814b0642adb1e7f3929973f1,0x612e2daddc89d91409e40f946f9f7cfe422e777e,1,0xa29af34d03af527ea2a2d388fb675e7b977b08ac
0xe3868729cc6ac4a1b87514915d95189c23d08641,0x612e2daddc89d91409e40f946f9f7cfe422e777e,1,0x957dc853ec572dd176e0bea8192958cae09e8f5f
0x284753f9d0876d7e5857c4b645e180bb346a862c,0x000000f20032b9e171844b00ea507e11960bd94a,1,0xa94386091ffac42367c7c04db8f5974971f194b1
0xb56c172a6c5e7fe6f0897a4bf04ac68771f52c20,0x000000008924d42d98026c656545c3c1fb3ad31c,1,0xe4701b3c489bd1de2c8ffbdfe9801092859afccc
0x58191c5ac32a0922dc96a75797e08fca4a4a99a2,0x000000f20032b9e171844b00ea507e11960bd94a,1,0x9a4ead10f3e3793964b8cafc99c2fe554c4b82c5
0x5d6719c45a999e7b829cd5517b3419d06ac67c0f,0x000000008924d42d98026c656545c3c1fb3ad31c,1,0x912d50851ced0e4a4fbacd6ac08f054da69fec2c
0xf18cfdd431c86a2233676fa87e8be34b2134bf7c,0x6ffd7ede62328b3af38fcd61461bbfc52f5651fe,1,0xe2456926044c5dc1ac4a243de738f2740c9b159b
0xa0d7311120c01840d3e72eff593c4139028d31d8,0x000000f20032b9e171844b00ea507e11960bd94a,1,0xa1f84d6b2e30098eb2210715b59ddce1d7abbc91
0xb7f7f6c52f2e2fdb1963eab30438024864c313f6,0x3c63d087ad7de996221c57fe4e55dfcee182ae27,0,0x3c63d087ad7de996221c57fe4e55dfcee182ae27
0x049aba7510f45ba5b64ea9e658e342f904db358d,0x721d3524ce6ff0c662f4c803f7b5e674debef449,0,0x721d3524ce6ff0c662f4c803f7b5e674debef449
0x495fb4483d1782e92df66685920b857d52db93e3,0xc102f76973f4890cab1b5d1ed26f3623381983af,0,0xc102f76973f4890cab1b5d1ed26f3623381983af
0x488fb59d73669d5a1cdf0960214563756594c528,0x4622df5a38e73150f61db831889b194a74104701,0,0x4622df5a38e73150f61db831889b194a74104701
0xd6772b8331f52ab327f2c1fc3eafec4c080f317a,0x3b612a5b49e025a6e4ba4ee4fb1ef46d13588059,1,0x8fc9e70a316c8cc358caa3fd880d808895945094
0x3f5dea73b1b1b7ebc7ceceabe469006840633c51,0x07ef53877f921a8020af51b8dda96c3565fc82ed,0,0x07ef53877f921a8020af51b8dda96c3565fc82ed
0x5ee6102d80851f20cb8a13c0dadaa6e428b8056b,0x10414b5ebe5bd23211d4629f0cfb4e3a3a56c5b7,0,0x10414b5ebe5bd23211d4629f0cfb4e3a3a56c5b7
0x93ecac71499147627dfec6d0e494d50fcfff10ee,0x68136bf5db4407dd599960585da9b7746ecf567f,0,0x68136bf5db4407dd599960585da9b7746ecf567f
0x61ad7b405d3bb2cce4a66fae60c74ed2d447f7a4,0x3b612a5b49e025a6e4ba4ee4fb1ef46d13588059,1,0x49a6374a6d792b345f7029577a3b7bdadb29cd80
0xc620bcd95551bfb78afe169f6f8503155ef5900a,0x3b612a5b49e025a6e4ba4ee4fb1ef46d13588059,1,0xcbdd5bc43ad33ab4decc37fa53fbccde479f1c77
0x5bfbf78d81cd7d255dfa44d9f568375131361775,0xd7db23eb41b6393959e4db0bd88afe1d33be9505,0,0xd7db23eb41b6393959e4db0bd88afe1d33be9505
0x7bdb31a0f00a750517bc1d51e38635846b733b4f,0x612e2daddc89d91409e40f946f9f7cfe422e777e,1,0xc50bb379fbadfedfeafeefdf829e5588ff6c9c3d
0x1563587ef5e20b6a0a5c20b3c2e1e2c2b4098f92,0x454ee605b0e070145fadfce49b072b029099078d,0,0x454ee605b0e070145fadfce49b072b029099078d
0xa45662638e9f3bbb7a6fecb4b17853b7ba0f3a60,0xd310a3041dfcf14def5ccbc508668974b5da7174,1,0x3b60e31cfc48a9074cd5bebb26c9eaa77650a43f
0xff047836feb2c45c9bd4cd84665512d5bf56e389,0x10ee6468f5d970cfb3cdb4e0866e9816b4e09e3c,0,0x10ee6468f5d970cfb3cdb4e0866e9816b4e09e3c
0xfdb192fb0213d48ecdf580c1821008d8c46bdbd7,0xcf01742b7d466b10ed613c435360c1695fc4b982,0,0xcf01742b7d466b10ed613c435360c1695fc4b982
0x645e4d144dc1d38535b36c6ea2346c2661a5f2f9,0x612e2daddc89d91409e40f946f9f7cfe422e777e,1,0x5bfe0b3f1eb89b3b688f436871108258212b4019
0xf2933422dc53eb01a712589c9ab55e6fc5a669a1,0xbb384d96ece6ab31e25a91dd76dcde24f333d68f,0,0xbb384d96ece6ab31e25a91dd76dcde24f333d68f
0x08445bfbda811449be52b784b7869db4aadc0a41,0x7dd46f5c08449e3dd090aef69990e4679b69a288,0,0x7dd46f5c08449e3dd090aef69990e4679b69a288
0x56e245db19a77175008d780509fa991f785c1366,0xe43ca851127eac897ac4e766976e3a7a7ad7339d,0,0xe43ca851127eac897ac4e766976e3a7a7ad7339d
0x04335370c90290cee7e89c63645ec4a8f37f3d6e,0xdfe8beee223412f316baf2968b17527d6eba29f1,0,0xdfe8beee223412f316baf2968b17527d6eba29f1
0xae2e911c41d8c1e9b0a26d5f06bf8dd222df34a8,0x3b6312d78bc3bb215842d054627c3a2b22f2bd9c,0,0x3b6312d78bc3bb215842d054627c3a2b22f2bd9c
0x2824220377c8825dc4c16406c2a8c942c71bd4b4,0xf170b7bf8534f669a5267ec109f7e6c45b000e30,0,0xf170b7bf8534f669a5267ec109f7e6c45b000e30
0x0dd23ca98c840cf16db1c93b340d579375cb60bb,0x1660207bf5681c9cdb8afe3a16c03a497a438753,0,0x1660207bf5681c9cdb8afe3a16c03a497a438753
0xaec0fa019d60774077c730ea125c2b202950e15b,0xd81df4d3f230a6787c7253e4df70733c90efdd5c,0,0xd81df4d3f230a6787c7253e4df70733c90efdd5c
0xd8ea42842e45998ebc32d22135a0256f46fc8a88,0x9727938aa47822147a4acd534b088634cb23a4a8,0,0x9727938aa47822147a4acd534b088634cb23a4a8
0x3c996a872fd3f2c01d74f550c846fe7aef4710f5,0x2c48e43a0c8bada70e4ee9a012baa06c741e4be3,0,0x2c48e43a0c8bada70e4ee9a012baa06c741e4be3
0x2d09cd49f1dba1c9bd2c945d902c633c78965f33,0x5dbc7b840baa9dabcbe9d2492e45d7244b54a2a0,1,0x176fb037c2b1034517aff21998bc988c92763c08
0x8ad059b4954864c63b20533853ba7a262c04671c,0x7382bcf0bda75e8cfdf5d5d7515c6aa59d480a04,0,0x7382bcf0bda75e8cfdf5d5d7515c6aa59d480a04
0x832a2de7f51893f201be7aabd4b7d13e7d541d49,0x5b605ab7566efcfe7e88985e05b21df04f2436d2,0,0x5b605ab7566efcfe7e88985e05b21df04f2436d2
0x1af4894eb8311e7a14dd43770fa0d9331b031dc7,0x612e2daddc89d91409e40f946f9f7cfe422e777e,1,0x375d320bf13f93785c734f81a53818b7e31a02fe
0xacc048f24a66f8e19e240caf8409c8c3d46eadfa,0x28dfa69eaf27cfc08cba2013d014b16b862eb9bd,0,0x28dfa69eaf27cfc08cba2013d014b16b862eb9bd
0xe53ae10a356247b58b51503594e3597d738df242,0x9e4fbfd7d8f860e91787561ab182c5b1086da6f0,0,0x9e4fbfd7d8f860e91787561ab182c5b1086da6f0
0x1e3e127e94e17d9e7da9073539ad4eafc19123e9,0x94f215b2fe2ca31c8c6c3498ec7beadf79a5ae57,0,0x94f215b2fe2ca31c8c6c3498ec7beadf79a5ae57
0xb4e03acd1d4820f821d760bcea4b18b93a290f12,0x7d8ddec2b627cb7d21086ebaa235632694402e69,0,0x7d8ddec2b627cb7d21086ebaa235632694402e69
0xd7cb208297f661867a43c08afe5980ee88dfc678,0xd310a3041dfcf14def5ccbc508668974b5da7174,1,0x6a024f521f83906671e1a23a8b6c560be7e980f4
0xbfdf9457ac6dd2978c72467f54c6c24125dbec67,0xaef3e8c8723d9c31863be8de54df2668ef7c4b89,1,0x4d18f8f2ae19f1e166c97793cceeb70680a2b6d2
0x5ab44d97b0504ed90b8c5b8a325aa61376703c88,0x6e2f6130b31df274283fb21744ad18836abcacee,0,0x6e2f6130b31df274283fb21744ad18836abcacee
0x6b5483b55b362697000d8774d8ea9c4429b261bb,0xa25b778e5a9a6a892f9446a55922f8a7de44b4c0,0,0xa25b778e5a9a6a892f9446a55922f8a7de44b4c0
0x27de7e934faf18f469ee71fe004d01f8ebf98a5f,0x612e2daddc89d91409e40f946f9f7cfe422e777e,1,0xcc2e1a8f4ffe542d6658d5a5ef8f5653ceca3b7e
0x2411c98cc59d88e13cc9cbfc576f7d40828ac47c,0xea6e311c2365f67218efdf19c6f24296cdbf0058,0,0xea6e311c2365f67218efdf19c6f24296cdbf0058
0xc14e16261662887954d38e4fa788c7a9e78a54f0,0xc66ea08f10cf583d4a968a41fc6a03aecba1cd7d,0,0xc66ea08f10cf583d4a968a41fc6a03aecba1cd7d
0x7f4d6dcb0e3a160b370ba4348f7ba885b9fc1f6b,0x612e2daddc89d91409e40f946f9f7cfe422e777e,1,0x57aa36d30d315791a8222d5fbfd76c1608e961cc
0xdf35b5dbdb356decf719270e3262c7a1d6e6aa92,0x11b6691b22e4ae516bcf4482579cc206a0a9df62,0,0x11b6691b22e4ae516bcf4482579cc206a0a9df62
0xc0ac4689fe801a49be4ab080c0018ee0d9c3229e,0xf5c9febbd9fbce1366d1433f119150a409aded26,0,0xf5c9febbd9fbce1366d1433f119150a409aded26
0x2d342408705f9ae69b1672b542dbfe2befef72ce,0x7f79c7b91f71606afaf68da2a95653955094ca4c,0,0x7f79c7b91f71606afaf68da2a95653955094ca4c
0xfe9e28deb844c8b43770a865c6100c40e80743aa,0xb4ea9a0c1edd5c41585cd3715a1269b9dd3105a5,1,0x1139c7cbe9a337f6c6f127e3888c6c081b1f0228
0xccac2d3d3e42f63a875185c71e0bde6318ec2d54,0x69497bbd37c91a3d049b1109393ff50476ff2489,0,0x69497bbd37c91a3d049b1109393ff50476ff2489
0x73cb7cba29b737ed8b2a2d1cebbf3708d866fef4,0x7dc1bede16a2e3ddb79a18729e2da0b421806ce4,0,0x7dc1bede16a2e3ddb79a18729e2da0b421806ce4
0x5d9a0268f03ed91a8090ed75afdbeec986048d39,0x612e2daddc89d91409e40f946f9f7cfe422e777e,1,0x91cc7e95ce55a28cfc6d5c0bf93e637ea714f85a
0x3aff5f148c73782cbbbe4a01dc3adbdb5c029f7a,0x000000f20032b9e171844b00ea507e11960bd94a,1,0x694c1f34884024c6f8437368275cba8512154d0a
0x750ee3529d13819e00e4e67063d6e500870d5af3,0x60a59d7003345843be285c15c7c78b62b61e0d7c,0,0x60a59d7003345843be285c15c7c78b62b61e0d7c
0x03ec68158a49e758531ec5263e0f84573792d1c4,0x000000f20032b9e171844b00ea507e11960bd94a,1,0x67ed05d3f9ae45b9055c1878c015063476a46c32
0x6f6ae8851a460406bbb3c929a415d2df9305acd5,0xe584b655a6d3d818998670f73c9c0702b66498e2,0,0xe584b655a6d3d818998670f73c9c0702b66498e2
0xfee9ef8c3b4d904e1f0a6e79887552c85f5f2980,0x7354936bc7a72c8baf5a2f9262e70a52c427be4a,1,0xc3463ef74a3c700297f419cc0a92e064f45ff3ca
0xe8945e863bee12cad8a66b65fd772f3a9913c93b,0x1a1510f23125897963a3b2d5c35c7fc5492ad055,0,0x1a1510f23125897963a3b2d5c35c7fc5492ad055
0x0e50bb0a709a1a36a420a3c36c15cd308d426654,0xaa9186b9953ba0153f276bf87381f2f6ca0423f4,0,0xaa9186b9953ba0153f276bf87381f2f6ca0423f4
0xda11e1d06e4e0d0ac26805bdb063ecdbac426aa0,0x1b068dd66ada72e6c4f75368978eda09906b6708,0,0x1b068dd66ada72e6c4f75368978eda09906b6708
0x7e799c04bc4285852a3186df41a1ab12ec050442,0x565196152f8a4066a51b498a44a9981145d441ff,0,0x565196152f8a4066a51b498a44a9981145d441ff
0x69f0bf6b8e5fad12b42b3fc7024bae1d05fb95fa,0x000000f20032b9e171844b00ea507e11960bd94a,1,0xb93e6a822bb899603a88166f15777e864d63cc98
0xd79057177f4afa8956e123204c8a6af9bacaeb33,0x612e2daddc89d91409e40f946f9f7cfe422e777e,1,0xb30bd997dcea4b465ebb4e41d02d418ba7e138d5
0x018080fddcaa238f4e850e3da223575719ad2462,0x000000f20032b9e171844b00ea507e11960bd94a,1,0xdf612d1bf8bb3f33dfacb6149d427e6ad0ca0e51
0x4195632e04e5ecd096f630b31471630da792bd83,0x612e2daddc89d91409e40f946f9f7cfe422e777e,1,0xa1f215989b1e21e6dad76ea339c1ed4e2e5365b8
0x57dc0c9aeb5cdd936d0125d9f1f5f16d4b6b3348,0x02eb75be1e72e988de64f0088d654d8ea1081e87,0,0x02eb75be1e72e988de64f0088d654d8ea1081e87
0x0ee6a15ab569af52b45508744be4c129139fc370,0x000000f20032b9e171844b00ea507e11960bd94a,1,0xbee6aa166a2b0a03882f7b38193ea7722f705a90
0xf70331cafa62a3563a8573f25bbf797d70960a8a,0x612e2daddc89d91409e40f946f9f7cfe422e777e,1,0xbdc3e5b342b78bae722b86a6d442b92701dc7ddd
0xae4c08bb80fd9f824e0753386657298b6edc4106,0x69be4b80090d3e642d1d3b30ba40c790369c0509,0,0x69be4b80090d3e642d1d3b30ba40c790369c0509
0xd1e567f7b9e9d98426e7e16b9138b4b628f95599,0x28b25a5be43f537de0aed5be48627a15369ebfec,0,0x28b25a5be43f537de0aed5be48627a15369ebfec
0x7fc4564ba2f6f3139b6b1126dccb6c7b7cbadd2f,0xb2019531de3bfda451668acfe40fb3aee59975b5,1,0x64c428dc1ec55fdb592e6421a55e9173f1d5e40f
0x7685c6ac0cbb2df487c6a5c4429cca662869be68,0x1337af9761b5a8357fd52398317a0d3247b14b3a,0,0x1337af9761b5a8357fd52398317a0d3247b14b3a
0xf109b563aedd012a2ec903f7169c72a31b63c474,0x000000f20032b9e171844b00ea507e11960bd94a,1,0x9a6c18958fe23afeb4ccc8e23ba15e07c4a7e971
0x9cdce6f0d7c50b43a202347206f6b626910af620,0x8231ff66a7bbdc14ad89782a51c939bbc4c92784,0,0x8231ff66a7bbdc14ad89782a51c939bbc4c92784
0x2a50f214868d6170bd129edf7caadb831ff6f052,0x15f89dc0088f13ffabbc75ff3f279c9570a69c33,0,0x15f89dc0088f13ffabbc75ff3f279c9570a69c33
0xc0879f7a3f4296b373e62fd7153b4a7658bd115c,0xbcb504d91f2ca6fa1dbab5861d103250247449bc,0,0xbcb504d91f2ca6fa1dbab5861d103250247449bc
0x863e0ff291b282e7a43f63bec4300375eb303fb9,0x612e2daddc89d91409e40f946f9f7cfe422e777e,1,0x4c6cdf7acac46174acd0faef67bf881bcb9230a7
0x9e02b367e85d42571b4074b03dbc81350aa6d4b5,0x265756ebba771e69e11529dc0d5bebec98b883ad,0,0x265756ebba771e69e11529dc0d5bebec98b883ad
0x2874b5afa39ab1f8409870fc2b4c48420ab9b595,0xf6cdfb166f533bb08735c78f92592725d17d92f3,0,0xf6cdfb166f533bb08735c78f92592725d17d92f3
0x04ddc31303dd91ea766b3c50c57ab42ff72833ab,0xbdc3e5b342b78bae722b86a6d442b92701dc7ddd,0,0xbdc3e5b342b78bae722b86a6d442b92701dc7ddd
0x6a9b14b73c0be1230e37333df6581037e9d890b8,0x9b54fdf2505209aa9bf1ce9c225dcf6bb6a56e8e,0,0x9b54fdf2505209aa9bf1ce9c225dcf6bb6a56e8e
0x9218c286adfb85e66aedf7ba4427e0ebc03798fc,0x3b612a5b49e025a6e4ba4ee4fb1ef46d13588059,1,0xab9201e7cca016b0533fc821acd8daf05e045a3a
0xb8bcafefebdd846dc1f262ca4c5546d7d27092a2,0x79d922dd382e42a156bc0a354861cdbc4f09110d,1,0x868964fa49a6fd6e116fe82c8f4165904406f479
0xacd6ab55f6fba36293a9a920ffcb2f0f3d34967a,0x79d922dd382e42a156bc0a354861cdbc4f09110d,1,0x868964fa49a6fd6e116fe82c8f4165904406f479
0xd34d2f953cfdbd16a62c764f6d60fcd57506cbe0,0xf8fcb2a4684e8eb05bed110adf8029ffad2b145b,0,0xf8fcb2a4684e8eb05bed110adf8029ffad2b145b
0xe05dcb29d7ef794cb1294f464ea78dbf852e60e4,0x63648f2c3e96b0f548575fc1b1efca1a61f5de50,0,0x63648f2c3e96b0f548575fc1b1efca1a61f5de50
0xcf099445347f0f006c19b90f1c1933eb9413682b,0xc3c2b96e5ad0a2897dc536ac56a87ba73538590e,0,0xc3c2b96e5ad0a2897dc536ac56a87ba73538590e
0xb124779dc329e56159d4b72b15b7e316ede883a0,0xc0c66ecb9ba2ea66e7601399a84df1e127babe43,0,0xc0c66ecb9ba2ea66e7601399a84df1e127babe43
0x3162940d074582dd059495ea786a8e483d4ed4e2,0x4465c2462d4fc2f75d77be449b08cbaf46d6b0a7,0,0x4465c2462d4fc2f75d77be449b08cbaf46d6b0a7
0x2af34d0e72cfe3e90811a4965b7c22c233cc528b,0x9bdce45a073e42b157b808e9b5a97f0e467889fb,0,0x9bdce45a073e42b157b808e9b5a97f0e467889fb
0x92b26f82d9c97f4bb61893492a51bd7a287c5522,0xd48a191e16d9ad06d157a9f13238abde28ff127b,0,0xd48a191e16d9ad06d157a9f13238abde28ff127b
0x4365b5313efbff83e8e112a8519998e6677ebb70,0x208833804d09cf965023f2bdb03d78e3056b4767,0,0x208833804d09cf965023f2bdb03d78e3056b4767
0xf61f24c2d93bf2de187546b14425bf631f28d6dc,0x52ea3bf097a40f768e9cd49a735ba289882a0238,0,0x52ea3bf097a40f768e9cd49a735ba289882a0238
0x7831729a089df41d7c5bcbd5cebb9d7d131addd3,0x4de5ae339b406a8cd5037e9138a62e86aa5352ef,0,0x4de5ae339b406a8cd5037e9138a62e86aa5352ef
0xa22e2f53ca787414dc0643c399f92234949e2305,0xdda68d76f9ba2b729caa58d089853c7bb7282323,0,0xdda68d76f9ba2b729caa58d089853c7bb7282323
0x05abac53d706502d6c3ab2edb413dcca5d7ff49b,0x6fb78d9c19d3b0ef9cc4e134c82b77a5beeae401,0,0x6fb78d9c19d3b0ef9cc4e134c82b77a5beeae401
0x8ffee14da53568dce07bf624ade0df3d4884a7aa,0xfd861c7e3bd41a83b50f9dcb054600d18a7dfb93,0,0xfd861c7e3bd41a83b50f9dcb054600d18a7dfb93
0x1c01c2b25f41531c94993f8d3c4d1eee09604659,0x612e2daddc89d91409e40f946f9f7cfe422e777e,1,0x5ff6115e2ff1a1dfe61b99da9182ce703c9e2b4c
0xda4c72d6fcb794dece74bfeeb44346454b869a83,0x612e2daddc89d91409e40f946f9f7cfe422e777e,1,0x6a002e8b99f7989b15b84a93833d76f29b9902d6
0xefc7a4fba077064f9fdc6631197258f1d94213fe,0x612e2daddc89d91409e40f946f9f7cfe422e777e,1,0x29d7e1da8daca7a9d1edaec80255bbaf0eef594a
0xca89a88d834a0f1577cdded06fdaf72e3e5379f3,0x612e2daddc89d91409e40f946f9f7cfe422e777e,1,0x08fe94639369b0bd357cb6959d95ac6ad81ade9c
0x8d4e7c1b1eccd495a3c1f1130c88776b3d8f0698,0x612e2daddc89d91409e40f946f9f7cfe422e777e,1,0x64961ad58eab5911cd510e19fd98f102d917eaee
0x2332f189bbc3af64fb3cb33b3a69d148ecdc22a0,0x63a934da457e9d19cdc4a6016961b6d571944818,0,0x63a934da457e9d19cdc4a6016961b6d571944818
0x8c8957c75cb702dc623883f64ca7d4c571c67689,0x612e2daddc89d91409e40f946f9f7cfe422e777e,1,0x1803ea80b08b9b9c75a74459034cdb9d0f1c383a
0x64e121fc9d5f1c6f4633f919c415e33d9ddf18ca,0x6c4de190b516827ed5c774c6155be703fc7c5753,0,0x6c4de190b516827ed5c774c6155be703fc7c5753
0x99f4deae6e954fa3dca536f4a49e4a56c5740dc7,0x9375cf5ec2437a7a50e2e0a715e9c46501350763,0,0x9375cf5ec2437a7a50e2e0a715e9c46501350763
0xfa22f571634c22ffd2b8b54c297399a114b8d993,0x0427d41e1394e115a6715a9df9f374f9cbb270f5,0,0x0427d41e1394e115a6715a9df9f374f9cbb270f5
0xd5ab7eb8e594d52e04264d848ff6045e9878e10c,0x000000f20032b9e171844b00ea507e11960bd94a,1,0x2211b2aaa2c865205a22840fdabce08e912907c7
0x08c66c22df1d5c02680bad9514d5de53db544e3d,0x000000f20032b9e171844b00ea507e11960bd94a,1,0x2f2f533e51d1c39628268b6c6c07bd1a0cf0be4c
0x713e0ae89a1e244ca576da198753ec682df1d3c6,0x612e2daddc89d91409e40f946f9f7cfe422e777e,1,0x688d97023329d17027dde76ba4d42ef11e8ee46a
0x20bff15fd00642f8ee764330c53822db2a9ecfaa,0x000000008924d42d98026c656545c3c1fb3ad31c,1,0x331314c68aacf92eaa71e59c89b90c9bcd131751
0xe40b9b084ae9a1d62934fb61c80f564134d49c24,0xa92838ed7c8e6a6cee783f8583ae4a7f0352ce3d,0,0xa92838ed7c8e6a6cee783f8583ae4a7f0352ce3d
0x4a2354bd30576046e4973a2fb8169a2034639760,0x000000f20032b9e171844b00ea507e11960bd94a,1,0xcc031364d6507391a49858fc1cc6d6551bb62a4a
0xe10fe04697994608ec62487476850064aae25b86,0x000000f20032b9e171844b00ea507e11960bd94a,1,0xb8e7f8f5e2677329ad31a3fa226e6012f17d29d8
0x8045782ec89c2a6338157feda340dc8707faaa04,0x612e2daddc89d91409e40f946f9f7cfe422e777e,1,0x43e47385f6b3f8bdbe02c210bf5c74b6c34ff441
0x4126572d124f905e723d1726701ea19cfd684649,0x000000f20032b9e171844b00ea507e11960bd94a,1,0x942c0799179f8da5c6340ff3c5ad0c0b19b82e28
0xe314e77a0bfcd8ef661f2ee681dae301c503e1ca,0x000000f20032b9e171844b00ea507e11960bd94a,1,0x30dcfa98440344e7cdd45818804700ffaca69f73
0x57fc35e09f0135c1f53367bdab25aadeafa5e8c7,0x000000f20032b9e171844b00ea507e11960bd94a,1,0x3b0fe5b396df7d52cecd2bbde4b5eed9faeeb612
0xb90c5b95d7c29d1448ec079dffedc5905fb77711,0x64f7f6b122daad47fc427b2b8b620d6130bcb4ce,0,0x64f7f6b122daad47fc427b2b8b620d6130bcb4ce
0xef8993b1785d87bad4c8e69caab9968ceccc5fe2,0x00eb6d65e9ca31ab3ece56c2ea3fc4c3bf634d2c,0,0x00eb6d65e9ca31ab3ece56c2ea3fc4c3bf634d2c
0x8db687aceb92c66f013e1d614137238cc698fedb,0x80644daceedde598a5607e18a93ebe1c85a82dad,0,0x80644daceedde598a5607e18a93ebe1c85a82dad
0x7fcbb823ff16110e5a14c3c897dc0af334423e4f,0x1b2ef9d5db72ea1103fc24eedd2226477409383a,0,0x1b2ef9d5db72ea1103fc24eedd2226477409383a
0x416c657ea57e67402d16b9583ec64202f92b7b36,0x9d455affe240a25adc6cd75293ca6ab2a010ab0f,0,0x9d455affe240a25adc6cd75293ca6ab2a010ab0f
0x5d287218ce0c8ce9e569462fedc15efae6293fbd,0x6e42262978de5233c8d5b05b128c121fba110da4,1,0xe6b221eb84084cbf557465cb8972ce2eaca59382
0x5d322f7a137b2eb8ce1fe688cd5f15464b8e39aa,0x3ed9707718a0a41464c905aed5fbc5a067236c0e,0,0x3ed9707718a0a41464c905aed5fbc5a067236c0e
0x88c5630847c218245323850897bc62244f201426,0x3b612a5b49e025a6e4ba4ee4fb1ef46d13588059,1,0x69083e9cf68da3a2fedec4e987c452c2ab790635
0xdba39c7080e2c3ed3cda949a1c36e2fe3eca0733,0x0b1bb4f4836b69dd94a9c42af9048991cca229c0,0,0x0b1bb4f4836b69dd94a9c42af9048991cca229c0
0x196a56da1bf1e55a242d8748e5372315faae7617,0x3b612a5b49e025a6e4ba4ee4fb1ef46d13588059,1,0x3d47092af49859536e54086f2f69bfed89e9f12f
0xd8d4b3fe82aee0b7e6072b0fbc611fcb34ea1c1c,0x18d7ae12eab31ab54e5ae05396fda9f507271099,0,0x18d7ae12eab31ab54e5ae05396fda9f507271099
0xd1d7bfc6fb1334bf3bfbc9fa010db57d8a28286c,0x3aec3113a09627af7c9039954d8592ff0bc20c25,1,0x22a15393ec07b9cb2e80334f085a00b4769c71df
0xf50550d04b608004a0dc7af6dc614de4944a285b,0x22a15393ec07b9cb2e80334f085a00b4769c71df,0,0x22a15393ec07b9cb2e80334f085a00b4769c71df
0x0faa59d8455bdbad52945d15ed2a5531d00efbad,0x01cb023186cab05220554ee75b4d69921dd051f1,0,0x01cb023186cab05220554ee75b4d69921dd051f1
0x893b91839dc8be995481bdba5fbf89e40ca56f7c,0x3b612a5b49e025a6e4ba4ee4fb1ef46d13588059,1,0xb7122ad95e3712016681fa937674ab97386a55cb
0xbf06a4223e7e6ec4b82675fb4270d39741544040,0xdbf14d441ff0fe72333b6e25c0d1485d6c78dfd9,0,0xdbf14d441ff0fe72333b6e25c0d1485d6c78dfd9
0xd6c3e3c5e0ba6e750f8c9fac7d96b56c8c063013,0x539b2a70bb3cdeee6a0070b773b9705e3f6bcbc7,0,0x539b2a70bb3cdeee6a0070b773b9705e3f6bcbc7
0xd80fde1d54fe4d30d59722590e7269710d185726,0xc1deb3e48461dddc4a4791b11f89d22079d036fe,0,0xc1deb3e48461dddc4a4791b11f89d22079d036fe
0xecde50104f08c4a116059f3a3bb45f0030be5e0c,0x8073cbb51da4f6f4cc0787a03fd4b6d443b46861,0,0x8073cbb51da4f6f4cc0787a03fd4b6d443b46861
0xa21f923d87615a6321fd8812e7e6045ad85454e9,0xaf49a257a6c66b509916ae316358cf83b3f17d49,0,0xaf49a257a6c66b509916ae316358cf83b3f17d49
0x2a219213da6c13582af3d27c52f0a13061f8b826,0x1712bf0c459dc5c85b78eee46642d169be0ae1bd,0,0x1712bf0c459dc5c85b78eee46642d169be0ae1bd
0x16d43aeabb3205e36fbc7d3a2bf148876f9ef350,0x2e0d63ffcb08ea20ff3acdbb72dfec97343885d2,0,0x2e0d63ffcb08ea20ff3acdbb72dfec97343885d2
0x2ee6f1c70010e99d7b7daf8f3041c678c74042e8,0x5fc13c5a541041f8fa12fab492d064435eb8d2f5,0,0x5fc13c5a541041f8fa12fab492d064435eb8d2f5
0xe920527ffd7705aaafb78dd908f5a543f1e3404c,0x871f36d0828de2de4cc8fd343b591c91132036bf,0,0x871f36d0828de2de4cc8fd343b591c91132036bf
0x89f98fe0146f99ccbd77ec07df2ae5366f4dfcda,0xaed8e151086a85d39166b80bb4b4cec2f6328a7a,0,0xaed8e151086a85d39166b80bb4b4cec2f6328a7a
0xb7894767128bdfb4f53eae97b79759d8f53ac1b6,0xfcb85d4139123b1ec6746d1c487a2201045b9f72,0,0xfcb85d4139123b1ec6746d1c487a2201045b9f72
0x5b45d35aceee8c3d192c2df9cc55b1bdd32905dc,0x497056b9e7832eeadb26c80724eb79d7ad0ca77d,0,0x497056b9e7832eeadb26c80724eb79d7ad0ca77d
0x015c2aa3536035288dbceb8c46794368ccb53992,0x32e146e660e74f2a06e40f7b65cebdec0856b2f5,0,0x32e146e660e74f2a06e40f7b65cebdec0856b2f5
0x208f850d040cc1b99fb91156586c36ee0ced60e2,0x729c2a4e830e8214ef8c13384c0ee84b53f86d3b,0,0x729c2a4e830e8214ef8c13384c0ee84b53f86d3b
0xf665de6d53ecaa0ca234795c7871b3e2fcc2906a,0x36b2b845a0c2fd77f4a42dfb84fe868fa245481f,0,0x36b2b845a0c2fd77f4a42dfb84fe868fa245481f
0x1950daa6fa5e8228f9a1a92949536ec9d96b1bab,0x2bf0653a9bef4eee408008f32211bb8dc3811f86,0,0x2bf0653a9bef4eee408008f32211bb8dc3811f86
0x7088accfec93859e43a312d7297fa176a6d4235e,0x612e2daddc89d91409e40f946f9f7cfe422e777e,1,0x78ad5cb388c1b564cddf713a2891ab8559fa5c49
0x82eb2fee79a3909aeca144e5f4a7331497f48d72,0x0ad763cb4e063e69901451fd9cef7b5e6a00f114,0,0x0ad763cb4e063e69901451fd9cef7b5e6a00f114
0x4efe356bedecc817cb89b4e9b796db8bc188dc59,0xbcd11837b5114e99e58670fa401abed8686253e6,0,0xbcd11837b5114e99e58670fa401abed8686253e6
0xdb78c91fc99e8211ff543e90a9f0771dd565302d,0x612e2daddc89d91409e40f946f9f7cfe422e777e,1,0x9992e35790176857ff3825554203f6918b8deaea
0xd929071e88bb2ad7f5e09ea88614bd6d966db348,0x67142cbbdcfb4412fc6a083f2df2c30d1daaa019,0,0x67142cbbdcfb4412fc6a083f2df2c30d1daaa019
0xbacb2f61c3a9b7cfe5ea4c3604c8ea8be98b3550,0x3fe465902811769e3e8738cd162632e85dcbaa86,0,0x3fe465902811769e3e8738cd162632e85dcbaa86
0x0932604eaa02d71ef9d715b25760fbd067a57c1b,0x612e2daddc89d91409e40f946f9f7cfe422e777e,1,0x876d91d1f121e9fe0d926efdb3dbd9ad91433547
0x34269da9138fd3347898217c6f9f73608373b5eb,0xaef3e8c8723d9c31863be8de54df2668ef7c4b89,1,0xe4c80780cc7fc7047bccb30e2cbcb67400752a88
0x2b7b8af2e0aa988f719e29c76484b191c24d541c,0x1d1617acc8d03bfc2193c285d5d2a0a8a616895a,0,0x1d1617acc8d03bfc2193c285d5d2a0a8a616895a
0xca521b7accb512cf218fe19fedecc6d8399fcbbb,0x89100ecbdb2b2dfdf67c3c5fdb28a44f33d3ee48,0,0x89100ecbdb2b2dfdf67c3c5fdb28a44f33d3ee48
0x3353c2594bbd80fbe478fe6f9038582d6b64b49b,0x612e2daddc89d91409e40f946f9f7cfe422e777e,1,0x49a6374a6d792b345f7029577a3b7bdadb29cd80
0x6e1cce356f4960c7e53a4d43b9679a154d1900d6,0x7354936bc7a72c8baf5a2f9262e70a52c427be4a,1,0x66679af8335490a105f8931460106600799879e4
0x04282652f6e3674e02f10b2b7038bf23db09ef8b,0x1ed826b8d24570db1a991c3e170177dcd1459a2d,1,0x91e572c3637750e085e48b56559f1d984c904a6f
0x707b48c5385094c577fbf8bf6f6c3ff0b33498e1,0x612e2daddc89d91409e40f946f9f7cfe422e777e,1,0xee1c98247ee62bece92ca0edb366d3dce28c801c
0x122a2db75fc521b9cbc110bacdf9c222e30b84ba,0x612e2daddc89d91409e40f946f9f7cfe422e777e,1,0x26be722da18acc407012d3b86a1774184ed56025
0xba58c1b303a9f9189334cbe4c455b58a02e4a908,0x7354936bc7a72c8baf5a2f9262e70a52c427be4a,1,0xf527362fbfddc1adda219568c619986870176cc3
0xc513837aca1095613d9daea3ae859b22979f8ff4,0x612e2daddc89d91409e40f946f9f7cfe422e777e,1,0xcb23daef22bd7004dfe20291652553867d88e8d5
0x50110a4728a58bd672c0383b1e701127c87b0bee,0x13f3d118252ed5cb03c858d03cc163c1abff125b,0,0x13f3d118252ed5cb03c858d03cc163c1abff125b
0x1b19c18013c285d9d6db90e88f51dd2aca437b74,0x612e2daddc89d91409e40f946f9f7cfe422e777e,1,0x0b51d75d1f228ea465d002595178266aa31e082c
0xb09badbba8d58caa858527be22438ca3a9105f0b,0x612e2daddc89d91409e40f946f9f7cfe422e777e,1,0x7015853f4be641296f6c92690ff69fd36704dc2d
0xd03251c76c09450fb89f40b46d574c8847997b09,0x58add5015bf447ed729893a9af6f60d8bb62504c,1,0xa6010f9733fd39d6ab773b7460a0b4986c1fb2e9
0x75b545d2550508e2561652786ee421751163ed75,0x000000008924d42d98026c656545c3c1fb3ad31c,1,0xe2ce63bae72bd38d5857c23f894a2e0619758552
0x931ff7e6df38aef47e190655e5b1ac6dfc06d255,0x612e2daddc89d91409e40f946f9f7cfe422e777e,1,0xb7ade4e9c2023ea68e7a2f1a0f62c16423ba19f6
0x0b2ef910ad0b34bf575eb09d37fd7da6c148ca4d,0x23c4602e63acfe29b930c530b19d44a84af0d767,0,0x23c4602e63acfe29b930c530b19d44a84af0d767
0x570d0186415f64bed247ab98a4ee4bc6ac8e6071,0x000000f20032b9e171844b00ea507e11960bd94a,1,0x2988fd5fe54d8711a3e1c06e31f7a54aad685747
0xd85e42e420aaad0ae040ab61768e65101060c6f5,0x612e2daddc89d91409e40f946f9f7cfe422e777e,1,0xe18a7449f5ae26afc8c3075d593ff8db67bbf01d
0x59fe3582e38b1d9e71a316befa1edb06d38409c0,0x3e52531da35868993865c76e2851918c925d40c9,0,0x3e52531da35868993865c76e2851918c925d40c9
0x6debeb590863b7f5e4e8b175493bb3115b11a6b7,0x381a5a8fc76809462dde80c372bdea454840a22b,0,0x381a5a8fc76809462dde80c372bdea454840a22b
0xbc14eb89d0c4e9e673bc1d29bcc8196e09afa0f6,0x000000f20032b9e171844b00ea507e11960bd94a,1,0xf8e5c26d0176d5f981cff0e4d048b1799d9e3a47
0x00ed45841f2e32fafa580c7883e806ab2e861fc1,0x000000f20032b9e171844b00ea507e11960bd94a,1,0x7ff7602507df37c0b7a2981ca3278e9142a7f14a
0xdd5144404ffd3a518925390ef630a6c9b9e2c974,0x7354936bc7a72c8baf5a2f9262e70a52c427be4a,1,0x987a76e65b8e47174a4709d6a30c74d756a20436
0xc16e0b0a9357287e203f69322166f65375d00794,0x000000f20032b9e171844b00ea507e11960bd94a,1,0x990c5e9356f4ba5eb7577c2d94feab22a31c51fe
0x6bec8de49d3809bcf9079ea3ddb13a4e27082023,0xa6c5f2de915240270dac655152c3f6a91748cb85,1,0xd91c8fe4ce51e400cee8a4ad49b774e7f2668200
0x1a97a257917640319ebe6d8f773fd2888e80291b,0x1787bd4a8f98446c806b63e62915508d9bb0c0c0,0,0x1787bd4a8f98446c806b63e62915508d9bb0c0c0
0xdd2b395ad50ebb51ab6f455c01c67b5cb53c6fb9,0x612e2daddc89d91409e40f946f9f7cfe422e777e,1,0x2a259f94ede30a0499f1d83ff534026f6717f4f7
0xe282b094f92814862a1652359bc2a831a46ab4e8,0x612e2daddc89d91409e40f946f9f7cfe422e777e,1,0xfffe5ff810d0b8e6fdfcb770ccf96a3854b195da
0x93623ad9bdd42f226b810bc1c8c1ba5c79a0bee6,0x612e2daddc89d91409e40f946f9f7cfe422e777e,1,0x72e48f58a1e77abbc7757d60ebb7f94ad1730839
0x6ffb2e89dbfced717ad2767be878f1669ea019d6,0x000000f20032b9e171844b00ea507e11960bd94a,1,0x78c085754dbc78f7c91144099f34de7bcca21d75
0xbe3ab9dfc0e9ebabc8221588abfc9c74ef4d7d1f,0x612e2daddc89d91409e40f946f9f7cfe422e777e,1,0x04c07e45df2c57a55e5793bf66ef92eab77da25c
0x862ce5dd13fff7309ae38e4da593b9f5d4f52513,0x612e2daddc89d91409e40f946f9f7cfe422e777e,1,0xf4dde971cf4ab785188df38471c349cb8c0873d8
0xfa71a9e0e5c11e4e01f8bbbd8bd8011c76e1cbbb,0xa8357ee17cb3ff5a6b9694ddc8fde0ed2ce9d788,0,0xa8357ee17cb3ff5a6b9694ddc8fde0ed2ce9d788
0x561445f06e88f6cf940fa7f9a84bbbd85619b0e2,0x86901878b47f2347a6f30caf87ab4658c2cc5e2e,0,0x86901878b47f2347a6f30caf87ab4658c2cc5e2e
0x87d62769cc4dba017f013e480bed7650bb756355,0x000000f20032b9e171844b00ea507e11960bd94a,1,0x2684b8bae5583335a46ed85a9da8c273e1fc2be9
0xbc21575f58ca52751b24b66a51c8020d42c61a40,0xc689c4e2298f5d0ee8118f46f0262421d17db813,0,0xc689c4e2298f5d0ee8118f46f0262421d17db813
0x37df2369589732f5490606b4f278814bef3e8302,0x612e2daddc89d91409e40f946f9f7cfe422e777e,1,0x4931472932422e50659baa4a93a28e212bbc26be
0xa6286e51641b0469c9c6042f804e3cf3e52e0a70,0x4592bdcf86f2bf3c82c68baa08d028a45ead125d,0,0x4592bdcf86f2bf3c82c68baa08d028a45ead125d
0x7cebe75be1fc031585b652096da260d17a5b013e,0x612e2daddc89d91409e40f946f9f7cfe422e777e,1,0xf66d06e04407f2fb10b325cbe5b43a7e84968b60
0x85f216618e77fd2257de27db4df1075026c0e164,0x0bb6b5bd28b3a58e8864736dd66921c3339705c8,0,0x0bb6b5bd28b3a58e8864736dd66921c3339705c8
0xddb845863fffd43501fba2254813e73d0d89a19d,0xb6c7e7e0cd3bcc1fef4922e33743c7da2bead3e5,1,0x34d0d75b6c1226ceea5ee18ac9e44ac2d4fbc365
0x29e4fc10cacb559b57870e63e3cc1625da640f51,0x612e2daddc89d91409e40f946f9f7cfe422e777e,1,0x8fca213422715e99ea754a440158e49717fc9c89
0x0a30481f66eb63d70dc9430584990a4880c5d0ee,0x000000008924d42d98026c656545c3c1fb3ad31c,1,0x7f8a4aa58538966bad9085911c72b0de63c2ac48
0x83311d111431405380ec1d56ffa1891b8462e9b4,0x5a483c063b6b2b4f0baafbfe799a3504dd477dae,0,0x5a483c063b6b2b4f0baafbfe799a3504dd477dae
0x317ac4019af8fcbec5428ee793b10cf07fdb822a,0x612e2daddc89d91409e40f946f9f7cfe422e777e,1,0x80e61a09adefa1da9fcb798d2967e57d9d301404
0xf80465918f6639ba450e093a412941540e99a2ba,0x000000f20032b9e171844b00ea507e11960bd94a,1,0x3653d84ec46bc906597a320f8f78531a78398f66
0xa851f5b0b5c3f6061a5195eefdbca0da11043b0e,0x0c90c87bbb05deba5e73ad31e56332b06cf12380,0,0x0c90c87bbb05deba5e73ad31e56332b06cf12380
0xb2adcdfdffa5c905e0db62a2d3d21697791a9321,0xcdd99ee657a33b1da6802f4117d7e5cb2ffa5d79,0,0xcdd99ee657a33b1da6802f4117d7e5cb2ffa5d79
0x4b10701bfd7bfedc47d50562b76b436fbb5bdb3b,0xa6ef22a84521ddd11c1282ec8f8a9255dbac04a0,0,0xa6ef22a84521ddd11c1282ec8f8a9255dbac04a0
0x439a60ea7b3a29b9da08f4737750ab4c54cb2fdd,0x636e2ce8ededd4a0cadd638d3d14664332fa56a0,0,0x636e2ce8ededd4a0cadd638d3d14664332fa56a0
0x41181a6110d93f6228352aefa946fb90f39cec35,0xc424e4642e0bcc09e545127200ed686d3869ad88,0,0xc424e4642e0bcc09e545127200ed686d3869ad88
0x94389b435702c00b055c6456dc36192cda64ff43,0xbdc3e5b342b78bae722b86a6d442b92701dc7ddd,0,0xbdc3e5b342b78bae722b86a6d442b92701dc7ddd
0x2bbbafaa6a39146d796379e371fb3d8e65a45ee6,0xc0b4fc09b224ab456d49a2891647cd9376edb7cf,0,0xc0b4fc09b224ab456d49a2891647cd9376edb7cf
0x9bd1cef6d0c5cc7d95cc7d409abdaf1fcf7e0066,0x8efceb29863fb0b62c73c6c9c23f10f24243ebfa,0,0x8efceb29863fb0b62c73c6c9c23f10f24243ebfa
0xa8d992d3bbd90508f03c5ae46d31a96d138a4e65,0x3b612a5b49e025a6e4ba4ee4fb1ef46d13588059,1,0xee56544a0b5de738c6f493e2cc719556de42f412
0x464d13ae4e92d9b561815d758fca8211db687b9d,0xea06c7b29febe294c934eb8bfdec476399063a5f,0,0xea06c7b29febe294c934eb8bfdec476399063a5f
0x35ea709fc4c19af62a2e8c7830fdc3ab6cc64ec7,0x2c7ba77e6f1d25ee8f4905d4cd6934e47ba19bca,0,0x2c7ba77e6f1d25ee8f4905d4cd6934e47ba19bca
0x69c2fd8638f90647f289e19e463795163bf2e934,0x612e2daddc89d91409e40f946f9f7cfe422e777e,1,0x9d3c4678ce905404d4ca99223043ab0329ca8f0a
0xbfd9aaed3719dfc84f0a02be40f3ba8f88b6dcff,0x018d5ec84249246da448445f4a85423a5f888e88,0,0x018d5ec84249246da448445f4a85423a5f888e88
0x61b16cba18fb9274d07fb9801afc39f7692e96a8,0x612e2daddc89d91409e40f946f9f7cfe422e777e,1,0xde06145148a1644aef79944742b82793c834e568
0xb82caa627708a9f69ef49f25cd0a1fc2a1e3084e,0x7354936bc7a72c8baf5a2f9262e70a52c427be4a,1,0x40b64ae4665109ce0cb9cf4d619afd6a4f73dff4
0xdd0096fcf54df0fc2c57749ecb74c21183d55a57,0x45b965a44d4f23c9437ab6ca061eecaa26d9b1d8,0,0x45b965a44d4f23c9437ab6ca061eecaa26d9b1d8
0xb088fb3811f706db2822375400d9525e958a8c1c,0x76f948e5f13b9a84a81e5681df8682bbf524805e,1,0xaa1d6169247dc28ac8f09b8c692b865aa423b06a
0x90fc664f6a40be137a5b1732176029bb78359872,0x70a98009bd8ca9ce9473e2dc52d1900178e328ff,0,0x70a98009bd8ca9ce9473e2dc52d1900178e328ff
0xd26f7c4b336b584409fae434e0099b389a5570f7,0x612e2daddc89d91409e40f946f9f7cfe422e777e,1,0x2fa5ac62ff5c3a2800e3eff0d1bdd14bdeb0e1a4
0x171710903dc6db43f5372a711704774e3e6cbca9,0x000000f20032b9e171844b00ea507e11960bd94a,1,0xbbc860cdf70706ccee8f9219e1f4b194877253dc
0x4cd7024f4928f110ded3dd757c302b67b0fb91d6,0x000000f20032b9e171844b00ea507e11960bd94a,1,0xa656d32073a3839447e433e5e618d4f9bfbf8cbb
0x195c6e249dff29c9617d2423248ee81f8551e9c7,0x000000f20032b9e171844b00ea507e11960bd94a,1,0x086792230aa6883c72e94ae981c93c48f5dbcc90
0x19188ec9cf967b4afc27d1cb99413ebf088656f1,0x733cf2b788daf29b9095763c78bc0aa4147aceb7,1,0xad4f4852329443e8cadafb1b5f6362c0cfc1b639
0x276c4362aa5bd5d4b9d14910af9d06d25904fde2,0x000000f20032b9e171844b00ea507e11960bd94a,1,0x07eff5e3028fe312d2056c0a2f03c4283c781e93
0x3af9024d9d0a37dffa58530dc5110c112cc54860,0x612e2daddc89d91409e40f946f9f7cfe422e777e,1,0x6d78b78fdfad5ced626117195c468f0132f3eb8f
0xfcb4c7aacf340a354602ffab6f996c6b930262b7,0x442295de8a31d65026dbc09c29d469f6854f188a,1,0x217603f1542473890845fcd72639a03c9f406670
0x7cc94da74b5aca2fc91c77a52a1a451838ad53ab,0x315b1490a0318fc4c443348783daad91651e5e85,0,0x315b1490a0318fc4c443348783daad91651e5e85
0xa7dfeac656f5c7ecc8bfe6864b5d2403517dba8c,0x612e2daddc89d91409e40f946f9f7cfe422e777e,1,0x9eddafc59b40b6b1d57157e420f758de11ac141d
0xdd3c4da6fad95e78c5c4d5f0c3046e3164a89c45,0x612e2daddc89d91409e40f946f9f7cfe422e777e,1,0x4931472932422e50659baa4a93a28e212bbc26be
0xdbcf7dd9fecd36fc7fa0adfc6a92441d746a21a3,0x2c325156416cc7b701151dafb6d4c0bdf0d398f0,1,0x02d61cc47cc9a19b2a023c33c094269d9af07862
0xb4769fd3cc60f7cdda7712d4deb8b6371313e134,0x0000000000003d61b3d0a96b70b9c9006947759c,1,0xad61dd3c961b74094a5b72549c79c4942502c3ed
0x62eb9234ec26da725e90a270a452a8d6eb304b0d,0xb108c27139ca10462f6f802ee14e3e0cda4ab9f1,1,0x0e616785638663c88a493a82972e2f9cadaab4bc
0xaadc2d4261199ce24a4b0a57370c4fcf43bb60aa,0x92b9b5e2c28577a1c22b27e9b7085ca56b091c68,0,0x92b9b5e2c28577a1c22b27e9b7085ca56b091c68
0xf65d6475869f61c6dce6ac194b6a7dbe45a91c63,0x8cac25c3ba02d20024694c0899c8d5fe2ddc4fc7,0,0x8cac25c3ba02d20024694c0899c8d5fe2ddc4fc7
0x28b51ba8b990c48cb22cb6ef0ad5415fdba5210c,0x1d05cf6c6beb0c869851bfdb9510d4e44e855ad6,0,0x1d05cf6c6beb0c869851bfdb9510d4e44e855ad6
0xf1026716ef967bdac62321d98eb8dea9943d3ca2,0x4028efae7ec86b3b75a0222d0d4d4dd0fbf489c0,0,0x4028efae7ec86b3b75a0222d0d4d4dd0fbf489c0
0x565a9a4615e340743c3fdb2482ddeaf9f6508310,0x3b612a5b49e025a6e4ba4ee4fb1ef46d13588059,1,0x71a7702ff3d858a0853a918fb44c537740a8bde9
0xddb3f1c6e42409c30a850e0eecbf25ba9ebc9e21,0x3b612a5b49e025a6e4ba4ee4fb1ef46d13588059,1,0xac45f15545299e556399f1cd6d2c9dab1dad846e
0x743af2d2e0a423a3704db16da05f8b561a4ec5c0,0x3b612a5b49e025a6e4ba4ee4fb1ef46d13588059,1,0xd3a06469a2094c2b57456e701717cc82458e3558
0x2664731500426f377ceb13caa18aaec109ce7277,0x3b612a5b49e025a6e4ba4ee4fb1ef46d13588059,1,0xc83e83677dd95618686ac9af2cd48972f1b72c22
0x76bb7875a6f7016ec3c576ac18d6a0a1bfc01592,0x3b612a5b49e025a6e4ba4ee4fb1ef46d13588059,1,0x6bee577eea3c437f963eec468d2f40893476a6e9
0x69f37e419bd1457d2a25ed3f5d418169caae8d1f,0x79d922dd382e42a156bc0a354861cdbc4f09110d,1,0x868964fa49a6fd6e116fe82c8f4165904406f479
0xa225d991605c3aa7d478ca9c42dd6de1e64f40f5,0x3b612a5b49e025a6e4ba4ee4fb1ef46d13588059,1,0x6b00fbf2a0fdc0beaead5750b272c5077c17a2dd
0xf639b4ebb77df1ed4b5014c244f60e72b8adb29b,0x58cb3792bfe2725190d6ce0b58d09d6d2ef4a588,0,0x58cb3792bfe2725190d6ce0b58d09d6d2ef4a588
0x653fa8c40b63f51ec1c5e6aab5302c73e6b1b70b,0xb263e399781ac16fe32e1713fbfcbe642007f27d,0,0xb263e399781ac16fe32e1713fbfcbe642007f27d
0x40acc085573be15c5f8f8776837511e9d31f8248,0x3b612a5b49e025a6e4ba4ee4fb1ef46d13588059,1,0x8ac92cf09c4a41383ef25f384423247319447535
0xc0edc8cfa28027ac3ba3a46f872ff1b73ec78c6c,0x790937be495a0fd8f6c1ef79c55c1cf40aaf66c3,0,0x790937be495a0fd8f6c1ef79c55c1cf40aaf66c3
0xc3890f4db59aa76269fdb2d56e62b9b6766e4461,0x9727938aa47822147a4acd534b088634cb23a4a8,0,0x9727938aa47822147a4acd534b088634cb23a4a8
0x221e1b033e10063ae3fba737ce40ef682fbfcccc,0x4e8ca75b218ebe20bf499a1fcecfb444f22db518,1,0xefa7bdd92b5e9cd9de9b54ac0e3dc60623f1c989
0x485043a14ab10cab31fb8eab660bb4afbbdb5cb4,0xe0df49b36e44cda5679b3f65916467639c434d0d,0,0xe0df49b36e44cda5679b3f65916467639c434d0d
0x9467769d0a1d7c5478ed37edb59c15fb18d2c355,0x351fdea86d5db0e5c737a336b5b4fff05357cee4,0,0x351fdea86d5db0e5c737a336b5b4fff05357cee4
0x73bed2824b6697ffd1bfa3f8763f6c1e5496342a,0x612e2daddc89d91409e40f946f9f7cfe422e777e,1,0xdd090ffa1c5bafccc596e51fc7671d0315f4440f
0xac13c86464af3c9a44b08dae85ffd311c34ed352,0x612e2daddc89d91409e40f946f9f7cfe422e777e,1,0x8f90a9f7e646007a34abf042bf201a9cb54f2423
0x2f57168d300ce8b6bec5d278510683d90e5c99f6,0xb5bd122d0abfa62b7be35d3453c670305263d6e0,0,0xb5bd122d0abfa62b7be35d3453c670305263d6e0
0xde2ecc3405d509ba8f4f64e0c5fefbe03ef8cd05,0x5dbc7b840baa9dabcbe9d2492e45d7244b54a2a0,1,0x433dce61833556b1d080e18210e30415d94f2ba4
0x86b45874cbb11a089fe847e684d1424e17556f57,0x11c9d5c66d7c54c2b50d07421ed12b7012756771,0,0x11c9d5c66d7c54c2b50d07421ed12b7012756771
0x6450a209d8ece8e47bd6caac71b215c384c783e8,0x19122007e1d9b120b167e714b53acdcd80c014f3,0,0x19122007e1d9b120b167e714b53acdcd80c014f3
0x4676a1924d7008d3dd6870e108dd545f6a025993,0xd2d06c238957d210e5c45ba5e1d5d6a860ff81d5,0,0xd2d06c238957d210e5c45ba5e1d5d6a860ff81d5
0xb8528ba2ad7ea832efaddf7c3a98bc9e9333f35d,0x6e42262978de5233c8d5b05b128c121fba110da4,1,0xbc706218c834a80aea115b79f11a036055a1722a
0xa7bb6ffcdac5542d2663b0a01b328abaf2768a5e,0x5eb97ab1c9805fd0f1196ba0a889384cdadf815e,0,0x5eb97ab1c9805fd0f1196ba0a889384cdadf815e
0x19d53456224c2c27f302cbe45a37c6a45bb971e5,0x19bb27344416ca1a0ed0e2aa3a3fc2fa4a222ca9,0,0x19bb27344416ca1a0ed0e2aa3a3fc2fa4a222ca9
0x2d91ee7014bd20e0afb16de1e36b2cff960831eb,0x89d1017342eb1c9e7b1090b32f44ac6459324ead,0,0x89d1017342eb1c9e7b1090b32f44ac6459324ead
0x7fb6bb8e89e2a0c84ab78cd103d85ade167f2d52,0x336489fc8113c97f9497769db3a185a711f44e9c,0,0x336489fc8113c97f9497769db3a185a711f44e9c
0x5b92e3d02161013aef2ab9c4d12393b3649144e4,0xad76b250d59eb8ad6b39094aa3eed9578e7ce111,0,0xad76b250d59eb8ad6b39094aa3eed9578e7ce111
0x0b4592cf835391575b4b85dc638b2818b57f966b,0x6c588d1ace0ab8fa709bdcf44073dc724c3fa161,0,0x6c588d1ace0ab8fa709bdcf44073dc724c3fa161
0xcafeaca76be547f14d0220482667b42d8e7bc3eb,0xfac7011663910f75cbe1e25539ec2d7529f93c3f,1,0x46842a7d9372bb7dba08f0729393deda230a03b5
0x2dab1792aea02655985fb9ec20bacee91c695766,0x507d4e199f1f418679dbbd9cc775d846717beaf2,0,0x507d4e199f1f418679dbbd9cc775d846717beaf2
0x56e212f15732c3104fe990829351655feb1a7560,0x3d5409cce1d45233de1d4ebdee74b8e004abdd13,1,0x2d5d6cdae77dd174cd1507bc0d714861f8cdad37
0x741f2a0e228fdc752b0ba12b811e40dff86f7252,0x3d5409cce1d45233de1d4ebdee74b8e004abdd13,1,0x2d5d6cdae77dd174cd1507bc0d714861f8cdad37
0xd681c8db188901e0455672aef8bc521cea4e9839,0x01a8e00c5a7221ec2a25162fdf2c5ad3689e557a,0,0x01a8e00c5a7221ec2a25162fdf2c5ad3689e557a
0xbde42380b285abfe467748ff93412eb1ddabc9f5,0x748575f8aa3da88d478c331dca321282480e6038,1,0x84575a7eb7d471ac5bc1ce5e11a31be7e8640226
0x168ad27f85e7cc63921292d1d3eaac47dd26817d,0xaf8c481eb42defb31ae67319382624a68e28f5e8,0,0xaf8c481eb42defb31ae67319382624a68e28f5e8
0xb046b1b663803fcb2b090dd52475025b98d5a299,0x6a6d2019ed5079f07e84d30b4d702a601eaaa5f6,0,0x6a6d2019ed5079f07e84d30b4d702a601eaaa5f6
0x56983f6796f969e530e624448aa0c054515442da,0x58fee6f28d7fd70f8f66b584f411dd66a6102e12,0,0x58fee6f28d7fd70f8f66b584f411dd66a6102e12
0x62424eb7cc9648d29d97e072d879fa30638fb293,0xffa246c39083704ed6b6e82a5a03e3ed658e3d83,0,0xffa246c39083704ed6b6e82a5a03e3ed658e3d83
0x84f8ddd459e8aba5e16d04c52540b5219d31ea58,0x2c325156416cc7b701151dafb6d4c0bdf0d398f0,1,0x673460953de8a52d1ccae3c7e31fd445da99928e
0x25c5bcf99945200926708cdadfff34d5e0ef5222,0x4f4d9f3708251b7230d9e1d934efc59bb3069166,0,0x4f4d9f3708251b7230d9e1d934efc59bb3069166
0xdf281dc5dc7bf52221dbdafe745b04aaf4ce6608,0x0a1c7a9fe96cee1d0bd6eb89c24e3c518230db95,0,0x0a1c7a9fe96cee1d0bd6eb89c24e3c518230db95
0x516548336b37399ef04541a34a16a767eabfe0b5,0x612e2daddc89d91409e40f946f9f7cfe422e777e,1,0xb3eaf12a04d9e9df7efa681a92043ef4371ed6fe
0x6892076af30a12d3a6dcd8eab396b9b928aa316c,0x220639868d2947e8e336a109b7531ed87662b276,0,0x220639868d2947e8e336a109b7531ed87662b276
0xf55ce9ccbae17c48b01d49693b7c01516b21e17d,0xc9bb72870d08d40a8fc68b5b1c5bde16e5c41cff,0,0xc9bb72870d08d40a8fc68b5b1c5bde16e5c41cff
0x6d354f14f7ea67b5779107534cbc3a0328c43c69,0x612e2daddc89d91409e40f946f9f7cfe422e777e,1,0x095678e1bd8b19303c72bcebec8f3a80f33808a0
0x8ddef0396d4b61fcbb0e4a821dfac52c011f79da,0x4d977d9aecec3776dd73f2f9080c9af3bc31f505,0,0x4d977d9aecec3776dd73f2f9080c9af3bc31f505
0x9080e4d76850c8bec90d4f8045951815d7e9c150,0x7354936bc7a72c8baf5a2f9262e70a52c427be4a,1,0xc9d69b5ff54d120c0307678c8e6b95c44fa9e643
0x86440bb01856c2f537498f3de1413ca345d578f6,0x6fb93f0be8d86c81ec0cc6e02764b548713a5234,0,0x6fb93f0be8d86c81ec0cc6e02764b548713a5234
0xaad162f136bc796483e2cd7f9b206c00308cc570,0xef49522a18a0488a0be5568df36fb2c4f828b99a,0,0xef49522a18a0488a0be5568df36fb2c4f828b99a
0xa61ec88f65f95a680fdfd07b5cd917ba3f49830f,0x612e2daddc89d91409e40f946f9f7cfe422e777e,1,0x4588d0a462ec8e14284dc07dec36ff518e456b5a
0x375091172184d487067e0681ae35884ce4747600,0x000000f20032b9e171844b00ea507e11960bd94a,1,0x18bc0b8ad0a6e00eab5d7a8e1cbeca531f6953a3
0xd64fd5851a39e1a312fb3febcbc32f1b9ae3e0ec,0x612e2daddc89d91409e40f946f9f7cfe422e777e,1,0x047d746e450516ab68b5f3c3fdeac95ad1ef20b8
0x78b84f63345773222fab58c8664cd1ee188811a6,0x612e2daddc89d91409e40f946f9f7cfe422e777e,1,0xcca483b5ad90730711456cc37d0c578f089237a3
0x8cb683dcfd4cc60fb8e2d7fca0010292b32e237a,0x000000f20032b9e171844b00ea507e11960bd94a,1,0xda4059b4b924d2aad5b9f78e7534b19c9541e1ba
0x5a3c9eaa51f42fcfd296067b2265547d1c7a1eb7,0x000000f20032b9e171844b00ea507e11960bd94a,1,0x95622cc235b76949c387fc0b8ad93f47a69c7e14
0x73191239d0aa253b6bcafbeeef46487e93f2a778,0xf6a19b8eb7bfe93eb5807146a1e4802b5f79b416,0,0xf6a19b8eb7bfe93eb5807146a1e4802b5f79b416
0x0e497929841f5c06316f01433345300b0ebef644,0x612e2daddc89d91409e40f946f9f7cfe422e777e,1,0x78be894b7e2a3b43ec52087c86b8f7090bfd1703
0x7bcffbb6904006442f6113b9fcb70fcb64cf1a23,0x612e2daddc89d91409e40f946f9f7cfe422e777e,1,0x423b01535a46b437165d0b253acce8f13ab953fa
0xd6715f0edb88bdffeb1b26e3ddbd3d167457cc8f,0x612e2daddc89d91409e40f946f9f7cfe422e777e,1,0x803df7addc6a8b87594267d97547891d066b6496
0xd0fb936ec1885296681b8b6e8101c0756315e24a,0x000000f20032b9e171844b00ea507e11960bd94a,1,0x54b02d95d87084893f04d73c8728ab6c37783a1e
0xa6e06836254fc6382f1fa4175433d69d67d7c732,0x612e2daddc89d91409e40f946f9f7cfe422e777e,1,0x4931472932422e50659baa4a93a28e212bbc26be
0xe9a0b251844fe76711880b2c1be36c3541563f86,0xaef3e8c8723d9c31863be8de54df2668ef7c4b89,1,0x06361a93e8d92409df2d15b0969690f02e51bcae
0x37e930b8210ae0e80e1d1baea1fe706bc4d96685,0x9d2fd63c49509e82c7abe56d864deabf41ff4a1e,0,0x9d2fd63c49509e82c7abe56d864deabf41ff4a1e
0xa31ed3d02e99b813b25e263a9bce67cab8f0c421,0x5dfaee36108cbc75437305eb2b524f8923340287,0,0x5dfaee36108cbc75437305eb2b524f8923340287
0x8dcbdc15c7e735e9151b66f19c188c482a103fb2,0x1964923a14701b45f2e36ff39fb19f40749eb011,0,0x1964923a14701b45f2e36ff39fb19f40749eb011
0x97b2f2aecc4808bb3ed1dc453d99b0804d87e04c,0x3b612a5b49e025a6e4ba4ee4fb1ef46d13588059,1,0xacb0ca20d2031bf7b28fddf13709ed13db7361ac
0xe11c90922bb5d6fe661b44039da64c04b5b153e9,0xc93c7f71581dfeaab59bed908888dac5689f312a,0,0xc93c7f71581dfeaab59bed908888dac5689f312a
0x83f82414b5065bb9a85e330c67b4a10f798f4ed2,0x2c6941d2174212656a512c7ab9e86e16ceaa6359,0,0x2c6941d2174212656a512c7ab9e86e16ceaa6359
0x54176985ec7786c4bae667d84180cfd5d27ea5f0,0xa49c0d9a786e659a0557281b4fa72cf8cf08f6cf,1,0xfbc3b76a206f03f1edbf411f280444cd3fd9c7c8
0x8783b06603ee97fd76218aeee89f009addc4bac4,0x3b612a5b49e025a6e4ba4ee4fb1ef46d13588059,1,0x15f3ac83c4205a3fe053416ad0234847f6a990cd
0x2a20e89f5fcb50543e952e81241c3e367de22892,0x3b612a5b49e025a6e4ba4ee4fb1ef46d13588059,1,0xb70cc02cbd58c313793c971524ad066359fd1e8e
0xff095979fa64637307818c250bf8f964e8184562,0x3b612a5b49e025a6e4ba4ee4fb1ef46d13588059,1,0x81772de3466a34901f0a13230869a3ac65f213dd
0xadb387798599f5777cd0531c2ecb36007c1d1a51,0x1d05cf6c6beb0c869851bfdb9510d4e44e855ad6,0,0x1d05cf6c6beb0c869851bfdb9510d4e44e855ad6
0x23f0dcecfe50f70d0c87578fd6a14f59900ab5e1,0x95cc8265edf5ab14427f027c4be0746e513b3468,0,0x95cc8265edf5ab14427f027c4be0746e513b3468
0xeaa307991ffcf6bef170468a11e1d8017af60fa7,0x557c60995797fa7b47be105227a2e46148d85750,0,0x557c60995797fa7b47be105227a2e46148d85750
0x1542b05412dfecd80e734929f9087f8766934275,0xdbc7b76554556d2db77d289b18e0b6422e12f4da,0,0xdbc7b76554556d2db77d289b18e0b6422e12f4da
0xcb518a3529dbacea5175e1287206b4a70ac6614c,0xb3866e0292d10ee4bf69534479b5113697d1c681,0,0xb3866e0292d10ee4bf69534479b5113697d1c681
0xb0f75af66c8ae8e3cb7acc8f571dbd3f7ac340bc,0x3b612a5b49e025a6e4ba4ee4fb1ef46d13588059,1,0xc6ac88ea57882ef39f807442cc379f69afdff1c2
0x2589382740f0fcca04945792688bdc210b524825,0xff4787bf231496340e72adad489b33d43f2b4bde,0,0xff4787bf231496340e72adad489b33d43f2b4bde
0xd81ebd6aefd724f4a7c6f81b1463dbd4ffe13461,0x612e2daddc89d91409e40f946f9f7cfe422e777e,1,0x0503bf05c49f96faac2b0f5fd394672ed4603c52
0xf31085bea67429e4ac4f31fa35b1cbf7ed0aec99,0x76f948e5f13b9a84a81e5681df8682bbf524805e,1,0xed96ed4523404642325dccf84b583c2ddea26a0e
0x4a006bbbfaddff8b042edb3ffc1d8e72a27b7b89,0x461a4880b2a95fe1239486ddf58436854dc76133,0,0x461a4880b2a95fe1239486ddf58436854dc76133
0x912275ba80434024d390fb9cfbf0da7076d3003c,0x612e2daddc89d91409e40f946f9f7cfe422e777e,1,0x8085647a0770ccdf414976fb3b6ea168a5c8169a
0xe2f8ab9a479184c91979b74b167d207a0477e543,0x0000000000aec84f5bfc2af15eafb943bf4e3522,1,0xf7f0c8c8c9811f9e605b0d123800b368d627fdd0
0x36bae27e896bf6e43529c1c506a1474850f6097e,0x2b195ff2dfcccbc7962a871cde6e45c078b1d7cf,0,0x2b195ff2dfcccbc7962a871cde6e45c078b1d7cf
0x6eb7b8449fb34bec2afa696312601621a6da092a,0x612e2daddc89d91409e40f946f9f7cfe422e777e,1,0xb154b590d9fbb17c7b6166f16f389f0121186d3a
0xb7853114c25432e13b8a70adcbb6b553358e7765,0x76f948e5f13b9a84a81e5681df8682bbf524805e,1,0x43438a38927dfe9b918e65bce10ce25042c38ad9
0x8ec8c37a4af21936469656aded32cb72454d1a81,0xa107e9f9d382244f3a669340cf53014abbc58629,0,0xa107e9f9d382244f3a669340cf53014abbc58629
0xc6485eaa2fc963ce119b5961cd7b985ed27ddb1b,0xab41ca03ca8fbb32dc9ce84fc2914a55da04e007,0,0xab41ca03ca8fbb32dc9ce84fc2914a55da04e007
0x75bf4dec3df44493e05fc60dc18ae2db8ca7e1f7,0x7354936bc7a72c8baf5a2f9262e70a52c427be4a,1,0x4b5500af0de978efbcd14290e00ef2dd3f95bf18
0xf6b799cd8a49abe9cbb7f75b516905e510521b94,0x000000f20032b9e171844b00ea507e11960bd94a,1,0x27bcecef5022ddb71ff55ee9727bd4269c4bbc24
0xde3014c01410c001ea6f533177187105fa18bdad,0x000000f20032b9e171844b00ea507e11960bd94a,1,0x3475536cc702ce253384930bf8f1f4b5072c7394
0xc47723f499047ef36e695107b9e27ca9a2c1983d,0x612e2daddc89d91409e40f946f9f7cfe422e777e,1,0x9472bb6906fadcd443395dc877eff79a7933a042
0x271d8ab1bffa033e8cd39323c610178807c4fc6e,0x000000f20032b9e171844b00ea507e11960bd94a,1,0x297184f7c722f37c7d862ba01e4ef942b100545e
0xbd66fff4491b4ec91d2cec9b74ea49288e04b731,0x640bd6297f05a6598c4d926f75de75d844c30b7f,0,0x640bd6297f05a6598c4d926f75de75d844c30b7f
0xa7ffe7e57dd1857f0206423b38c3eb8d25d2a4e1,0x612e2daddc89d91409e40f946f9f7cfe422e777e,1,0x1257400e85b69c4efc4de33170ca11bec259bc7e
0x8961fabb96ae5a809e488d1fc0b292f1cadac0da,0xf8c06cf338446508d496ea25eeb826fc8953978c,1,0x6b83027982b3284ba2c3d4558401c856dfc2ce1e
0x20f7162d48b8982ed897625a428509b1a21322db,0x2cee00e79e58864bdb77d2b22a70f3d70abdde27,0,0x2cee00e79e58864bdb77d2b22a70f3d70abdde27
0x6ac0f6dbd487f1b6025186f839624874f88ba79c,0x9121585fb5b53ee811de4742ce290e544fb97ecd,0,0x9121585fb5b53ee811de4742ce290e544fb97ecd
0xad2db241a3e447a57a55e8a11bcfe00a3c36e369,0x442295de8a31d65026dbc09c29d469f6854f188a,1,0x57f6c84d7adc315f60597c4e5d342f0ad6e8a411
0x96382357e5b148b46f939c70da2f71099fb77e09,0x000000f20032b9e171844b00ea507e11960bd94a,1,0x74336008c6d0b7a2c504f2b207641b86c5735143
0x91263b261cdd915ad0781a8059c41bde10ef486d,0x7354936bc7a72c8baf5a2f9262e70a52c427be4a,1,0xd305c84ffaa6edccbafc36e95638095cd9e7fb5e
0x88efdc65a141e2bf82843a66788ef754905ed4a6,0x4fc21517878b88dbee76f93cff2a3eab0d6304a3,0,0x4fc21517878b88dbee76f93cff2a3eab0d6304a3
0xe9ea3d5c6323568c883671337016279e0f0df3b3,0x612e2daddc89d91409e40f946f9f7cfe422e777e,1,0xf74dbeee65d44ffa086e81a48fbc0d00b0b6b173
0x41ba721c34ed4b5f211c8bfc295f3f9c5bcaf063,0x612e2daddc89d91409e40f946f9f7cfe422e777e,1,0xe277ef2cfe70ffe055b7a0355925a8cb017a906d
0x6dd46ec340dacc3885dbd7c25b28b3a6f673201a,0x612e2daddc89d91409e40f946f9f7cfe422e777e,1,0xf781c2db818680967653ca3dd02cf9de79838434
0x9b4282970cf402bb2b12828e68f1b0e9097a51b9,0x612e2daddc89d91409e40f946f9f7cfe422e777e,1,0xe7f1b42ec3abe63c5a911187e3fd6609dc467b03
0x39f7e5bdfb46bf321b8df7803070d27d79361400,0xbfd118f0ff5d6f4d3eb999eaf197dbfcc421c5ea,0,0xbfd118f0ff5d6f4d3eb999eaf197dbfcc421c5ea
0x67ecec0cdc639dad517cbbf5c46f2e969fe59823,0x612e2daddc89d91409e40f946f9f7cfe422e777e,1,0x3712ec04cc381613962cead75aec15d51ad850d1
0xeeecde100b55f135a40ca9d92a52bd7723235814,0x76f948e5f13b9a84a81e5681df8682bbf524805e,1,0xe524a47bbda078208e94ca8028985af52caf408f
0xf210d5d9dcf958803c286a6f8e278e4ac78e136e,0xc234516a3d66e1c71f652c4754e59fc0346c270b,0,0xc234516a3d66e1c71f652c4754e59fc0346c270b
0xa1029ea8a5a1d2add0eff2c92097a89a593f0025,0x139c8919ce2b7fb8a04f929d83b8c54c116c692b,0,0x139c8919ce2b7fb8a04f929d83b8c54c116c692b
0xf661d58cfe893993b11d53d11148c4650590c692,0x623fc4f577926c0aadaef11a243754c546c1f98c,0,0x623fc4f577926c0aadaef11a243754c546c1f98c
0x2f91e3161f9a13d81994cea39bc64f2cd99835a2,0xe68642af41461528bab9668579a6c16015d8af66,0,0xe68642af41461528bab9668579a6c16015d8af66
0x32e542ddc355e12bd52fa48ba986b662aca177b4,0x26ccf273a1f5eae3b7fbf30c9db7a551c6a44864,0,0x26ccf273a1f5eae3b7fbf30c9db7a551c6a44864
0x3d7baa2aa7ee1fc0b44f8b7b9244bea58ba28a4b,0x5dbc7b840baa9dabcbe9d2492e45d7244b54a2a0,1,0xb749b6eee1389db21fda383a069bddf2c82e24dd
0x3848ca9f99068455c0a4cda0cb71dcf94df56cc2,0x000000048797808be86aa9786c1f402671192d6b,0,0x000000048797808be86aa9786c1f402671192d6b
0x3f96a32d8eec67718a7e2f2caf4a58fb6e565587,0x8f049f77f04b5ecdef56fe0de2ed1d1c9019e83b,0,0x8f049f77f04b5ecdef56fe0de2ed1d1c9019e83b
0x5b03dc313f1aa514540ee5f555165d1b77568928,0x76a52b850ed5602ed0813db7f5cef0362f02b2d6,0,0x76a52b850ed5602ed0813db7f5cef0362f02b2d6
0xd3252b9aaec0041681ce226df5b41b345f385196,0x00ec56241b07bf6a63cccfffcc5718aac2f54dc6,0,0x00ec56241b07bf6a63cccfffcc5718aac2f54dc6
0x3d6f81eed4e93983ea77f7c6c820e9ccdfde38f3,0xf2aeb2e49ca3bd2ff618b9f19688b07d3c1928a0,0,0xf2aeb2e49ca3bd2ff618b9f19688b07d3c1928a0
0x914643668d83c1eeef33fd8286bf514a9dea498e,0xf8f6b70a36f4398f0853a311dc6699aba8333cc1,0,0xf8f6b70a36f4398f0853a311dc6699aba8333cc1
0x76e2cb94e196b1a22f6b94238fbea3607216742c,0x5c852791fe774bb41757711b37268f713e1d6559,0,0x5c852791fe774bb41757711b37268f713e1d6559
0x0890fa6d48fa67f59536c05a49223e1c0c7d32b8,0x612e2daddc89d91409e40f946f9f7cfe422e777e,1,0x72d5ac8eb06b0ef8311f74789bebc05076f5c3a2
0x828ad2904341f6026b4607a278349f5c840c4a2e,0x00fafc09001a2786dfde5ba9ef72837c6382e772,0,0x00fafc09001a2786dfde5ba9ef72837c6382e772
0x71eb3e45e4c6288eedf50dfc1cd5046f0fe8689a,0x9940097b256b7a416614268eaded6dd28b9c80df,0,0x9940097b256b7a416614268eaded6dd28b9c80df
0x67a73648494a620805e176fa8a19dc8e231db2bd,0x89d1017342eb1c9e7b1090b32f44ac6459324ead,0,0x89d1017342eb1c9e7b1090b32f44ac6459324ead
0x93e224589e3810719704238a0b2713ab56e74fce,0xce4c71c5c91c6fae4d5adfea9b0beac98d9d8a27,0,0xce4c71c5c91c6fae4d5adfea9b0beac98d9d8a27
0x568039e47977e78577cc753f79b4d61b904395a7,0x452a9b6432cd228410f01a1da754449c8bafc85a,0,0x452a9b6432cd228410f01a1da754449c8bafc85a
0x7431ef609d78701e2b60882753b03ec1f415e84b,0x39bd05fcb15c4efb10a3ac92d4ffe8a1aa61a3d9,0,0x39bd05fcb15c4efb10a3ac92d4ffe8a1aa61a3d9
0x427cfa4947cccc6db3040ab32908a7ea6d31f370,0xf4b5ab431b1f002b6f67e930522a07bd1ca46ff2,0,0xf4b5ab431b1f002b6f67e930522a07bd1ca46ff2
0x6a3142055598271e1fec4f483f66490e23090ff9,0xf3a6a6caef85ba96c4e79f258df667b5bfa0685f,0,0xf3a6a6caef85ba96c4e79f258df667b5bfa0685f
0x9d2c516ce0085a072acce43918fd20f813f64e4f,0x993ae881226a589339cc0e145d65559f645d8211,0,0x993ae881226a589339cc0e145d65559f645d8211
0xbc7fadd479a7dab8260d8e259f452ed996691469,0xc8e70a3a97345ae4fcbf4417d7ba720fe4d0ce20,0,0xc8e70a3a97345ae4fcbf4417d7ba720fe4d0ce20
0x1539afcf410f5ebe871233219b93c34f216433f0,0x4d70631664f1cec37d33f289a3293662d70741c3,1,0x9d15ef523331d4e82c65daad6f212fca0ba14c92
0x5c38284cde0a7d5ce11e13a0782ce47d316554bc,0xaef3e8c8723d9c31863be8de54df2668ef7c4b89,1,0x17c72771bb6b283bade0c07e0901744c37ff8c41
0xf4960b243bfef0cb2c1278d61ec6abca47e4c9fb,0x45711a23c9c553a3e9d82034d99d65918de8d88f,0,0x45711a23c9c553a3e9d82034d99d65918de8d88f
0xad0cf9fc1d5c0f4a074497ea6b6e4408f96db59f,0x0396d20242a85f877f58018228e345e398e4a969,0,0x0396d20242a85f877f58018228e345e398e4a969
0x9b7a60e76f59037d152adbbafa8c6db591b274ac,0x06cc6b7e70c364917424085342e4a7acd57f5ffc,0,0x06cc6b7e70c364917424085342e4a7acd57f5ffc
0xb7454cfd2b502da1f46cf231175c33dd4a76d492,0x612e2daddc89d91409e40f946f9f7cfe422e777e,1,0xa64db8183a45034a3795fc6e4ebf3dca4088669f
0x5b8d524b10b8ea587da49f426a76396f80b7bc84,0xb0c58e55ad0641912c281a0923da90b15d5eac50,0,0xb0c58e55ad0641912c281a0923da90b15d5eac50
0xdf3d6bc5b78caf690128eb0c7050ca1a3811b7dc,0xeb566182c75da6bf5dc2e9adbb321e7b239b7667,0,0xeb566182c75da6bf5dc2e9adbb321e7b239b7667
0xa6d6c5b9c6652ac8032c80842cffd30013df89f4,0x612e2daddc89d91409e40f946f9f7cfe422e777e,1,0xfa2dca864c48405d0bb5d328bf294ac4b613c07f
0xf9ad583ac41aa535ba8874991b36d5d1327a14dd,0xaef3e8c8723d9c31863be8de54df2668ef7c4b89,1,0x60440e4913aca52cf448cd62161306a61cf1557e
0xdbc63ded1f67b8192a86431da3e7b570755c5d21,0xbb7a17b6ccfb6dcd152e098d7c8519f0b334cd13,1,0xa418734c291ecb1b694ffc5ab7fcd0d12a496ed3
0xd50daec4408e13be00057b166e557a88072c3c4f,0x612e2daddc89d91409e40f946f9f7cfe422e777e,1,0x6946a58f50437d0a586dd5a682416a1d6fdfa703
0x5b9b7ac617d136964bdc17cd1d7f723031cd58d4,0x33721d29aff47005910d40181cb0c9eb290b3dd0,0,0x33721d29aff47005910d40181cb0c9eb290b3dd0
0x3a6c1bbbf2a329768bcb293f905080a6d449db55,0x65602e86963792c60c11b2295dfd90e51af99352,0,0x65602e86963792c60c11b2295dfd90e51af99352
0xea92c6d95bb03f44c981feaa46af78b97513ab87,0xb14289984581c3d8cdc24663f5d0d6035eed642c,0,0xb14289984581c3d8cdc24663f5d0d6035eed642c
0x99fd4da80ecb60d411faeda37b27236d29ef04ac,0xb2019531de3bfda451668acfe40fb3aee59975b5,1,0xc871c0988c09cc37919ce5aeca9427047296df2f
0x3401c8848d817bb11971900f21dcf5d3dbc17ed0,0x612e2daddc89d91409e40f946f9f7cfe422e777e,1,0x6c474a045a9c22249ea893aca2850a154d159873
0x94c18e0ce35e18cb40056fed24e340ca13880bc8,0x58add5015bf447ed729893a9af6f60d8bb62504c,1,0x76a5e5202b097cf115494a20653b2fa17740f436
0x8946c72c5eba276631e81430cf3a62d094610d73,0x8c3605004f26b38f3719fab423ab17c4599a43bb,1,0x2f2d07d60ea7330dd2314f4413ccbb2dc25276ef
0xd5c7925f48627b050e6563d8474f54f209d7768d,0x8c3605004f26b38f3719fab423ab17c4599a43bb,1,0x2f2d07d60ea7330dd2314f4413ccbb2dc25276ef
0x25af885fd71c3b0ee4cc599a6a09e49861806e37,0x1ca2007d4f2bc0ec2a56ecb890e56e05f36182df,1,0xa822e917e1e0c764c69e723f223edb56b33a5801
0x05e2a144dd975cf57f19cf603dbb7ecde0e8d5bc,0x612e2daddc89d91409e40f946f9f7cfe422e777e,1,0x2bf2cdebe88cac00b4684bb314efe938135daef5
0x2829cb88c6b86fbb87ab579eb5ae1c5b64a8b34f,0xc6fb5b3e41d198038877af4c8933603887409528,0,0xc6fb5b3e41d198038877af4c8933603887409528
0x0e9aab21b6edae6d4d93f536a5ae808645db9d9b,0x612e2daddc89d91409e40f946f9f7cfe422e777e,1,0xaa0e772d7a24c287bc728b49eb909b52c4472830
0x8bc8fe666de0f1bf0c7c57d7a60f2e8f71dd8777,0x1ca2007d4f2bc0ec2a56ecb890e56e05f36182df,1,0x013cc394844aa993d73ca9a08d89dd6d046f3bcc
0x947a2e766f5e7a6002f02c08eabe6f236cc41c9b,0x13ede5b6f7d3da059ae4b6c7ad0a8c254c70f6ca,0,0x13ede5b6f7d3da059ae4b6c7ad0a8c254c70f6ca
0x51875655a6e3136743bd7dc6b3d98c26a4b9d0d8,0x28704d00e3ff03d66b862513fa3b017b109618fc,0,0x28704d00e3ff03d66b862513fa3b017b109618fc
0xa1c7a92a84d96a09e65773860a085a364e824e0a,0x612e2daddc89d91409e40f946f9f7cfe422e777e,1,0x056af233c0a208d9882da504ecf1a59634a68408
0x9ab95a577cee62b87ddd4ec1eba2966a546d72ba,0x000000f20032b9e171844b00ea507e11960bd94a,1,0x2b97b1ac7fdc2ec487f0f4a8d15dd3de8e82968b
0x54189e8b9046e6f86016b6c06e41c97ac0a0c5d2,0x009e56e2f4521f93fced5c3e287f066f17ec97f7,0,0x009e56e2f4521f93fced5c3e287f066f17ec97f7
0xf5333a63e5b968910d79557622f434d7d1e0f72f,0x000000f20032b9e171844b00ea507e11960bd94a,1,0xe3bf997539d74806f11b04a193441bd24017768e
0x85099e54fdab39f57ca6caf79c02d1164fdd1abb,0x19478179ef8bb7c4792a4041903080e097d137dd,1,0x447f38033f4005f82ff23ac7eae5ebf103a68181
0xca8aff3b982eb29fd14c999e0f96fd019dac7e12,0x612e2daddc89d91409e40f946f9f7cfe422e777e,1,0xb3eaf12a04d9e9df7efa681a92043ef4371ed6fe
0xd74c1d4659d6cef276ccb3792e69945e5c07fedb,0xa2ec022d89b0a80012c2446b0e8e5ff12f88dfc1,0,0xa2ec022d89b0a80012c2446b0e8e5ff12f88dfc1
0xd7b6442a998c89cd757d78f05347739e4398db4a,0x000000f20032b9e171844b00ea507e11960bd94a,1,0xffb0b49b20461428511b883c5de8fe667b74d63c
0x349306747a816d379d69efd416ce0be4ae5c0cb2,0x9eb8ceee8fb87f280d08fc3a8b523488b49abfff,0,0x9eb8ceee8fb87f280d08fc3a8b523488b49abfff
0x4a5e35f1a9a86a669554f4dfa7942c1359d72879,0x000000008924d42d98026c656545c3c1fb3ad31c,1,0x3cb5eb59aa57300b5ada30c2f7724fefedc6d733
0xdc9eb144ead5079b82643d7d9f75ddf8242168c0,0x3cef3f6ca0f27e31a3caafd8eb42497c9e9d1f16,0,0x3cef3f6ca0f27e31a3caafd8eb42497c9e9d1f16
0x9f716e2b0337e0f15fc60a00b5b80ef488d2e785,0x612e2daddc89d91409e40f946f9f7cfe422e777e,1,0x40110a2125ba05c2c414789ceb7695f896ab0786
0xcacca1c0b9dab64f0432c8093d7f5289c431ea4b,0x000000f20032b9e171844b00ea507e11960bd94a,1,0x8f97a9a89a1e587f09b55f447ee321856f72edde
0x1bfa0652ee8c0b49a19baf90fe6184ddc1d35d46,0xa2f4571b40f1621f07662b777df252361d16ca67,0,0xa2f4571b40f1621f07662b777df252361d16ca67
0x43ba00f1679220cb17e150d3cf571b037924d6b0,0xac104d56e4f8e0462f8c001ec7dde4c68deb596f,0,0xac104d56e4f8e0462f8c001ec7dde4c68deb596f
0xfd6d3b0963ddb8598dd247824f689ec4ce7967a1,0x612e2daddc89d91409e40f946f9f7cfe422e777e,1,0xd9269c993d0ed2688fe20a3dc45ec9e51b7ba2ba
0x1e4e1d5371a868b5b656f2272683a935c4923faa,0x92c159895901439caa212997d505083a2fe88885,1,0xe6b4ae8bae205ecf9747c77002a53d71cd5749e5
0x0d9e43b6007abd25c3415a86580130c86b69d71a,0x000000f20032b9e171844b00ea507e11960bd94a,1,0x9e69e1e8450cbd5c715def74ce48cc2e6f5e73ca
0x58dd0d0f3da120e7cc7ab68cbb7850f61c2672d1,0x612e2daddc89d91409e40f946f9f7cfe422e777e,1,0x19f2d2c52a168a870d6e9586e1aef5f5dd193ca7
0x241384baebe9082d9438b116c89f00747423258a,0x000000008924d42d98026c656545c3c1fb3ad31c,1,0x5442cee08c1d8bc75d65ea352eca78afd21ead20
0xda8482d7368e3f86afc5f87a0ed8893994cd8f8c,0xce4a093d2b6e0e06630b55c886fa5a6f9bc7407e,0,0xce4a093d2b6e0e06630b55c886fa5a6f9bc7407e
0xbc32871f31f6dd09cb5d6dff93c1300fa546b736,0xccbe9b8ea3c012fd851cc9de7a878559f165ba77,0,0xccbe9b8ea3c012fd851cc9de7a878559f165ba77
0xf0a1d824e72db30eac6bdab14614869f2572d955,0x5ab1cbcff0ff369a459b4e60094a698cde8cbbbc,1,0x97483a7337901bacca0cd198917fd1da774889a2
0xc07de78ed3803b0f1e790fe40c0a5d40815cb10a,0xda4ff7b6a1eb3176c347a3ffc56a26ee82fb6893,0,0xda4ff7b6a1eb3176c347a3ffc56a26ee82fb6893
0x72a40c9317763e938c789afbb6f5a913bb6797f1,0x612e2daddc89d91409e40f946f9f7cfe422e777e,1,0x0bb3e8610f25561733912e319b5fbb7c5903b6c3
0x1590d08e5a8e4c19b5986efe063466898a868319,0x000000f20032b9e171844b00ea507e11960bd94a,1,0xe827dd9d136d29dc84e1850dea93f44c7e594bcb
0x41b50728aab350b5a3adfc7477efb0766ccdf057,0x236fe5aa9b95a11ae668f4b8a31ffe018082bc56,0,0x236fe5aa9b95a11ae668f4b8a31ffe018082bc56
0x10683977359d275d44ce7f2ad0a1841b4a386f1d,0x12458f85a2f5edba82d9c4abe66db3c6803443a9,0,0x12458f85a2f5edba82d9c4abe66db3c6803443a9
0x6083ddbf2476874fe6545292d3b9bd81b2284f1b,0x7b60a8e5ee6f22e2f7ca97f4efd22de2a87c9338,1,0x5ee0b0a14be85ec80585b2b5f42cc3aabf64510c
0xae2bc979178e97e0688384aab00055e67bea91ed,0xff06e0b98e500c396884803d4a0c35511bd22c29,0,0xff06e0b98e500c396884803d4a0c35511bd22c29
0x162ec9dcc06612e66657faa16b2cd606eeb6b4b5,0x54127ea13b843ec96828df4d53bb8b6296fd809d,0,0x54127ea13b843ec96828df4d53bb8b6296fd809d
0xb54a46e65c5810a4f1e0d7dd87b048596ffc1d5c,0x000000f20032b9e171844b00ea507e11960bd94a,1,0x5d1a8601af34a67d4660bef83f1274af2bf9f4b3
0x296e350600c56313e5a458b553b07a1aff3466a5,0x6a213cddb2f5ed08ef3d27c66e7f6493970e9426,1,0x5b247b919ae4d698248ae888ea51d00b0886507f
0x351f327e829337aa4fe1109cbaa008c0d39a8e5e,0x8469b7b08d30c63fea3a248a198de9d634b63d70,0,0x8469b7b08d30c63fea3a248a198de9d634b63d70
0x165df4af05cd132efedec909ac0c1a3e3a4d56bc,0xbfc6c215e0ce09b78ebe0920128f799d8e377c87,0,0xbfc6c215e0ce09b78ebe0920128f799d8e377c87
0x61cece14e222385d5ac83f3d0cbd518f5feb3559,0x00a2028341d35a8018d086ecee5f01afc7b7982f,0,0x00a2028341d35a8018d086ecee5f01afc7b7982f
0xf7e4573b7aa3e6e06b251ad6cbc8d59e0b0d4183,0x2c325156416cc7b701151dafb6d4c0bdf0d398f0,1,0x184641886dcc3a4a0287089d63501530b539eba4
0x246cb7c77b561b09cd74366104adecdfff158ff6,0x3b612a5b49e025a6e4ba4ee4fb1ef46d13588059,1,0x82e32b00c4fbec3058f682127eca282440811b40
0x080e92b26a1d93546d2f5a8ef05a8b823306c146,0xae0197e27b6f6dbbcf6cdecd5ab5f1d56fe51859,0,0xae0197e27b6f6dbbcf6cdecd5ab5f1d56fe51859
0x46c9cfb32627b74f91e0b5ad575c247aec7e7847,0x7be52e01fdee83ddc846bb706dcac410b788fefc,0,0x7be52e01fdee83ddc846bb706dcac410b788fefc
0xc6c11f32d3ccc3beaac68793bc3bfbe82838ca9f,0x7b18aae272a34605c4ac5976f71040845028f059,0,0x7b18aae272a34605c4ac5976f71040845028f059
0x3b59291693eabbeae58471d92045d56edb03b60a,0x7354936bc7a72c8baf5a2f9262e70a52c427be4a,1,0x415cfa91674a467789d656ae376a49e2a7277e8b
0xf767d3e8035b320d6d530fcc648327278298a125,0x612e2daddc89d91409e40f946f9f7cfe422e777e,1,0xbd5aef78e84c9215bb5838fc4b0094e2fdd587fd
0x8a348db5782ba2ffbc07617e4215f0cbbac95984,0x19478179ef8bb7c4792a4041903080e097d137dd,1,0xdff6ac161ea770f74cc7a1e1feca54df7917818e
0x96891f52f54d0ae043b73de4685d692a3f04c643,0xb4f9dab6db4a9c4220d03eedc9f26a30e923eae2,0,0xb4f9dab6db4a9c4220d03eedc9f26a30e923eae2
0x6453cb7928213ff129c8cc12a8c7a11be7ce0683,0x044c7923c74e10448e8401f6d2f78297fd5a5054,0,0x044c7923c74e10448e8401f6d2f78297fd5a5054
0x2bbd6103c317c7858af842f1c1fbc476746e39a8,0x612e2daddc89d91409e40f946f9f7cfe422e777e,1,0xdf44e1b315ad475bb10919f1312d4324852ad66f
0x993eb9102527363d86e2b2fa1ed83808ec39157e,0x76f948e5f13b9a84a81e5681df8682bbf524805e,1,0xafb138e542d4845fab2d6e0049bb20bdd54f694c
0x8ac1d51750d4381b9154f61cfff6143e9d00e020,0x000000f20032b9e171844b00ea507e11960bd94a,1,0x09993ca595d167f461417d381055be814cf5d845
0xa7817e10656c02f625808571597b26239baff05c,0x612e2daddc89d91409e40f946f9f7cfe422e777e,1,0x8def603d17a1e8277e4344f404f1970cfdf1ad21
0xbc4304b99c0ad53a32ecb72030db913e9c19aed7,0x612e2daddc89d91409e40f946f9f7cfe422e777e,1,0xd9fd6ba13f63a6f252b6307ef89199ebdb6972ed
0x4043b292863dd68c5e916e9dfc9f713c5eb911df,0x000000f20032b9e171844b00ea507e11960bd94a,1,0x66b9ea7433358fbf98b9b2789497a6cfd31d90b7
0xe4d3f1b5cb8e677e1adec591c3d7e98a8c44ac9a,0x612e2daddc89d91409e40f946f9f7cfe422e777e,1,0xb9a635414f79eb608d2c2b0c4b20f00318790f0b
0x4eed8f8b4c0c7d97c371fe898137bee0d26937f5,0x000000f20032b9e171844b00ea507e11960bd94a,1,0x7e0bd715a6b2a90d5a3a5003acb5f53263b43e67
0x7c1a20acad2be293049c5cd3d6db27d049badf24,0x612e2daddc89d91409e40f946f9f7cfe422e777e,1,0x82ef0488ed74611ed8827ede5102f11b4ec49b4e
0x43a20faafa7b8cfc76f34e3d7dd1f0483cb5ce3c,0x612e2daddc89d91409e40f946f9f7cfe422e777e,1,0x41d22fc30aa15eee064139089aa80f688f245315
0xf7a1b6e32f53e68433d9b1672b470532f8997379,0x612e2daddc89d91409e40f946f9f7cfe422e777e,1,0x6aaaa0a544f4fab81553304a64f5966bc037f202
0xb31cec539cae1caa309960de459a9fc08a829edd,0x000000f20032b9e171844b00ea507e11960bd94a,1,0xc6c4208a75bda1e6d368ff9ce7a0e97f17e14979
0x8e832f0890afeb87f06f78b8d4b2d3a01c43beff,0x59de7273191e6bf1907d614e94ecfbe8e5fb7318,0,0x59de7273191e6bf1907d614e94ecfbe8e5fb7318
0xc9a31c9b676794daff32fdbff0c152378e432eba,0x000000f20032b9e171844b00ea507e11960bd94a,1,0xefcbb5358f575702123b8ac922dfebc16d8d1f5a
0x6ab8b31fb000f24239489cd13e76a6642d5737e1,0x000000f20032b9e171844b00ea507e11960bd94a,1,0x94132724b253048fe936fb427449952172db3c7a
0x4c6894b644d01a358d42ec14780bc0554b092bdd,0x000000f20032b9e171844b00ea507e11960bd94a,1,0xf036f32b834b1b540655951a32ff8ff7617aa33a
0x97598b5ad00c21f6b9798837575395a8a9f13bbb,0x000000f20032b9e171844b00ea507e11960bd94a,1,0x536c49a30c47b28d08051c2d3cc5073699d20289
0xbfd26a7ffb47cd0db30433d873d798d54ce7da49,0x612e2daddc89d91409e40f946f9f7cfe422e777e,1,0xa3ac9d815949b8614cd9105bd8c73dd6808ad9f7
0xef622c6781ccb71deed138aef17387036c30c840,0x7b9a6faa0ff6a59e7e7f06b61f99af53021d95cd,0,0x7b9a6faa0ff6a59e7e7f06b61f99af53021d95cd
0xc2d296311c041332946ec8dce90b40127d217836,0xbe82e4b3f29c71022ab953294acebc5da0a06244,0,0xbe82e4b3f29c71022ab953294acebc5da0a06244
0x2963ba471e265e5f51cafafca78310fe87f8e6d1,0xc385641ed55e24440ef98fb6aaf39b7bb580b114,0,0xc385641ed55e24440ef98fb6aaf39b7bb580b114
0x7daec605e9e2a1717326eedfd660601e2753a057,0x8fda7f45b1427f2d4444f4c6d44d2b5d1cb46b53,0,0x8fda7f45b1427f2d4444f4c6d44d2b5d1cb46b53
0xaa54119ee2db2c9d0fd9971b0cf522cef031cf8c,0x3b612a5b49e025a6e4ba4ee4fb1ef46d13588059,1,0xbb7d198c65e2e632e001098e47a2fc94685ca2a4
0xe60ad69ae883a9294855f189b9f63c2e42537f2e,0x3b612a5b49e025a6e4ba4ee4fb1ef46d13588059,1,0x34331e2b02bc0aa89f61a8b4124f156feb26e93f
0xf5d2337bc091980e5dc684c604603e4810885e8a,0x3b612a5b49e025a6e4ba4ee4fb1ef46d13588059,1,0x4c2d965fabf61006cba206e4bb2148b664a66adb
0x66d47374f35f1945e8963ae88adbbcd90153bd07,0x751f655ff4fbd7dd77f12e0f9ed5d0075cba1b5f,0,0x751f655ff4fbd7dd77f12e0f9ed5d0075cba1b5f
0xbc6f8c94979207b5206a3e82a3d84dc82f987829,0x092120633b0dfa03265df824e12ebe8a26810921,0,0x092120633b0dfa03265df824e12ebe8a26810921
0x70db5dc0d33af22ab6141fbdd01d900af0e50e2e,0x3b612a5b49e025a6e4ba4ee4fb1ef46d13588059,1,0xbb00ab2f873aad8b5041fe2d00d468425b818f2a
0x5b0e00228c71dc669122314ba5c676c7e72fe640,0x15d51e51caf5585a40cb965080098bfb68af3336,0,0x15d51e51caf5585a40cb965080098bfb68af3336
0x4fb48c4da0a633aa9de199ad43bf70e316310541,0x623fc4f577926c0aadaef11a243754c546c1f98c,0,0x623fc4f577926c0aadaef11a243754c546c1f98c
0x153f8df0ce6a014e21f6fe6825129c53fa6ce0d8,0x48cf2a4b8a74974beabf8db1f45f9123edc79c06,0,0x48cf2a4b8a74974beabf8db1f45f9123edc79c06
0x3f3db7361649c102a91432eccaa6f37f0df9de6c,0x1dc4776f7c167292753f2ca634e1aa1072166ff2,0,0x1dc4776f7c167292753f2ca634e1aa1072166ff2
0x9d63b81f124031ef6ce25904dc6e494571908494,0x3e26603299ec18a0a59c179b92b303722c04c5d0,0,0x3e26603299ec18a0a59c179b92b303722c04c5d0
0x5999199ddbcc11ccacfcfae268ac90ccf3913d14,0x63e0e1312a693a3e113574060c424d1411ab4d55,0,0x63e0e1312a693a3e113574060c424d1411ab4d55
0x34f7aa1a35d399751e05115a60b8d8a15dbb66fa,0x98f1bda2d45ffaca73fcf2154e9e007871e14934,0,0x98f1bda2d45ffaca73fcf2154e9e007871e14934
0xc13a436d3250ff1c79c646e667a58439195496b7,0x3e26c66a2f7264b5d98a17cb558947d75d2b31fc,0,0x3e26c66a2f7264b5d98a17cb558947d75d2b31fc
0x5e9475b8db383387922d0aba50d6b5c5b8dd1d9e,0x02c76b64d4e29fce439a6aa6be78f1a9751ae876,0,0x02c76b64d4e29fce439a6aa6be78f1a9751ae876
0xcfa44ec107df95e78f95db5a786e7ff8c31977ad,0x612e2daddc89d91409e40f946f9f7cfe422e777e,1,0xf88a9e0d5bd66984628aee7944858ed992dda586
0x63fe482ca62c9b39fbbd0b7ca4196363094cf0ce,0x612e2daddc89d91409e40f946f9f7cfe422e777e,1,0x3f0a94005a60c3b6aa7361f16c85e60e7a344c41
0x3e84607606b25f8a3c75b6db4a8a6683d1e40284,0x1d5cb5d42217dd984361696f9d0d5c4183a44821,1,0xf50fbf46fd6ec8609c1219bbabf00539836f1a34
0x37f544d8c01a8ac4609137e05548b3e77a1b7619,0x5afa1dc2b35c35413437fa8c91f12b70c1997c22,0,0x5afa1dc2b35c35413437fa8c91f12b70c1997c22
0x8e70b94c57b0cbc9807c0f58bc251f4cd96acdb0,0x8297c190d4c3e738d02f6d7385224a9b6601c798,0,0x8297c190d4c3e738d02f6d7385224a9b6601c798
0x56cd7118975a8cebe201673d4cf4143af555042e,0xfe99460b27bd6d4a3e8adb29bdf038be6684dd77,0,0xfe99460b27bd6d4a3e8adb29bdf038be6684dd77
0x37517982323b4995f6439662d57dd60b2b2b6614,0xc8fbe3bbadcd1829e153f1837fc5f7c53f280686,0,0xc8fbe3bbadcd1829e153f1837fc5f7c53f280686
0xa7bce2f0d04d976721bda84ff38852a78031697a,0x124d1d074002c0ff5a34aa60404708fb5ab838ad,0,0x124d1d074002c0ff5a34aa60404708fb5ab838ad
0xafce699aea04a33324ad4e8c0597881360bea2df,0xd7049630a45f2a48ff8d770a03899e11f00dccea,0,0xd7049630a45f2a48ff8d770a03899e11f00dccea
0x3101d65696e43521c9837284bec680af02481593,0xf0f980d22d403806adfb59e28959a3e4e67c7ed8,0,0xf0f980d22d403806adfb59e28959a3e4e67c7ed8
0xabe577c83af15b2c441cd14062959d155b3f6bbe,0x612e2daddc89d91409e40f946f9f7cfe422e777e,1,0x94bc8265b29ae4881121188394a5c54288fbc14f
0x97d51bb8b556769208c5fe5191d34aa5590f6c7c,0x86d89966f507bbffddf9a5dff22ef5609b0c80dc,0,0x86d89966f507bbffddf9a5dff22ef5609b0c80dc
0x4ea160554f02ca9cf900b829d3ce09dac95d277c,0x93c40f86cd02a30813fa20783d492e61efdd8adb,0,0x93c40f86cd02a30813fa20783d492e61efdd8adb
0x0227c433fe34860d17ed540c35260b020d8e6b37,0x612e2daddc89d91409e40f946f9f7cfe422e777e,1,0x4b89b47b11ec5186e5bb797b02f01d3e7e312f63
0xd04ff5e94340a2e1d913c3728a12b210c5d5bb2d,0x3cc435694547cc536106fd54fd11d88d2a85b611,0,0x3cc435694547cc536106fd54fd11d88d2a85b611
0x133767bebcad5c594d4903ce060b5668c135cf32,0xdac86e3ecdf4dc8535dc036e166a89f34a62f278,0,0xdac86e3ecdf4dc8535dc036e166a89f34a62f278
0xdd90e7006d23ee86186c0ca4848f3d897f67bdfc,0x428ccb0ba18ebec690176adde134770004179ade,0,0x428ccb0ba18ebec690176adde134770004179ade
0xb74c7577a68e54c477d90cd2420e560a1b570014,0x673460953de8a52d1ccae3c7e31fd445da99928e,0,0x673460953de8a52d1ccae3c7e31fd445da99928e
0x0392109c2aa32e193603e072c0ccf30461a5aee0,0xb43f67a91ac7175537992084eda3fa6ddfe35214,0,0xb43f67a91ac7175537992084eda3fa6ddfe35214
0xfe6b4fb961f14c29b895f0db8b89d7d1bf1e780b,0x385fcbd4fdaa1ae35263141ba39b90f305016af4,0,0x385fcbd4fdaa1ae35263141ba39b90f305016af4
0x06d0874b8f84e62a6943d6f800b8691ec0cd4fa9,0x8636fa411113d1b40b5d76f6766d16b3aa829d30,0,0x8636fa411113d1b40b5d76f6766d16b3aa829d30
0xc1252f7aaca7869153686148f9ba5acae3df93da,0x612e2daddc89d91409e40f946f9f7cfe422e777e,1,0xf06bed3f0dad7932d8d00fe48c36751f5c10be23
0x65639859d96744c966192dc5c73cbd449c8ed647,0x9bfa4c4912ca65919102e5d221404703a089e904,0,0x9bfa4c4912ca65919102e5d221404703a089e904
0xeb2af791580b832a3febff6640649a9b55467644,0x9365fd28b7121135f490bbe527933d7e3cfb4f69,0,0x9365fd28b7121135f490bbe527933d7e3cfb4f69
0xdfd6313d1fc718f3e7da551be07922e77ceb9cef,0x612e2daddc89d91409e40f946f9f7cfe422e777e,1,0x9282c8cc7b9062e38717464fee4643f344924105
0x67fc080cb1bc1f8d9d19e74075b9143c8ef5931e,0x612e2daddc89d91409e40f946f9f7cfe422e777e,1,0x5bcf016d5f701001a785a3f69290523892291bc1
0x7e4d1a68992d3a5392ac2a4f78efbdcb1f987cc3,0x4bb7818ba2fafa56ed4bf46341313655137a2293,0,0x4bb7818ba2fafa56ed4bf46341313655137a2293
0xf25102fc7d53d4102db1d8acc85e367cd8a9aacd,0xb4f10e08af5d5c322cf5fabd630d900c7ec65cf1,0,0xb4f10e08af5d5c322cf5fabd630d900c7ec65cf1
0x646e49cace173f0536a3fc6a0ced00970426c4b9,0x612e2daddc89d91409e40f946f9f7cfe422e777e,1,0x3e0914fc2b3b67a476142020b7d6990d01ad234e
0x8053124ac479d579512bb9d3e5a98e561b20a737,0x000000008924d42d98026c656545c3c1fb3ad31c,1,0x052725c622075e208fdf1579a87fbcb839cff030
0x5d90f4031d962b7dd8313b5ad8bf433c3f4a8e1e,0x000000f20032b9e171844b00ea507e11960bd94a,1,0xde94c4e276f47f9c310572d3b3fd9bccbc42c0ec
0xbf862c47f968465e8e7390549ce8a4b2e902b060,0x29a61bffda102cd17bad406a01646c471d115479,0,0x29a61bffda102cd17bad406a01646c471d115479
0x2777f47f9c015961589f38d286cc7739816fe156,0x612e2daddc89d91409e40f946f9f7cfe422e777e,1,0xcd855b3ff2c0fe3ea7dfd8b770c717b5a1fda4b0
0xce09e71b6f2efa5c8d9a723f7701c03f26542fbc,0xb2019531de3bfda451668acfe40fb3aee59975b5,1,0x80dbc65bc2e11f406586c4abc2da896acb532d8b
0xc66b8f29d1ced9e3e987c575a8ef8a178d6b1f31,0x00dbfc10fffb087a1ac49e617f94cedbe1c4dbff,0,0x00dbfc10fffb087a1ac49e617f94cedbe1c4dbff
0xd2cf05823d2049878e67c9c53939445c3fda19da,0x1b068dd66ada72e6c4f75368978eda09906b6708,0,0x1b068dd66ada72e6c4f75368978eda09906b6708
0x2cf9dc1adff75599dae428c32da98df5b3b4d523,0x612e2daddc89d91409e40f946f9f7cfe422e777e,1,0x65a8307681b6fa0065ab40a2316639d78990c845
0x201e49ab9fda1b696fcfffaddca770427625da4d,0x000000f20032b9e171844b00ea507e11960bd94a,1,0x67a7a0a867cd50cacb2562870d91905afc852e98
0x43c792b71e43f4a3e78cdd30f7428d0be312ba40,0x000000f20032b9e171844b00ea507e11960bd94a,1,0xdd2496d6283e7d8243e7a708a1e3647779682121
0x41b7d1cf0c1ede842324b1d83896e34362e61c6d,0x4c150e046504d2eac76b147cb7fdd05858d84d7f,1,0xdb3f28bc3bc82a2c577f71fc5a30ff774135f9a2
0xa110955678c893176ab70c78cd8e6cb59b3f9cb0,0x000000f20032b9e171844b00ea507e11960bd94a,1,0x875b0514a0192fb6cd5fc3ba40735e35255b12ea
0x081b7df203f36d68a9fa4112f7933046147a7242,0x000000f20032b9e171844b00ea507e11960bd94a,1,0x3d837d3c908c2cf4aaa800bd81644e1911911b94
0x369c23d74903cf8b7b927168c58ec5d0d2eedd59,0x000000f20032b9e171844b00ea507e11960bd94a,1,0x6fa4f0b7129c8079a998f826e5c3abdb83346f55
0xe245df3d34c7e7cedb6501dbfaec620254e6e71d,0x76f948e5f13b9a84a81e5681df8682bbf524805e,1,0xff1896cfc912ceda37319eba452906dea8cb343c
0xd1ef5c46af19f3feee8f998fa7be65710b52181e,0x000000f20032b9e171844b00ea507e11960bd94a,1,0x4216582e7ea7609a30d47c96b106152f8e89bde1
0xccadb3fb8768206846e7ca1aec4799cc2f4e382e,0x000000f20032b9e171844b00ea507e11960bd94a,1,0x4bf9a1946cacabee2d0d523039e075d58a893c5c
0x873e88312c1b03ce057a03a8c22786746f11a660,0xb44ca0d88d2d5d94d9d10b62c6e78cb32e7cfe28,0,0xb44ca0d88d2d5d94d9d10b62c6e78cb32e7cfe28
0x7d9910ad631fb80a8b8c5d997774538f1a899d0b,0xeb68135ae519c6896e24f28881b37890997dc52e,0,0xeb68135ae519c6896e24f28881b37890997dc52e
0x0f6a21bc6244123588b3798c2f6147c8cbee5a78,0x612e2daddc89d91409e40f946f9f7cfe422e777e,1,0x2781bcf8b417fbda88f0fa17273605ec3c0757cc
0x0e683cf6b10b18eae4576a26897f419b1011899b,0x000000f20032b9e171844b00ea507e11960bd94a,1,0xd2b4705434d298d26c157d7be14dbff480923df4
0x7b809caedf92d84cbf6bf179ef15441a0c551887,0x612e2daddc89d91409e40f946f9f7cfe422e777e,1,0xe18a7449f5ae26afc8c3075d593ff8db67bbf01d
0x45f7d953235d0ca3cdb7588398261a5617e7d946,0x5a6fa88a66fdafc7d313dd93bba16f2683eefa86,0,0x5a6fa88a66fdafc7d313dd93bba16f2683eefa86
0x253c78d2f9fe332a64bf6d28ed906932a5faf7d3,0x4257e9592edf8bdbb9b99f2b8b6810e23fb66c14,0,0x4257e9592edf8bdbb9b99f2b8b6810e23fb66c14
0x0ea52493e1ef80fa5d6adb101df6135189e5cce2,0x000000f20032b9e171844b00ea507e11960bd94a,1,0x436243bbec4e85ad349f397a854c5807028c2472
0x059687c84365c5cde8e8d3844ab5a15f7b85cec5,0x612e2daddc89d91409e40f946f9f7cfe422e777e,1,0xa11c0712bc12d600966ff28db0ff1165fde30991
0xdb627b2adb8d6526f90d0617ea4d665de81c7934,0xc56b52c6b9529ba804c7eeb1375d618389628d5f,0,0xc56b52c6b9529ba804c7eeb1375d618389628d5f
0xc44f81fc457d07a0e9c2c7d5a8f890c746901907,0x4235bf31d109eac8aa5c6083fd0b983f33c572cc,0,0x4235bf31d109eac8aa5c6083fd0b983f33c572cc
0xc5dc41dcafcbabc2c7e191eca9dca6894a912ba2,0x19478179ef8bb7c4792a4041903080e097d137dd,1,0x41e12756498322b479f889af2b2f4b29a85d5605
0xa87afc0df6db045125a6226005d6c08cfc8ce22f,0x7e7475980e970090b9c228fe66d8635afd0e5e74,0,0x7e7475980e970090b9c228fe66d8635afd0e5e74
0x80eb418c0619b53dc4ad58f8a7ebb4b67c18c717,0x1a4b7409e020140443a02ef26858a7e53ac7d652,0,0x1a4b7409e020140443a02ef26858a7e53ac7d652
0x15bd56669f57192a97df41a2aa8f4403e9491776,0xeb2a22b27c7ad5eee424fd90b376c745e60f914e,0,0xeb2a22b27c7ad5eee424fd90b376c745e60f914e
0x8ce5aa1c7d98b8a355e427e8348096a962627bbd,0x1ca2007d4f2bc0ec2a56ecb890e56e05f36182df,1,0xeaaed688810e48837c3f48e7ebe062cca9e2a9ab
0xdda11faf2846bd9f90cef56614fb70966f2d35bf,0x2f0c4fa1cdc9ac0cf1766d4306b58f6fe1248237,0,0x2f0c4fa1cdc9ac0cf1766d4306b58f6fe1248237
0x8a15d767d03ae406937370296235597e934321c7,0xf390fc373ece176c5ba51443c1f53da97e7d663f,1,0x790c2c860ddc993f3da92b19cb440cf8338c59a6
0x8c6e4e339151e548af74c2fe87e3150bbe3e1ab2,0x3b612a5b49e025a6e4ba4ee4fb1ef46d13588059,1,0xb225d77e8f9f840ec5644823035c5308695d71ee
0x6ea26ecde564df85d4c631e041ff7630296b08b8,0x0f7b881d71ef1996d090b5e59a4645d3e35a002d,0,0x0f7b881d71ef1996d090b5e59a4645d3e35a002d
0x259e9f10dc84cdfa6176831c4596c6a868dc0990,0x3b612a5b49e025a6e4ba4ee4fb1ef46d13588059,1,0xff1936d3f2686411b834069fdeb4b1a91a2bf67d
0x1254183455c186ed43129446ff36b1dc62a0b8f8,0x9d8e5c6a7a1c7411e9bd8ffd0241ddd3f90a8ae8,0,0x9d8e5c6a7a1c7411e9bd8ffd0241ddd3f90a8ae8
0xfc0a25ed42de8937768011afbf7c5bba5aef0076,0x3b612a5b49e025a6e4ba4ee4fb1ef46d13588059,1,0x373d419979862c6845e74cee5ae1e075801b6abc
0xced2e00488dbcafcb93849f44e9af474ae5b81cb,0x97be94250aef1df307749afaed27f9bc8ab911db,1,0x3243ed9fdcde2345890ddeaf6b083ca4cf0f68f2
0x799db4fe07ff6ce997cea45514daa7337859a34b,0x222d81f2c66574509abcf40a16abd53b1937ebb5,0,0x222d81f2c66574509abcf40a16abd53b1937ebb5
0x85f928f36e83bb814473b0386a0092968f611ad0,0x243eed63b365f896b21ba837ad3fbdb2c2ef518f,0,0x243eed63b365f896b21ba837ad3fbdb2c2ef518f
0x0845caea20f21942aaf8c0ac9403d93e280aba0a,0x612e2daddc89d91409e40f946f9f7cfe422e777e,1,0x33de1135ccd8d60b9d78ce4ce92229705ae9c6dd
0x1f6180c2f203da3d1ff7cf7cfc60ae376059fbe1,0x000000008924d42d98026c656545c3c1fb3ad31c,1,0x8d3ba0787b563ca50a9d47d575dbbbebb0620817
0xa11b7f0b93ec923ce6d0e19916422f7face5a46a,0x612e2daddc89d91409e40f946f9f7cfe422e777e,1,0xf0c7401fb586b44d450ccf3279668173470c9c1e
0xd26de180c4c694d1290a0616385efbca3e14ab6d,0x442295de8a31d65026dbc09c29d469f6854f188a,1,0x67580561ba59d3d59dfc854c9399d63e93c08d25
0xb001516461a59153ca01534085127243943575b5,0x612e2daddc89d91409e40f946f9f7cfe422e777e,1,0x240aab63274d4515bcde72ef943fb9b89f3d7194
0x8bae53c8ceb26bfb88fc9be0a7895e63c33db6a7,0x000000f20032b9e171844b00ea507e11960bd94a,1,0x3c1eeaeb0ef0ca9477970538971d5b632b73e87f
0x55c85e71c1f1535f61f238f682cf93005ffb7c69,0x000000008924d42d98026c656545c3c1fb3ad31c,1,0x27f50102c2170ce6c3a1cc9bf49ddd41a10daeb2
0xd158d5e0770b8282c2d3867cc3c0960b576d44b6,0x000000f20032b9e171844b00ea507e11960bd94a,1,0x15b739dfc3c4b63419d790cdb386e41fdafcd557
0x344a93c16492e2469116a662e2e5888c340dc8ff,0x18737e2b9f38707f8d36e4ceaf287b7229eb17f1,0,0x18737e2b9f38707f8d36e4ceaf287b7229eb17f1
0x79ce07cc1ede54c41dc2826216a068a91c038a23,0x000000f20032b9e171844b00ea507e11960bd94a,1,0x2468bf2baed87c935b7330af0e091f2bc44ce6d5
0x8d60170b7fcdeed9e3bfe106512490e13bfe12f5,0x612e2daddc89d91409e40f946f9f7cfe422e777e,1,0xf62c22a4fb55c6ef0e2d298d56fb9fd781de0f2c
0xf8ba26dea4354b320b3a2bed7a7353b5e58bd585,0x612e2daddc89d91409e40f946f9f7cfe422e777e,1,0x6d0208c3ad0c77fa34114897cd993764c2e74a54
0x2de78e2568de27df2410dd693385fa56f0aa3cea,0x77e923da2374c61ad75c287d03de86367974ba5b,1,0xdb5116412c3444e69593babcf564226ab2815d94
0x4157737d221991bcd91430a1111494f55874b6f6,0xd59d223fe885b4295a0a35d6209377762ab06232,0,0xd59d223fe885b4295a0a35d6209377762ab06232
0x122adcc72b325d065c1d8b5c3bb32cd61923d3c7,0x000000f20032b9e171844b00ea507e11960bd94a,1,0xe7b28aee033206b5a99b8ca9f41f8c31a43cf957
0xf33a36c0deb721f473a292db701ad20a74151a6d,0x3090fb16a6fcf9f85a8d55b710958227154f5083,0,0x3090fb16a6fcf9f85a8d55b710958227154f5083
0x8dc9c2c9142cd4d97ad9aa87b3fecb42cf034086,0x42b401b8d96a3f80500d375d1054ef7650a98fbe,0,0x42b401b8d96a3f80500d375d1054ef7650a98fbe
0x47db378a5b12548721579df59f2918b48b3a4195,0x000000f20032b9e171844b00ea507e11960bd94a,1,0x0613b984d04eb22ded07dce1831419c37fa6d42c
0x16814095ab2e7f3d707f56b345afed65cf17b5c1,0x000000f20032b9e171844b00ea507e11960bd94a,1,0xde51643b7488511a375abaf6f237affc8b110ddd
0xfed9a6aca24c31e1ffe73371205a4e514196e4f1,0x000000f20032b9e171844b00ea507e11960bd94a,1,0xf750e049f1948cc8d2418110bbf770a84bc113f4
0xe36d5763a024a992a17ed14c5662dc205075dc72,0xa1f785c4ad3969c0ac40a408c17ca3b171397caa,0,0xa1f785c4ad3969c0ac40a408c17ca3b171397caa
0x6af99dbc69e6518c14278a5b29dce4d174704424,0x612e2daddc89d91409e40f946f9f7cfe422e777e,1,0xd72166111abc841ca922755e730244ea8ade27a2
0xc279067184ff8e56626dc05f040dec9b88c3d9a2,0x6461ceb1efa950f2c789042fe8dca90c16534dfa,0,0x6461ceb1efa950f2c789042fe8dca90c16534dfa
0x7125143596040778a7b1698b62e7705dd352bb6c,0x612e2daddc89d91409e40f946f9f7cfe422e777e,1,0x621d966b5e27191ca62d2f69e4789992a6db6c36
0x597df3e05cccc7950851deb51feaf8df249bd635,0x000000f20032b9e171844b00ea507e11960bd94a,1,0x0b9712220c4dc30b62c384d9798a189220950559
0x8105a5d9765239d555f1414d0e5306fc58919f51,0xb222ab45f7af7814b166b984c8963123c1b06252,0,0xb222ab45f7af7814b166b984c8963123c1b06252
0xc3ea52d903692814d6dbf043cba015975043560f,0x4369cea3ea6b07fac2a506e5954d1511a2936042,1,0xfbc3b76a206f03f1edbf411f280444cd3fd9c7c8
0x2127fe7ffce4380459cced92f2d4793f3af094a4,0xfa659696deb10971df4accd18014f0bac66c01a4,0,0xfa659696deb10971df4accd18014f0bac66c01a4
0xd415d6b7930a1dcfc5a6c06eabe6425b46c3e79a,0x19d38600e9912ffbbdc0007c7ed827b37bfef3ff,0,0x19d38600e9912ffbbdc0007c7ed827b37bfef3ff
0xf22be768ae6fcda8ed4739db6c2743337f56f6d6,0x3b612a5b49e025a6e4ba4ee4fb1ef46d13588059,1,0xb5292bb264b19eb7fafd054236ee2f2ee4509d8e
0xe612aa2692e0bc598f0ee8ae3ff817c027a87df2,0x3b612a5b49e025a6e4ba4ee4fb1ef46d13588059,1,0x872930e5dc25f210afe6dc5420616df9d570cb92
0x649ad659973049c607dd6590d02914628098ef1a,0xc83162e969af0793837011cc4a72b3c50161d601,0,0xc83162e969af0793837011cc4a72b3c50161d601
0x5c87ec90db117509fd654ed7440524323e647394,0xc852ac7aae4b0f0a0deb9e8a391eba2047d80026,1,0x3243ed9fdcde2345890ddeaf6b083ca4cf0f68f2
0x3ead1a2adfe8a30f5314054d9fb3eae136e144a5,0x8557ccab66f6fca667d3268de28700889f4d28a6,0,0x8557ccab66f6fca667d3268de28700889f4d28a6
0xfda79d4ffe20a7b4999c824e8e9685eb022dd9c6,0x693065f2e132e9a8b70aa4d43120eaef7f8f2685,0,0x693065f2e132e9a8b70aa4d43120eaef7f8f2685
0xf567d57b1450258ebbcfa323798a0ef90d081aef,0xf97f079ace9486565ee5807c39d608eaadcaf1ea,0,0xf97f079ace9486565ee5807c39d608eaadcaf1ea
0xb8787aaf1f434e5455a49c8ca82bc228e54cf061,0xa00b2bcd552fe6d17cb370c07142bfeeaad6d520,1,0x28ddf4240817db50a533feacfe61912de4c49057
0xd260c7ae9c8e425f02354e799ca2eb276410570a,0x85d30747868a5081f53bc7b9450301e761620a4f,0,0x85d30747868a5081f53bc7b9450301e761620a4f
0x5d8246f06fba10b9878506b86432937e74728111,0x7f8b18bbbf77fafdee934eaa359da3193eada207,0,0x7f8b18bbbf77fafdee934eaa359da3193eada207
0x59a368f9a41a37e1344d48b3ac5669fc24042a8a,0x612e2daddc89d91409e40f946f9f7cfe422e777e,1,0x382264983276042c64037589dd6535caa9c26ba7
0xe7f2bdee797bda02a12bf55b4e1850036cd74bdd,0x10888eef3be65d8ec8303b57079e698236808b0b,0,0x10888eef3be65d8ec8303b57079e698236808b0b
0xfee0c67b8a3222aacd20b8a9ebf7e5931713c604,0x6fc865d18fa433268970c4885dd1462c85bb4a4f,0,0x6fc865d18fa433268970c4885dd1462c85bb4a4f
0xecd0cbbdbfb07986e22981c8d78e17a952605854,0x7528043c1acda98c79eadb219c04d2a76e2a618d,0,0x7528043c1acda98c79eadb219c04d2a76e2a618d
0xf42f8d103ba90a0201f49feca490e7630b6fbe74,0x612e2daddc89d91409e40f946f9f7cfe422e777e,1,0x5577d19fee0a4936174a23c1fde0b0dafd4cd64a
0x7e6027a6a84fc1f6db6782c523efe62c923e46ff,0x2272ecf43a7481088fa2d4ba9109804ed5a31901,0,0x2272ecf43a7481088fa2d4ba9109804ed5a31901
0x558d3e946e9ea6bbd0599f1225ae22d25b11d10e,0x21f9dc672dc296da8815fac08ab02a9414f0c98b,0,0x21f9dc672dc296da8815fac08ab02a9414f0c98b
0x86f0bd666aec1ecdcce15631f4e1eaa09a01aea6,0x307fa253ab864cbf57483415909b37c36df3b8c8,0,0x307fa253ab864cbf57483415909b37c36df3b8c8
0xf0d3acc5d4254693e75911c8fc998a6f7d53fd90,0x612e2daddc89d91409e40f946f9f7cfe422e777e,1,0x66e3255347253e0a887b5d4d0a2f03f08f3da2ab
0xc9d290f174563c2aaf2e15b97b29e012153a0d1a,0x8daa60e0ff964bb4d1f30fae8791626229c3f63b,0,0x8daa60e0ff964bb4d1f30fae8791626229c3f63b
0xceb9ece48f1fb17d5b972c80066c0c09a5a18237,0x771d9799cb1651eb7b32bd3643c45bb658460c27,0,0x771d9799cb1651eb7b32bd3643c45bb658460c27
0x1eddcb3a7e703f67495e9814b9518a1828ea0b79,0x9efdd2e8e88624a6c97bf69bde1ae4728e1d6669,0,0x9efdd2e8e88624a6c97bf69bde1ae4728e1d6669
0x1d42df52f8567224c48ab3cd2d753261400c72fd,0xa720fbbf2ff22e7d11dc4f192ef40a98c7801c04,0,0xa720fbbf2ff22e7d11dc4f192ef40a98c7801c04
0xcda9e0c699c04d0032f809ad3d417ce774af7bd5,0x68f83a50bdf15cfa024355c03afdd734324f966f,0,0x68f83a50bdf15cfa024355c03afdd734324f966f
0xdb55d24d737b49474cc00a14cd84f747275a800e,0xb3df34f20ca9d2f3ffbf75b6247af60179ca6fa4,0,0xb3df34f20ca9d2f3ffbf75b6247af60179ca6fa4
0xcde0d5c298aa767116434e8ff5275a7b6f1eb271,0x5bf79ed30cf295401e2bdfc4431af8b1cdf038f1,0,0x5bf79ed30cf295401e2bdfc4431af8b1cdf038f1
0x824e69543636ff4540a47e46d13b484324e0f463,0x612e2daddc89d91409e40f946f9f7cfe422e777e,1,0xe7540b681db047fbf0e49cd5d7b213b31499f4da
0x4b15a9c28034dc83db40cd810001427d3bd7163d,0x476f3a6b93951f081b1ec119530defaacaa9a330,0,0x476f3a6b93951f081b1ec119530defaacaa9a330
0x425f3d6b29d0ead35af70fb7f6c8b91c2b9d6d4a,0xa7e68700499ebcc36a00c9a595f2aeffb688041d,0,0xa7e68700499ebcc36a00c9a595f2aeffb688041d
0x9733ec9e50072faf5d1abf3968ccd4ad97f222a2,0x891e2a40cdca0cf0a1157abb271859abfc319b08,0,0x891e2a40cdca0cf0a1157abb271859abfc319b08
0x1a968d965ff351c76f88c812df2c0bfd15a5ef23,0xc4f814d88bf9a816592dad0a7f6f5ad28b39dfde,0,0xc4f814d88bf9a816592dad0a7f6f5ad28b39dfde
0x6aa4cc717ca29727f121ece6a8088ea1ab6a2d20,0x612e2daddc89d91409e40f946f9f7cfe422e777e,1,0x2250988530e55b70a921431680c18f5a0eda1471
0x8bf0cf9b2876d0770fc036c9f8855e614f1782bc,0x4f17c0918e62bba2a5ace373266e1f4ebf6d52ed,0,0x4f17c0918e62bba2a5ace373266e1f4ebf6d52ed
0x462e30d9cd472728e281f6ad7a370ab4368e2a71,0x1ca2007d4f2bc0ec2a56ecb890e56e05f36182df,1,0xf3fe8c6c75be4afb2f8200fc77339abe4d7cff33
0xf863a603501fcd30f56dffcb6700a25effefbe94,0x641ad78baca220c5bd28b51ce8e0f495e85fe689,0,0x641ad78baca220c5bd28b51ce8e0f495e85fe689
0xfeb6fd519eb85f952c476c396e8d2fc326fcf1b1,0x3615e276c3c875a032a8f2dd381f8236c3537073,0,0x3615e276c3c875a032a8f2dd381f8236c3537073
0xdc45492c27dc311800823a6379436138510f6953,0xd802e4981f94928a079172b7eb1db3dd9e6c1d07,1,0x1b4b3465b65fb87f869f8eb880ac28099ef43dee
0xf7867e5ed2bd9fdc6a49e8f82991ddd8c2758907,0x612e2daddc89d91409e40f946f9f7cfe422e777e,1,0x0b903ea63731a55a11215ed14c78efc1383647d7
0xedeafaa46392adde5d1ca719aeb3c1ecb1de780a,0xaef3e8c8723d9c31863be8de54df2668ef7c4b89,1,0x056f1f3a4599e58cb5c31f2255d0830822b4106d
0x5b6d0b6d6c2caaa88f11b40f1eb848e1e871a233,0xd172239cb714f1bb901b5e6563b7c21f77bb979f,0,0xd172239cb714f1bb901b5e6563b7c21f77bb979f
0xf08a6b5c7613138dda813cf010dc9b71b749d0b2,0x612e2daddc89d91409e40f946f9f7cfe422e777e,1,0x560aea8fe38dd38a9a7ca6fee7679a4cc201ac45
0x0c4f342a70df6d7d7beda3d8456fbb7553d4f9c0,0xb9a509e102808783c71a14cfa80a7bc28b978ca3,0,0xb9a509e102808783c71a14cfa80a7bc28b978ca3
0xec3bfc95ef2614c331148fb1905d33d8cb790fd3,0x612e2daddc89d91409e40f946f9f7cfe422e777e,1,0x01b85ebd072731241d5274907c3d752cd81f16d3
0x1536a0392e79f8e8ea25325b555f271702a65c5f,0xf6cfcc755b18ef51457ac04c892f4486655de3bd,0,0xf6cfcc755b18ef51457ac04c892f4486655de3bd
0x41805f17eb2a3b04c68d7885270d348ed0857ab6,0xde69bda76c17409242533e9ff6a8363846afd7d8,0,0xde69bda76c17409242533e9ff6a8363846afd7d8
0x88256a1a4ae6da858f409dd6a2048483de50fce1,0x612e2daddc89d91409e40f946f9f7cfe422e777e,1,0xfeaa494cbd459c5939f61e9955b57c685e280c1e
0xec4af9fb39fae612ef229bca62d3459711cde4e1,0x2abe3fc24e45966d995a19d15621d8d5bbf2a180,0,0x2abe3fc24e45966d995a19d15621d8d5bbf2a180
0x6cc5914f32c3317400ca3ae88e35ad11203ea928,0xd7d96ffac5dd584c8a29286252f85e369145bc4d,0,0xd7d96ffac5dd584c8a29286252f85e369145bc4d
0xb73b1335c1f14eccd0d6787490bce85e1af62378,0x811b576a3fa0d877411d34db0024de59dc8d2da4,0,0x811b576a3fa0d877411d34db0024de59dc8d2da4
0x1c104cdf53bfc0b90a3fb274efb800fa3a08c955,0x80d530bcd8170e67e6d252dbe65b07f992dcdfdd,0,0x80d530bcd8170e67e6d252dbe65b07f992dcdfdd
0x6643183e7117f9d69f06616be1a3913b35430cc2,0x3e52531da35868993865c76e2851918c925d40c9,0,0x3e52531da35868993865c76e2851918c925d40c9
0x9e8bc2765c8c06ae7ec358dd916a35124bb2bef3,0x257f75c99d45218bc1eb918c302e0c3e64ff2f9d,0,0x257f75c99d45218bc1eb918c302e0c3e64ff2f9d
0x34c2dcdc88eaea7bf0480a797369b0c9430c392a,0xacbef9db1e07eecb3e7725cf9db923bfb358dfe5,0,0xacbef9db1e07eecb3e7725cf9db923bfb358dfe5
0xe96b57884938118ca6ddf290dd0ba9a6b0812ff6,0x65eb06f4c74fe0f8bd389bf1425c7fa16d11b8a2,0,0x65eb06f4c74fe0f8bd389bf1425c7fa16d11b8a2
0x607bbfe0179381aa2404d8c08863e5361e6ac22d,0x612e2daddc89d91409e40f946f9f7cfe422e777e,1,0x3afb6fc18b7076087a72ccc6f21d732c4b253da9
0xaf11a7f6e476fffb124d6b32ae2fa39fcf31eb18,0x612e2daddc89d91409e40f946f9f7cfe422e777e,1,0x1a55b416411d10f2a9c6900b93ae529ce5a96e42
0x4297ad8d1e4d7a2ccd1df00776fe22b2e8042b5e,0x7354936bc7a72c8baf5a2f9262e70a52c427be4a,1,0x38dadaaa404e11d2189311c28fd32423b9f77b15
0x9b722d26323b2fb378f80b813814c6cc6827de5c,0x612e2daddc89d91409e40f946f9f7cfe422e777e,1,0x080ae7bd16c7e8d77f2f6a6cc3eb5ab3cb6dfe22
0xf66a13e61a17cb409c8955cdcb57c5a556f082a6,0x000000f20032b9e171844b00ea507e11960bd94a,1,0x0d1da49ac060ffd210a862dc2dfb9954e66dfec9
0xb4e0989e92d67d57763c1cebbd99f130a461686b,0x6b35a04fdc272e69a057ca9213a700cb9ea8413f,0,0x6b35a04fdc272e69a057ca9213a700cb9ea8413f
0x892e483516616f61ec161c8350a120fe3c9bfff9,0x000000f20032b9e171844b00ea507e11960bd94a,1,0xfa0763ca96b8d2abc75088c54e2a9a0f8f293b96
0x6ebd9a839a2b693243242997090d4d0ba2348e93,0x9521b2eacaaa577bdcdaaa983271d74b901ba44f,0,0x9521b2eacaaa577bdcdaaa983271d74b901ba44f
0x5490e09876193e10f8acac2fc8f9efd01ed01bc0,0xe6c9290ffdaada1a71a79234f2e2a5af5ec6d54a,0,0xe6c9290ffdaada1a71a79234f2e2a5af5ec6d54a
0x062249f98c5e2544a48754d712955e1c7259b9cb,0x612e2daddc89d91409e40f946f9f7cfe422e777e,1,0x7b913dc0442cbf02c4de8f04e52fdb2cdd88b793
0xb3fbe0ca9b44c1838cd9ed9546938c4d8b024a20,0x612e2daddc89d91409e40f946f9f7cfe422e777e,1,0x4ea033bd2b7caa2ea03cb5b87e98bc5a339f302a
0xc7dfc614ab56b2138667a27dda28b0f02a746ec7,0x04d0d24c72f9a95026a37389eea64d2df1f2239b,0,0x04d0d24c72f9a95026a37389eea64d2df1f2239b
0x42ca684245652ed82fab55afeec134e71372a8a7,0x000000f20032b9e171844b00ea507e11960bd94a,1,0x99b7d034c3e329dd9ccd53448882afc0079775a8
0x14255fa0471f66a87feb2de809f1dac79f7d161f,0x612e2daddc89d91409e40f946f9f7cfe422e777e,1,0x4cd62d55323c34a80e74af2abd404ded7a5eb113
0x490c8ae771a9b1bcc01a1889ec00bdb93cee59cf,0x612e2daddc89d91409e40f946f9f7cfe422e777e,1,0xc83e83677dd95618686ac9af2cd48972f1b72c22
0xdc871f58c295fa7087efcfbe85cf516ccc41a381,0x000000008924d42d98026c656545c3c1fb3ad31c,1,0x2774701a0ca61def6a5ecffecd75820a728f74d7
0xf5cf42986fb5b810adbdf2bb895ff243c853ebc0,0x000000008924d42d98026c656545c3c1fb3ad31c,1,0x9ab486d599873c6c316bc14c829c701dbe2444d8
0xef437399eb9b4d6d5f8c5b18a56bf444201a66ec,0x000000008924d42d98026c656545c3c1fb3ad31c,1,0xd875beec5f84961bfeb59159b0b9376e61fccc45
0x8a07a1de6c9ccd3ab5af5ad775ae74abb8a48710,0x8e8772e32f700c623fed03ce29e2de47073db972,0,0x8e8772e32f700c623fed03ce29e2de47073db972
0xb39ad6bc1c9c57981ebe86b5a60f89efc047f7c7,0x1ed826b8d24570db1a991c3e170177dcd1459a2d,1,0xe4c2fd04ba9715a32374f47ace73879249c3b285
0xc5f10b80bec9882ea71ce9e1e642307645826e6a,0x000000f20032b9e171844b00ea507e11960bd94a,1,0x066e3f8120a880a1fe2d8360d311ec2fe0838c07
0x95009e913244af1d80f23561d6e8e7348331ab77,0x02e264b2d83c61c3983513d57eaaf6ed32918a7b,0,0x02e264b2d83c61c3983513d57eaaf6ed32918a7b
0x2dd1bc84fb374a714c94b582dc9c70369cfddbce,0x000000f20032b9e171844b00ea507e11960bd94a,1,0x6e0ed94a8108133c4085673f020dfb5d708f6b89
0xd0066bcc00b1b698d8084618505416c67a45bd59,0x612e2daddc89d91409e40f946f9f7cfe422e777e,1,0x624ac37dc2627454024b00f12d2538d6b837eef6
0x741512954cb6f8e5d3cd9321c07462b05b7cc8d5,0xbe0eda9add44c365231007e8c720e168e5bee33e,0,0xbe0eda9add44c365231007e8c720e168e5bee33e
0x8caae73a009aa4248439534d0038c476daa35fcd,0x5ed61dad8db52645d6bebc0fd1ede1269e85f053,0,0x5ed61dad8db52645d6bebc0fd1ede1269e85f053
0x68b9c676b21e24b7bda336fc048021339bbb3382,0x01c6117707847f28eccb0547a2e4e7c4e3df3704,0,0x01c6117707847f28eccb0547a2e4e7c4e3df3704
0x7561deaf4ecf96dc9f0d50b4136046979acdad3e,0x627282925bc2bafc5e58d07adefd02306f3e7ca0,0,0x627282925bc2bafc5e58d07adefd02306f3e7ca0
0x5848ff42a72a93cd9c9f8b3d0475d4c67dda304b,0x3b612a5b49e025a6e4ba4ee4fb1ef46d13588059,1,0xb7beefc7f77f2ab324f6d3f4ee238850cdf76baa
0xd06479e428398b3a50db5d1468180729510636ef,0x000000f20032b9e171844b00ea507e11960bd94a,1,0x6de6341917830e9127aaf2d783ddfbba16486b06
0x7462bf5a4d72fc2c7006a60b3adeeae9dc5d4d6a,0x000000008924d42d98026c656545c3c1fb3ad31c,1,0xe93a35894541fd9a4ad1ff317cfaef6d269242d7
0x000000002c93cad6f9cfd00c603aef62458d8a48,0x2eb240175557a2e795abd424eb481d282317b102,0,0x2eb240175557a2e795abd424eb481d282317b102
0x98d940779959984c8a6c56d0a530035195e9c224,0x76f948e5f13b9a84a81e5681df8682bbf524805e,1,0xed96ed4523404642325dccf84b583c2ddea26a0e
0xeea280a48992cc592a5044059b21ad0509e014c4,0x000000f20032b9e171844b00ea507e11960bd94a,1,0x432c3efe9ae4983e706d587a882be4b80144b346
0x008ccbab6a75982bf29095765dc0f2f6959e5d16,0x612e2daddc89d91409e40f946f9f7cfe422e777e,1,0x08aed5ebc620f0e9bebb3411b7a2986ec67873d8
0xfea01381174bbf2f88b29c2d038836df9ac203ef,0x000000f20032b9e171844b00ea507e11960bd94a,1,0x8f818a4c4fd89bd2f5353620f585beeeab7a9b16
0xe3ce3916c95b6f2a23a0601426b2c47b960100d8,0x84ae050b4861c59f25be37352a66a3f1e0328aaf,1,0xfe43623d06853d86d192cefa6ec873c39316e6b8
0x24251efc8c1c4b8515a9585dce9078c71ffa3b7b,0x612e2daddc89d91409e40f946f9f7cfe422e777e,1,0xce1dd76ce2536286510dbae5d1209e932b2429de
0x298d9c4da53813319ce4545726e573cc1c257a0e,0x76f948e5f13b9a84a81e5681df8682bbf524805e,1,0x10498372c8c183d6de6d1ec53b5921de258de2f8
0x995d2baa56ef7c8574c07e3e4595ec715ffa4cfc,0xe39197038be39299c25804f3e8a20425db8d11d2,0,0xe39197038be39299c25804f3e8a20425db8d11d2
0x014941db96f71a58f4064c47d217a957746797ca,0x45d2143fa297c5e7f21956b88e6ecbf000f1a44d,0,0x45d2143fa297c5e7f21956b88e6ecbf000f1a44d
0xdcf3d6e3cd5e4ff7082bb1aace6808042af7a2bc,0xf44bc45368fb7f6ffc74c5545326aa0f068b6d4c,1,0x1a427d8717c16788a8a4a265804f489b9ab1e798
0x1bc73de92c508af8e28f91af363b08423e37585c,0x612e2daddc89d91409e40f946f9f7cfe422e777e,1,0x62b30563f868d52d87ea2134162241eebc50c7d6
0x0ffc9a5e63fcc908b3b090255d422fb8dc8a6b41,0x142381d32451f24b02809503e7b39be1769d17da,0,0x142381d32451f24b02809503e7b39be1769d17da
0x7fe34448308804e7675648c26114271f05836ea5,0xa0be4237a4753dc511c9e6037d1301c5fafb4053,0,0xa0be4237a4753dc511c9e6037d1301c5fafb4053
0x27e288ae0a4e296a5cea4a7367175f9f1ee3793f,0x000000f20032b9e171844b00ea507e11960bd94a,1,0x02a1d898a52dda056a264f0ad89de6afb17f9d1c
0x716e91f9488a7cf1b96aaf43dc0d2b8f59dec202,0x34306087744c9d321688d84799ee0a715f41abf6,0,0x34306087744c9d321688d84799ee0a715f41abf6
0x0d6747c29277d7cc54da779796d1b00de003f33c,0x612e2daddc89d91409e40f946f9f7cfe422e777e,1,0xaba9a575814c1ba3cc86d5c68bd2ccdbd47260f3
0x6f7142f40e1a2f911712cd88e2595606f0807598,0x000000f20032b9e171844b00ea507e11960bd94a,1,0x339f221b9741ed8af8b4d37c6ea72318921a3e93
0x2cb58c7dcefaebbf10930ad01b9e50b0451a1178,0x000000f20032b9e171844b00ea507e11960bd94a,1,0x82752cdbdc6311b56b2e645f2103edaa059efd9f
0x3878ea72d40a6f1513069c5cfdb5fb587849470a,0x612e2daddc89d91409e40f946f9f7cfe422e777e,1,0x0e333b1d9dc1cf829556cc4ec4d71fc5894a3396
0x71655c5002497283e222ca7230617b21acbbfc8e,0xb02538b3ef79371bfddd4578ad62f64fcb3bde76,0,0xb02538b3ef79371bfddd4578ad62f64fcb3bde76
0xa25f5083abfb4e545cc2af30264af7e55c96db7b,0x000000008924d42d98026c656545c3c1fb3ad31c,1,0x65d472172e4933aa4ddb995cf4ca8bef72a46576
0x23708fc89e0a83749829ccbd48a5052932a77409,0x000000f20032b9e171844b00ea507e11960bd94a,1,0x240b6283e08973a01b3823c59095365b19c25c60
0x2b724c9677846fadbe074d9fa12909fca2725d7c,0x612e2daddc89d91409e40f946f9f7cfe422e777e,1,0xd72166111abc841ca922755e730244ea8ade27a2
0xe5f24def93e8f8418b9e2ae9420a0db74fbe148c,0x612e2daddc89d91409e40f946f9f7cfe422e777e,1,0xe88e46a21e375e296898d4356fa76f9686d7a5eb
0x8873db54fb620dabf91a56fe91b4b529315aa4cd,0x612e2daddc89d91409e40f946f9f7cfe422e777e,1,0x740cf202c71bfc4da5cb8372e79ad88214df1a05
0xe0de33f530719a596bf6bce78195c252e7d282c9,0x000000008924d42d98026c656545c3c1fb3ad31c,1,0xedbc6567c6fa0715d68d78962aa045c17b12fc59
0x7befb359416645a7cfea495e5acccd1e9aa3d88b,0x000000f20032b9e171844b00ea507e11960bd94a,1,0x86d0572ef4a14495e679faa83157e013bdfc5cc5
0xe225b9aeae21ecd998064d1bef29104a702e887b,0xedc31c4e8962e15ba8fbf574a1c9242ce10741e1,1,0xfbc3b76a206f03f1edbf411f280444cd3fd9c7c8
0xceaa4b36590cbdc07b099a3241793f7f53a05c37,0x3b612a5b49e025a6e4ba4ee4fb1ef46d13588059,1,0x08e17931bc15ad5177b609e3ab112122515ab43d
0x0e9649a9bb688c76b87d7db459ed05d6bbe6f9b1,0x3b612a5b49e025a6e4ba4ee4fb1ef46d13588059,1,0x98175fcafcbd021769431b29bcc8fa7d7408e5fa
0x34005fe21784d349cca76487a6bed6bc878eaf20,0x2c325156416cc7b701151dafb6d4c0bdf0d398f0,1,0x4f9b8a31c0986fa44cd386b1610f54a56ec8dc70
0x309ec43ee05f6bf9d72028e890a2b34148245d20,0x3b612a5b49e025a6e4ba4ee4fb1ef46d13588059,1,0x1edb919c50787b638888175c92ec85dd73d3d261
0x81670ff57df2c070bd4a5643e8c19ad09ac5c57b,0x3b0c7fb36ccf7bb203e5126b2192371af91831bf,0,0x3b0c7fb36ccf7bb203e5126b2192371af91831bf
0xc29c38d309d72aec5489b1c98b4e5ca34cf8dc9e,0xcdb8446b0346ef1245d5f5224b334d2959d53ed9,0,0xcdb8446b0346ef1245d5f5224b334d2959d53ed9
0x8e23082ba7d0242085cb25f03fa976a0447f27e7,0x627137fc6cfa3fbfa0ed936fb4b5d66fb383dbe8,0,0x627137fc6cfa3fbfa0ed936fb4b5d66fb383dbe8
0xbb5fd9e0c9b2c9a66d71844397b7c08d9a4bb592,0x612e2daddc89d91409e40f946f9f7cfe422e777e,1,0x5adb20ffa14bd285bd278fbf85ac8f2f3e90330b
0x861d14e015800721226c2dead5230f58df8dc13f,0x895685410157fd1826bb4322ea7d9720fa0d0a7c,0,0x895685410157fd1826bb4322ea7d9720fa0d0a7c
0xdc08aa5d94ac05f73ddb1f29a13c1b6e9c384980,0x78d8b235bc4c2853f0313dc74a26e2306fb723f2,0,0x78d8b235bc4c2853f0313dc74a26e2306fb723f2
0xb363560474c57649b52858af907752bcd8eb3207,0x7437d4f07fc6627ba32301db10480e75d66685ad,0,0x7437d4f07fc6627ba32301db10480e75d66685ad
0x1f969ee510c82a2f73a01d294d2a9723449b3aa2,0x32aaeee01a1bd496c57fc448947ad8136c6f4565,0,0x32aaeee01a1bd496c57fc448947ad8136c6f4565
0xfb40afd6b7cb87922e4fd828771c62421447e1d5,0xe6269ff5e6202a099206b68a5e90a4b9c08ea08f,0,0xe6269ff5e6202a099206b68a5e90a4b9c08ea08f
0x7c8e7e036808da2347f3a804ab3e118530408cd1,0x924baf1e2bbc58e9cfe333d4c7074886a6af1afe,0,0x924baf1e2bbc58e9cfe333d4c7074886a6af1afe
0x9740af308b5b0821280761f16876ec440b93ef02,0x2e499fdb9dc3145d69d666c84f95bd488ba47db9,0,0x2e499fdb9dc3145d69d666c84f95bd488ba47db9
0x82dcc794ff38fe8011b80ad100104827abe8ed89,0xe4cf86f7adbac98fab983f35fcd3c71e3e3c2720,0,0xe4cf86f7adbac98fab983f35fcd3c71e3e3c2720
0x819830202e38fb16ad317ad1644dbf7559123f27,0x43bc75335f986c5ebb0641e69122f50f2a2794f3,0,0x43bc75335f986c5ebb0641e69122f50f2a2794f3
0x4513d68783c56d0e53b63d41dbfab94ce736a052,0x17d68761a8e62e7acc067bc06cf7f4dd9c437220,0,0x17d68761a8e62e7acc067bc06cf7f4dd9c437220
0x6b0ef0ff629f9d781e1960e955ae62814589df84,0x673460953de8a52d1ccae3c7e31fd445da99928e,0,0x673460953de8a52d1ccae3c7e31fd445da99928e
0xc88dab063cd75c2b65d49728f82cda1b8891fa54,0xe9b5a2529ad21454cb5e4d172dcb4bc501789463,0,0xe9b5a2529ad21454cb5e4d172dcb4bc501789463
0xcad6beb202cc1185b6719112cb988e7447920762,0x5f9b3cb6ff69d0c60661732e94c7d0bc9e1ace4d,0,0x5f9b3cb6ff69d0c60661732e94c7d0bc9e1ace4d
0xe0923a78b038fbcba37ce5c27a2b9efcbc231f3d,0x1a49096ba1a258b51f7e60c703dcf799f0959cf8,0,0x1a49096ba1a258b51f7e60c703dcf799f0959cf8
0x2a23e27f7c601d185fef0c430490373d16580199,0xf74b146ce44cc162b601dec3be331784db111dc1,1,0xa369fe83bf4e0f7565f93bebc91e7f035aed55e9
0xe5c867c71290aca048707d3e448911af1f710eb1,0x98f05cf45971bddad04f047213dbe63340b795cf,0,0x98f05cf45971bddad04f047213dbe63340b795cf
0x852ab534c93bb308553bc5e960ea8916a89a9955,0x932bdf92379f08a8c3e8467706b419a168473569,0,0x932bdf92379f08a8c3e8467706b419a168473569
0xe5421f867956f8dbc56740fc865fe7b7def48c76,0x507916179fcb268f106ef92ca227a3e0e8dea52c,0,0x507916179fcb268f106ef92ca227a3e0e8dea52c
0x05d722df9d7c6114ad2876c6e2a359ae3b98340d,0x612e2daddc89d91409e40f946f9f7cfe422e777e,1,0x5e47eb7db9cd36e515d4f4acc2be81fc2c2d7a52
0xfd5ee1e99b43890171ca7a992409e2bd25d4cfb6,0x8075746d700f4954ca7e0952c49729d1a1d44243,0,0x8075746d700f4954ca7e0952c49729d1a1d44243
0xcbb1ebb8c24d1670a91271cfb12347d461a81cb7,0x000000008924d42d98026c656545c3c1fb3ad31c,1,0x4f30a2c1192f54ea8d8b6fe9ee382945f45abe2a
0x6cf0795eb77b15ba9e53443d51b2d7f8ce373f0f,0x612e2daddc89d91409e40f946f9f7cfe422e777e,1,0x61f98e7e7a6953d6a4c9841101097f76bb451031
0xf3ea924cf0ceb3cae6d90873328a7d3d5d28399b,0x612e2daddc89d91409e40f946f9f7cfe422e777e,1,0x79fcf0996fd0124a25ad8806aeab6f24f2ddc1b7
0x53a606518c59507b4d5e2f265b751ba6b94693ae,0x612e2daddc89d91409e40f946f9f7cfe422e777e,1,0x3a286f6b3d2aa13bee9b386caa2a0c8b7faaa328
0x937fe6f6878ad4e5de144fd70a3a43258439ed71,0x612e2daddc89d91409e40f946f9f7cfe422e777e,1,0xf791813f5098d8d9ae85383ad5e18849ee32ae04
0x2df1f2c23226d1c0d6f5f153634b64e2a7d1de22,0xe406b5c003898d0b9e7c42d44cb795cc55659dff,0,0xe406b5c003898d0b9e7c42d44cb795cc55659dff
0x9ab17b9f1b4b5dbca528b0602efc9d58ae196265,0x9114a618632d35ffeb2267d9623ca7e84fe0e296,0,0x9114a618632d35ffeb2267d9623ca7e84fe0e296
0xc5830458f0384397f084e1ae4509b14868b875ee,0x449297e9d6e94175b6a40fd20f99bb66c8bc868a,0,0x449297e9d6e94175b6a40fd20f99bb66c8bc868a
0xd9fc2823c85419058586b4294be388207e302cd7,0x612e2daddc89d91409e40f946f9f7cfe422e777e,1,0xa7625e30eb5356a0b777e9617b55a92dddff2975
0x28e600f0b29277b83166fe5314faa7d663c1765d,0xb4ea9a0c1edd5c41585cd3715a1269b9dd3105a5,1,0xa57fb5a5ad51beb3854d801ea3ad6ac2845cd082
0xe5bf42892f2e940244caf2efe7c1adab4e802ede,0x000000f20032b9e171844b00ea507e11960bd94a,1,0x4fe82f9a122a8542a678ad5026e17cd4e889bce1
0x1e75d211716c9fe6f935a30946f7d477af0d3891,0x612e2daddc89d91409e40f946f9f7cfe422e777e,1,0xb9a45d38330051a4b63ea7801a0d932deb83033a
0x840c326d4e18cc5969fe20335dca0401078340fc,0x7354936bc7a72c8baf5a2f9262e70a52c427be4a,1,0xf065f2a89683dd8cd76ab15c686a781f0b351eab
0x417ce63c63df3343642a67c3818380f382bb103d,0xb2019531de3bfda451668acfe40fb3aee59975b5,1,0x9478ab97a9228580380358c628d6d1efb3139f11
0xda39c7dce54956d5d152650119c87dbc4fbb6dba,0x8890d99c14de5e936275cc62178ca50a88889ff4,0,0x8890d99c14de5e936275cc62178ca50a88889ff4
0xa10738013d3e982d66d01478b3e026f453147d41,0x612e2daddc89d91409e40f946f9f7cfe422e777e,1,0x86903197eb2bfee8ba8985af1326a9cdde98196c
0x9311fa33b78f3d14d32517061aacd7f7fcb8d91f,0x612e2daddc89d91409e40f946f9f7cfe422e777e,1,0xfe616cff41d3c885a8655f0b07d2c429fa491a67
0x8eb304eff6b2bea06c32f3220fe23149c78928b2,0x909a38c647ed34033905b12f70e231dd5692127e,1,0xbf82f1237191b3930dd3dc07de8309f916e48b2a
0x6b02ab0b28a6cdcf8bf635b1e798e55a4acd72eb,0x12458f85a2f5edba82d9c4abe66db3c6803443a9,0,0x12458f85a2f5edba82d9c4abe66db3c6803443a9
0x9b2ed00752b5ed0416884b11bb856c7248f08dd5,0x8c3605004f26b38f3719fab423ab17c4599a43bb,1,0x909e36b512ed45250fdff513523119d825647695
0x11444dfcd45c4ff6340a0436d8a17b8623bb373e,0x612e2daddc89d91409e40f946f9f7cfe422e777e,1,0x1f7df402de23b87499a6272c44344a5ac265f270
0x7ba6ad5108746f3a488b2cee063d7f930a762e8c,0x12458f85a2f5edba82d9c4abe66db3c6803443a9,0,0x12458f85a2f5edba82d9c4abe66db3c6803443a9
0xf5fc4c31717d326af2b43183712bd4d6a2847997,0x000000f20032b9e171844b00ea507e11960bd94a,1,0xaab64dd6418f188dfe76f1f7952d273430fc3db7
0xf01b34d9418874258b35b0507ab53ed971cbb8d3,0x7354936bc7a72c8baf5a2f9262e70a52c427be4a,1,0xe5e98df807c3c4f8e57eeeed0968895b2ea5fefb
0xa926f30b8901d8399516dbdbd39c72478dbcfadb,0x000000f20032b9e171844b00ea507e11960bd94a,1,0xa83f0668fcbd7d08481ae55330345e95aeb09711
0x2090934ca25f4fd5c2da9bcb3a2c420ad8cc6fd2,0xa093ba7da11f4cace5fbdc8fcc60fcc11f2a3771,0,0xa093ba7da11f4cace5fbdc8fcc60fcc11f2a3771
0x5078cc2b15765fb6101458112c171e389e11e6ae,0x802a04134c0a312b199105ecbb06140bb92ae3c0,0,0x802a04134c0a312b199105ecbb06140bb92ae3c0
0xb10a76594008b2e4d86ec6452a9c2f11f9e767e5,0x000000f20032b9e171844b00ea507e11960bd94a,1,0x228b8b3a8b34efa3c7a86ca1ae3903910cdc2411
0x36b609354dc8f90814d940ef9c683c6d634e0ed0,0x8fa18bcffc01366a0e29b99cf1c372f86e61ffcb,0,0x8fa18bcffc01366a0e29b99cf1c372f86e61ffcb
0xc9e47e1aa864e8d33e6a444dd2c741aa476a3342,0xc34d4eb00a1e24c343746407c3af55a1121cc838,0,0xc34d4eb00a1e24c343746407c3af55a1121cc838
0xa8dcc2dadd71b78a0bb9ee1abe60048401ad164b,0x000000f20032b9e171844b00ea507e11960bd94a,1,0x67ed05d3f9ae45b9055c1878c015063476a46c32
0x48c07d16e933a1b2ca2fbe7dce204dc1592994f2,0x000000f20032b9e171844b00ea507e11960bd94a,1,0x73b4437a4b3e43de673836107437e4f092a363e0
0x88cc0036cd2f4d4fa4ee76308769554d2c6ac212,0xad119a5520aab0664859a847b8117da7aea55948,0,0xad119a5520aab0664859a847b8117da7aea55948
0xbcbeae3620b3280df67143ad7ec45d67c5a4355e,0x70e833e78d70fe7d8edee4b6a4a229fc437827b4,0,0x70e833e78d70fe7d8edee4b6a4a229fc437827b4
0x0bc2a24ce568dad89691116d5b34deb6c203f342,0x43c4d51de4b7bf046d92c324678a1a3969703632,0,0x43c4d51de4b7bf046d92c324678a1a3969703632
0xda9192156348469be41fdcf140242b56abb658da,0x8ce9f7b042fce1971b73240d16849a684a2657d5,0,0x8ce9f7b042fce1971b73240d16849a684a2657d5
0xec7f8a34b97ac65caad3841659f2cd54285a3950,0x77773f1e2ca26c2bd69e06e65d51800fbef1b468,0,0x77773f1e2ca26c2bd69e06e65d51800fbef1b468
0x85ddcf16a34f4d5106b28e468d66659a23d2803c,0x3b612a5b49e025a6e4ba4ee4fb1ef46d13588059,1,0x60ded964eacf12818b6896076375fe4c9e78e65d
0x8d1941515900c8966fedcf8348074be35a23eb6b,0x5a8116f07937394e6ac2a51995ab6a054c08bf9e,0,0x5a8116f07937394e6ac2a51995ab6a054c08bf9e
0x2c8a25a434d5fbb59132bc6b465d03baad0d2082,0x9e03bbd9a0084d0925b0da7cf69cbe9df80854be,0,0x9e03bbd9a0084d0925b0da7cf69cbe9df80854be
0x785c9e48b8ff3f75d970932b89a16fba723a1195,0xd310a3041dfcf14def5ccbc508668974b5da7174,1,0xdb9abf2c87619e401867194927fd08728fdff95c
0x2e8ea2bc6034eef2ee4c9ffc6dec46d2cd365990,0xc852ac7aae4b0f0a0deb9e8a391eba2047d80026,1,0x238b649e62a0c383b54060b1625516b489183843
0xc7ad37edae28d8cd04bbe4a6ecf072314faed1be,0x66fe99cfbac12f974eac44aeb26c549d823d1946,0,0x66fe99cfbac12f974eac44aeb26c549d823d1946
0x77e359edc4cb7f6ebd0017f6341312ef7f286ee6,0x3b612a5b49e025a6e4ba4ee4fb1ef46d13588059,1,0x4eb8a34d631cbf724a48d5701b57bad24c1e4779
0x517dc7ed61c222fc48f54440f08dac533fc7d9af,0xe6041f50a9544cdf7dd32464870965c417ee129b,0,0xe6041f50a9544cdf7dd32464870965c417ee129b
0xd6360803001870648e325f179b0dd171a4618862,0x3b612a5b49e025a6e4ba4ee4fb1ef46d13588059,1,0xe6d0fbe15b81ffe4c6236fc846fdcb8b891af29e
0x44541d1ff5e8a1ed22566df771995fff9139f122,0xc6b0562605d35ee710138402b878ffe6f2e23807,0,0xc6b0562605d35ee710138402b878ffe6f2e23807
0x7a660b5689e358b7c94aa6649c3c386827659a01,0x3b612a5b49e025a6e4ba4ee4fb1ef46d13588059,1,0xdea5fb39405bbdd0e3f78075492df5839f9d4908
0xc49b65e5a350292afda1f239ebefe562668717c2,0x48ddae8eb7fdcfc65c21ac76dd4db8b60ca0de78,0,0x48ddae8eb7fdcfc65c21ac76dd4db8b60ca0de78
0x4db8c5a48b34fd1117a4b746ec2c7537b36b16e7,0xb14289984581c3d8cdc24663f5d0d6035eed642c,0,0xb14289984581c3d8cdc24663f5d0d6035eed642c
0x3337dac9f251d4e403d6030e18e3cfb6a2cb1333,0x39b7a2435aea84844ad357faf0e7208d3e7a9430,0,0x39b7a2435aea84844ad357faf0e7208d3e7a9430
0x6aa562926c0a9c9ad790f05432d2c508a90854ef,0x612e2daddc89d91409e40f946f9f7cfe422e777e,1,0x35f9aaa37c8129d7f4c3980f2bb6099c3c2089de
0xa3d81d0eb4a2503e7e8470f92adb85281727f67f,0x612e2daddc89d91409e40f946f9f7cfe422e777e,1,0x1cccc5344c56bbcea9fe5c8c4b4a98dbdaa9979d
0x8406f8bbf1c44d0f5159af004877c42fadef73e4,0x000000002c93cad6f9cfd00c603aef62458d8a48,1,0xb0dd496ffffa300df1eff42702066aca81834404
0xb1acfb01cda523337be7bc0353e5f3274281288a,0x677023e8c1224ea0133f6a1b3bd91c6052b17939,0,0x677023e8c1224ea0133f6a1b3bd91c6052b17939
0xa794d95735de1c3f8a845d59da87f8f3af67648c,0x612e2daddc89d91409e40f946f9f7cfe422e777e,1,0xea43d1072b27081778dd1fd415391c51357150be
0x052802924996f96d06d1a16a5335aa48da404ff5,0x6b2af62e0bb72761241f35d6796b64b98fe1bd1c,0,0x6b2af62e0bb72761241f35d6796b64b98fe1bd1c
0x9aeae5a643a6a219d1030993726e8bdc147cc1ae,0x15ad10742247ffe372d22194915bb3b3afc8a8b7,0,0x15ad10742247ffe372d22194915bb3b3afc8a8b7
0x81e3ad60181a2caa7359818e709d44b3933c32f1,0xf1d0c43d301d4d0fa1fc1a57ade0d2fe9ca853f6,1,0xa3e51498579db0f7bb1ec9e3093b2f44158e25a5
0x77ed176254e584e07d3223c5372f53a2647798e4,0x442295de8a31d65026dbc09c29d469f6854f188a,1,0x2f55e30c6f510d897c27a6e2d4c4e17f189996d5
0x90cbc8e533d7551dee53677d2bcec117345a975b,0x99a1ade2e2444721bb99bc3f63a120e3daf1bad3,1,0xd1084ab76c112621bfe1b06d687e56a1106855ca
0x6b977fd71e1a25cd756d23175c57c612113914d6,0x946560908dd2b657f051da3d82db024aa811f449,0,0x946560908dd2b657f051da3d82db024aa811f449
0xa3bc88e44552ce76e37bbf022c1ce993ef188e45,0x50852d4701f25d75697b38213dd198993e6e9db7,0,0x50852d4701f25d75697b38213dd198993e6e9db7
0xe801d518c1f6e77333b5c6de1ed0ea348ebd53f8,0x000000f20032b9e171844b00ea507e11960bd94a,1,0x84a1692d410321f2f657b47f127a44f829f53de6
0x5e8f7ae3ef789dc4cb0370954ed1363a60aa349f,0x1ed826b8d24570db1a991c3e170177dcd1459a2d,1,0x412b654803585c52024a3ea92d8e3b6f9bbe1bd6
0x52e7f58ac6a8c8286de57b2cc66f24eb139554a4,0x2b195ff2dfcccbc7962a871cde6e45c078b1d7cf,0,0x2b195ff2dfcccbc7962a871cde6e45c078b1d7cf
0x0258431096a343560ba70c0c81ecd6817d07d8ad,0x7354936bc7a72c8baf5a2f9262e70a52c427be4a,1,0x6648f8dd041ed689de7bf501efb3b827cf15b1f3
0x84afc2ce2a085bfeac4e420dea5dda8e35cabd49,0x000000f20032b9e171844b00ea507e11960bd94a,1,0xcd5721377132be4b3089f9c79a5c239823489d23
0x1ef91db86c8bd295e5801c56a78aa1972f54d54e,0x000000f20032b9e171844b00ea507e11960bd94a,1,0xda21277fa427cca11336028349e845a334a5ad03
0xacce75eceeacbcfc6ecb284c3f72d13068c7a51e,0x612e2daddc89d91409e40f946f9f7cfe422e777e,1,0x23ab8cc9b8cdc2c9830dbeddd1c59d32014a41a2
0x637e12c0d72c798c1fca8c4d0845c46efabdb9cc,0x2c325156416cc7b701151dafb6d4c0bdf0d398f0,1,0xcc46f3c48c1f66f6b2d0710385618da93e4cc6c7
0x9f87b1b1975d8ad467ec25a59e6040675935912f,0x000000f20032b9e171844b00ea507e11960bd94a,1,0xb90b27dc2b9bb943da3ccca4387822a20d7c0def
0x2cf41ec80f39f8b3cd691b39377f77e9af0ecbf5,0x612e2daddc89d91409e40f946f9f7cfe422e777e,1,0x1d56c693d167b29259a3de0e9601837ffe359551
0x7e67b2cc9e9658c6e51bde6b6f5d6d424d114d0d,0x000000f20032b9e171844b00ea507e11960bd94a,1,0x75c7680cf80ceeaf03d9db50353b4ddb4c934e2b
0xd2e3aee79f094c3b9b03ba7454d07760c6a40af8,0x3b22a27c1ba4496190b089300ee69e68c5217426,0,0x3b22a27c1ba4496190b089300ee69e68c5217426
0xb836d6f985d67ed25a2ebda9353ee0e69b6e9460,0x612e2daddc89d91409e40f946f9f7cfe422e777e,1,0x7cb8c06443aded7a0e51ff66efb2421d3b025465
0x79effa8080446fc2fc0cc2dd2f551502172fcad9,0x76f948e5f13b9a84a81e5681df8682bbf524805e,1,0x9879c97a8b40f0bd792ec0830f5a4225f2c49c1a
0x9a57c48ef7d6bd49b70d104538c35fff75f51130,0x594947b549346fac66366bdb550f9c84023c26b3,1,0x90b53d67250c45973e81a6f832d6c4496108ac39
0x89f3c88989f4d270d27b4797871136519306ac3f,0x612e2daddc89d91409e40f946f9f7cfe422e777e,1,0x33c672245141b6704bc01b780eef790a0e92a148
0xe0553b4b434df76b201e745711e38315bfd9466f,0x612e2daddc89d91409e40f946f9f7cfe422e777e,1,0x1246708d54efcb167ad3309d83b0491b58c534bf
0xbd9c0b79563bf4b97d847b1b1998c85805d46c64,0x000000f20032b9e171844b00ea507e11960bd94a,1,0xca4e266795ace8a7315428771e45fbdedf440c3e
0x42722af8e424c58a4b1014535207f3da8357cde3,0x76f948e5f13b9a84a81e5681df8682bbf524805e,1,0xfefd2da18337c4aac290d96a43652b9029d06099
0xcfdea60a8ab73c61b90e4db3286078c8e5029494,0xa9afad34421a12341148abfc6a4aa7f836522697,0,0xa9afad34421a12341148abfc6a4aa7f836522697
0xbbcfcc50a2885495ab789e06bab7d8f85d2f73ce,0xa88e4a192f3ff5e46dcc96efefb38dfec7bb250c,0,0xa88e4a192f3ff5e46dcc96efefb38dfec7bb250c
0x5d391a48f10a79518139dabceeda1edf6ffe03bb,0x000000f20032b9e171844b00ea507e11960bd94a,1,0x775f8eb3810691dae02c028a2ef3a7ec3acffeba
0x5d190e9759152738d59b34e4283489cde998df42,0x000000f20032b9e171844b00ea507e11960bd94a,1,0xe0df160e6ade069edbd3a920f84f17c50e4c42dd
0x5a0586079c9f83e34fe8dcb1d4b2e66dad7162df,0x791aa8ce5daa1f756446a8e3732598d8aa090391,0,0x791aa8ce5daa1f756446a8e3732598d8aa090391
0x656027bdbcd9eabbb167803c5d232de1faa4899e,0x3a3da350fd33a1854beaeab086261c848526811b,0,0x3a3da350fd33a1854beaeab086261c848526811b
0xeaa056058cf91876b55ad617baab80bb73d8d8fe,0xa49c0d9a786e659a0557281b4fa72cf8cf08f6cf,1,0xfbc3b76a206f03f1edbf411f280444cd3fd9c7c8
0x5fb1b4162d5b625b714faf15f7ee1dae010de16b,0x3b612a5b49e025a6e4ba4ee4fb1ef46d13588059,1,0x28508cc91581aafc0b65e30cb2b356456eede54c
0xb830ee743088f89532de85c72bd7c3b2a0984db2,0x3b612a5b49e025a6e4ba4ee4fb1ef46d13588059,1,0x7dd46f5c08449e3dd090aef69990e4679b69a288
0xa698713a3bc386970cdc95a720b5754cc0f96931,0x03238279fa90dca3a02a65113f290cea01d48d87,0,0x03238279fa90dca3a02a65113f290cea01d48d87
0x3625246599f6a3c0d3a93035a30f90f69a66118d,0x82e9ce9fc589e117b51b83c464aa6a6d2ad0c40d,0,0x82e9ce9fc589e117b51b83c464aa6a6d2ad0c40d
0x0c43c96338d35dc8023c7ebf6cc165e4a66d96a0,0x61b262695b5637a5367a153ed4168d2689f41bbe,0,0x61b262695b5637a5367a153ed4168d2689f41bbe
0xd6c4cb5a3e040abc8be977dc10b658ec9072a1f4,0x6a6697f955a6b1171fc5da8bea8bf5753f69142c,0,0x6a6697f955a6b1171fc5da8bea8bf5753f69142c
0x3da5bfe858e91f956a4233c94a08950945f08c70,0x1e3a156bcbe980535d197bb11dad0af71712516f,0,0x1e3a156bcbe980535d197bb11dad0af71712516f
0x88b332f3a0083a5f9089fe72b3de6db134a45962,0xff8679a9507cffbfa1d7dc8afb849033106b304a,0,0xff8679a9507cffbfa1d7dc8afb849033106b304a
0x985e7c3f63d9b96ed6e16d175419265beb64ec8a,0x3b612a5b49e025a6e4ba4ee4fb1ef46d13588059,1,0x0208dab46d3df9dbb1fc331e85b5d890fd0bb350
0x03b92f9efea51c3e605b345fda37b944a8d60181,0x1c509144bcd137f09d5b2ca05a23b007bdc68346,0,0x1c509144bcd137f09d5b2ca05a23b007bdc68346
0x7eb72b7ec6961c0fad45ff174403a2b3dc5018f1,0xd744f84c4871045662a60141130fa3ed8e6bb795,0,0xd744f84c4871045662a60141130fa3ed8e6bb795
0xb7564c24e3123d87134cdd4e16e8653d363a9255,0x9a7a0670a66a6efe1a15b97f3dc0f8f47d7b11c3,0,0x9a7a0670a66a6efe1a15b97f3dc0f8f47d7b11c3
0xbea86c6f13ed6c909e1fb7afe6b919f6b0cf60d5,0xd49e55b8078dec84a3c0315fd76d89047768d0a3,0,0xd49e55b8078dec84a3c0315fd76d89047768d0a3
0x7c104b4db94494688027cced1e2ebfb89642c80f,0xd584fe736e5aad97c437c579e884d15b17a54a51,0,0xd584fe736e5aad97c437c579e884d15b17a54a51
0xa21787d80d548d56210cae8265dfa700a5abff79,0xaeb000b61e0dbb37db114636b957c13befd0df4d,0,0xaeb000b61e0dbb37db114636b957c13befd0df4d
0xb09fe4698046af00b0ffb55dadab9f041b3323aa,0x19b27469edba628c4c3e3221d3713d387b8589bc,0,0x19b27469edba628c4c3e3221d3713d387b8589bc
0x9c4128109fbb18c38ae63d4b2bf292270231a203,0x1dc4776f7c167292753f2ca634e1aa1072166ff2,0,0x1dc4776f7c167292753f2ca634e1aa1072166ff2
0x98a377ff7bb087f85ec8dacc649b003c849daa2f,0x612e2daddc89d91409e40f946f9f7cfe422e777e,1,0x50b3aee4aadaf115c4274bda7b788572d859a9b2
0x5e75a5339a1b6db56dffc84e583a664ae140481c,0x612e2daddc89d91409e40f946f9f7cfe422e777e,1,0xf1efdae403754486ad8613faa5b42b8bcb0bdf26
0x3e82fbe867eba0a6b7a4adbca9198f0c61cc227e,0xcfc2729173d1ef8d25050c76b84ec5af1fe7bd44,0,0xcfc2729173d1ef8d25050c76b84ec5af1fe7bd44
0x311bc9a53e5b2414086cac0f20649e7bd0b2659b,0xf49cc2079fa1280fbb535ac8f5ab31f12541e660,0,0xf49cc2079fa1280fbb535ac8f5ab31f12541e660
0x2b509aef0acf3a3db18e2897b8768b99ee3420a1,0x99f230a1a61044cf092d0c9cdea53b36f6a18904,0,0x99f230a1a61044cf092d0c9cdea53b36f6a18904
0x19339aa9813c6dea0d468c2aad0ac919222e6579,0xfb949be0be9b4e99e824b1f868e84891aee4ee6a,0,0xfb949be0be9b4e99e824b1f868e84891aee4ee6a
0xb87384260216ee7d6afa5aa1e6e8d066ab2f62f8,0xed9198181bbd4e09ff320fa11ae062e140be0c4e,0,0xed9198181bbd4e09ff320fa11ae062e140be0c4e
0x452b9268c0da689500cc06b8908183c845f3cde9,0x71a548c09c6d09df38811c6df025d281e878258b,0,0x71a548c09c6d09df38811c6df025d281e878258b
0xe77ad290adab2989a81ae62ab2467c01b45feeff,0x71a0496f59c0e2bb91e48bedd97dc233fe76319f,0,0x71a0496f59c0e2bb91e48bedd97dc233fe76319f
0x955a556b4edb6ce89a476c96030f892152717c3a,0x352bc0714883edaae33f279b1920c4aaa59c1f15,0,0x352bc0714883edaae33f279b1920c4aaa59c1f15
0x822d5fdee86a90487d0de393185d4d40c2f96c56,0x2df727da5b2071d16b94abc56666591c65bc73fb,0,0x2df727da5b2071d16b94abc56666591c65bc73fb
0xf9a3224c0d10b651f6a7829f498ac6efb437f8d7,0xc79ae910c3b0f7df9064103e74440bb32495f049,0,0xc79ae910c3b0f7df9064103e74440bb32495f049
0x4817903dab783678c688d2177c359b3a57d4cf38,0xa627979bdaa549f46b0e58bb123cac7a994b96e4,0,0xa627979bdaa549f46b0e58bb123cac7a994b96e4
0x7721dbbc5e48c7c2242c2b3a02fbe856bf97cacb,0x8e51fcdbc2bce3e6d33b036fce7da998469e0b66,0,0x8e51fcdbc2bce3e6d33b036fce7da998469e0b66
0x229e7e7be7540fcce69fa5b4106e539af17182d7,0x968b61557a99b23e62be4adb77d26d7f21a4cca5,0,0x968b61557a99b23e62be4adb77d26d7f21a4cca5
0xe072130efb5347e7fd5d0c8deb4fe6e6cb96febf,0x612e2daddc89d91409e40f946f9f7cfe422e777e,1,0x522d1cb57efc5f00eca49742f25df0392df863fd
0x659d9c4c146a652c6a8d3bd41f95ebc431e77533,0xaef3e8c8723d9c31863be8de54df2668ef7c4b89,1,0x3470151d1c87597623e53fae98e4bc585e6cc709
0x6f7fe413e871b80c5a12c180f5ab3964f82d5cdc,0x5ab1cbcff0ff369a459b4e60094a698cde8cbbbc,1,0xa649f70776d330c3813b746d34100a4c4b140222
0xf690ec7bada3a5c984a3fe5b6963b4cdabb1d577,0x52ba52306ad4bc10b317fcd8602a4a5e0f708646,1,0x0e0e34094e42f47fe25da3cc1b441faf15f8551a
0xd08f76ad2f9d70b6c371fc013c65c9c2155fa64e,0xc78b8e9f12edbc74a708f9b5a0472b33b3b286ce,0,0xc78b8e9f12edbc74a708f9b5a0472b33b3b286ce
0x541659ab9ec0c9976d07054c07f0584a5d966500,0x612e2daddc89d91409e40f946f9f7cfe422e777e,1,0x2e020274704c1d4205680a34ec9f20378435c032
0xbe960f4d36502de7490035531498490a087e7167,0x4031ceace65aeffcab4c19ecf789cd2145aa98f1,0,0x4031ceace65aeffcab4c19ecf789cd2145aa98f1
0xd982584feb91d60764d60220559a3009530a596f,0x612e2daddc89d91409e40f946f9f7cfe422e777e,1,0x96d028a1e8223f65f3fe1e54cdfcaa5e3513d5b9
0x818394a7a95eca060a21684683b61523a19e2d10,0xcdaad23297eb6cfca870363f45b7b5b7cf118af4,0,0xcdaad23297eb6cfca870363f45b7b5b7cf118af4
0x36179702b16935809037ffae4eef6b058af9b29a,0xd6105d257e070190eeca16d688852c071509833b,0,0xd6105d257e070190eeca16d688852c071509833b
0xf6811e8510b26621988348b04721709c1517b5ea,0x151e86b0f89ed7940231b6f198e1656664b8cfe9,0,0x151e86b0f89ed7940231b6f198e1656664b8cfe9
0x47415b501ad06041172d783d135371102d22e72c,0xf67a2461004dc385aecd8436ad1d80bdab2e3bfc,0,0xf67a2461004dc385aecd8436ad1d80bdab2e3bfc
0x601a44369c4e99e3327672a4939a0b1ae62d89ca,0x5f5e2a298fb88e514e8919edfd2a1b7486296f40,0,0x5f5e2a298fb88e514e8919edfd2a1b7486296f40
0x9ef297c039103301c6c2ee8a1fc7742cae5557ee,0x01c6117707847f28eccb0547a2e4e7c4e3df3704,0,0x01c6117707847f28eccb0547a2e4e7c4e3df3704
0x36f02268687003be37ba9beca92c6dfaea57de85,0x69555f04b515219dcfba177cf407be0bb82e9401,0,0x69555f04b515219dcfba177cf407be0bb82e9401
0x920fddb3f1dee538921f230ef80569c08fa0e5f9,0xc8e7a0bb9822748f63e04131b01dcc93766ed6b0,0,0xc8e7a0bb9822748f63e04131b01dcc93766ed6b0
0xb6120965288a97d639888760a15e1d4c7193df51,0x733cf2b788daf29b9095763c78bc0aa4147aceb7,1,0x8a146bc9308b58d5ad1ac5a03e8f5574a270fa8a
0x4f6ea1f526fe8f62b4addc9011c6b124bce41c2b,0x612e2daddc89d91409e40f946f9f7cfe422e777e,1,0x6c802912a21f3c0382d5286ef1e799fc4da3e7d7
0xe999795995ca2b0cd442eae7f3507c4a81081404,0x000000f20032b9e171844b00ea507e11960bd94a,1,0x2302622a9e02ccc5afd052a1c23fa929e103867c
0xc5e34a567159ffde756591cbe92d486a8e38c434,0x5dbc7b840baa9dabcbe9d2492e45d7244b54a2a0,1,0x83378eb64704e73a2e32152041c1b5717b1971bd
0xac7bfab9a70fddc58ec17c4d762f156f0772224b,0x3957740d23a699e64676bcb7cea23ca585039553,0,0x3957740d23a699e64676bcb7cea23ca585039553
0xbd007685db558839b800b92eb2814d0efe393488,0x7354936bc7a72c8baf5a2f9262e70a52c427be4a,1,0x2f5bf48294a40657c3e0b61527141ccbb0db5f98
0x9f7ac38cff123a6e5a7e118b26ed0f8a7c9c7aa4,0x000000f20032b9e171844b00ea507e11960bd94a,1,0x1b35a7c3bd1eda6dce269934e734494a38e35a84
0x08513ead00d7b4315ba62cc5c8d71e9d18db6510,0x612e2daddc89d91409e40f946f9f7cfe422e777e,1,0xd967a89ac9e0b44e7de842df9e80a66fb1fbb25a
0x46417658151861ebd95da786588c54505f7d79bd,0x612e2daddc89d91409e40f946f9f7cfe422e777e,1,0xb3eaf12a04d9e9df7efa681a92043ef4371ed6fe
0xfaa0e99ef34eae8b288cfeeaea4bf4f5b5f2eae7,0xf4198b0c19a93ea76f5dab0ac8b4df8fefc9dbbd,0,0xf4198b0c19a93ea76f5dab0ac8b4df8fefc9dbbd
0x0ba0beb61b90f08c0ae2be97335649a7e24499bf,0x8fb3ed352df6e8ea152dab12f2d060e4e52d9e6e,0,0x8fb3ed352df6e8ea152dab12f2d060e4e52d9e6e
0xd79fbfc0a12eb190479a82b034e2822041da3c39,0x000000f20032b9e171844b00ea507e11960bd94a,1,0x111728d5a789c418d1d9a282bf01ba4bb487c96a
0x055d58711f42abd572949a84b15e704c31a2a2da,0x612e2daddc89d91409e40f946f9f7cfe422e777e,1,0xb1f7c9505d976432e3bbde5b1cf9bb465f70a6fe
0x7d91b87ea1f09b428c2c5f5bf2348de6e493994b,0x612e2daddc89d91409e40f946f9f7cfe422e777e,1,0x8fca213422715e99ea754a440158e49717fc9c89
0x0f2d4704837eccd292b6be5889f306fb5fbb8cd1,0x98f1bda2d45ffaca73fcf2154e9e007871e14934,0,0x98f1bda2d45ffaca73fcf2154e9e007871e14934
0xe7a0782fab410f9878a307b46e92ea0e88909437,0x7354936bc7a72c8baf5a2f9262e70a52c427be4a,1,0x1fcbeeaf731f425cf4ad3bef711dc87d532aacf7
0x1b2bfb37211a7bed259eb450d6128f50585aa7b0,0x612e2daddc89d91409e40f946f9f7cfe422e777e,1,0x4c02a433559129fedb38eaddec5d948cc25748ec
0xab123e46fce87e41d5d307e1909ba044992045cf,0x000000008924d42d98026c656545c3c1fb3ad31c,1,0xe0bd0fe4e70478d5aaf9df546fc76b964ce0bc54
0x9b5d4cb060268430ce9dbb3c1a4d2ab89f15f10a,0x531c07aec48c0e1c80de889ffcd39bf74fc30a5c,0,0x531c07aec48c0e1c80de889ffcd39bf74fc30a5c
0x9cc456cf21e4729ac6e894b08ac7271bdbd49273,0x4fb91c32be74946844755cfb5f39650482ae294e,0,0x4fb91c32be74946844755cfb5f39650482ae294e
0x393ad6c93b9e61442ef3912973baf7b096290ea3,0x000000f20032b9e171844b00ea507e11960bd94a,1,0xcede4d856bd41120d1c793c9383aee545952b025
0xb989c9bdfd3fd21e9b02b75ffc18261779f2ee01,0xcd525999632552016a0065a74131c3c974a7c560,0,0xcd525999632552016a0065a74131c3c974a7c560
0x7f9fc8f73dd4a7edd0393e198233930fc7024139,0x92c159895901439caa212997d505083a2fe88885,1,0x67a32b792ed00aa3aaa094dd405dc8a654fa7277
0xa1249b73ee280515b22c075ce2aa2831ac0cabf5,0x23407d999af3952b102ed2be3da48320822c2506,0,0x23407d999af3952b102ed2be3da48320822c2506
0x5d64a7435591c295620cd84d8f53e3b6c207cb34,0x000000f20032b9e171844b00ea507e11960bd94a,1,0x71bd8afff0a5fa80aa16082131ba0956e89ce504
0x3cec3df3c6a02044d2e50ee3acf6b2ab9c88cd1f,0x612e2daddc89d91409e40f946f9f7cfe422e777e,1,0xd38d6c557276ec658b8fcc09fc866193d4c27e97
0x0d049ab46e0e04fa155a2f469f296c528ac43a46,0x7354936bc7a72c8baf5a2f9262e70a52c427be4a,1,0x4e1aa96568ea73ed347adbc3986e8066bc936649
0xb897b46ba6af4a002eaa522d68c62e8894ee9527,0x000000f20032b9e171844b00ea507e11960bd94a,1,0x7a065241264e899f890aedb32c6912bc4f7571c2
0x05ace689e3ab6afcb5b728f41b6d1396c0443c87,0x612e2daddc89d91409e40f946f9f7cfe422e777e,1,0xf3da1dfac4434f98444055c4653670d2fec96361
0x8ec049367687241e28e459fb6cf49dbb11187365,0x575c8a992ec082f3650432de77c1cbbccf568200,0,0x575c8a992ec082f3650432de77c1cbbccf568200
0x1c57a5ee9c5a90c9a5e31b5265175e0642b943b1,0xbb7e74e8aa56efb7344ba555e5c659ce899d3ec7,0,0xbb7e74e8aa56efb7344ba555e5c659ce899d3ec7
0x78822431decea92f81aa0e03062ae740e25c0634,0xd96d614504b696bc66aa2780c8b93ea5cd13e22f,0,0xd96d614504b696bc66aa2780c8b93ea5cd13e22f
0x4fcfbdc52d6da314d52ed3e9358195d7446609c4,0x10f60789bae589661c96431ed02cce5d840b0947,0,0x10f60789bae589661c96431ed02cce5d840b0947
0xbb215b4026c96a5c37258accd50d09509b5da700,0x3b612a5b49e025a6e4ba4ee4fb1ef46d13588059,1,0x6b81cced22f9c23d1e141c00b9382603e9eef9fb
0x691be3aff38a3406601472cb4b880ca5a5354276,0xec35322f44b340d6d215039b7bbf009d0e1900d2,0,0xec35322f44b340d6d215039b7bbf009d0e1900d2
0x1226153dcacb992448854106792a7bfc98f3102f,0x3b612a5b49e025a6e4ba4ee4fb1ef46d13588059,1,0x5cd53a7c366b95e0ba100a67cd2f6ad77a767c4f
0xeb6c5accafd8515c1b9e4c794bdc41532c5543ec,0xcec4d1b45c728d0a9da2d7861222552ccec4a474,0,0xcec4d1b45c728d0a9da2d7861222552ccec4a474
0xba9bbea08241845013b40a061e4a77c9345e4562,0x308e5e69fd8a5776b9fbdd243eb5f5b87b2d9cdb,0,0x308e5e69fd8a5776b9fbdd243eb5f5b87b2d9cdb
0xbd7abbee471f7a0ffe5fcc4ce176d92ca3f4dffe,0xc3d7f926e57ff06e465823b100b95408e805dfa2,0,0xc3d7f926e57ff06e465823b100b95408e805dfa2
0x030ee7b64034f8954643c3194d0f5bd124f258d3,0x6d990e9205bf14b57fb7c71b9fa0bdc707ad756e,0,0x6d990e9205bf14b57fb7c71b9fa0bdc707ad756e
0x8b669a877d5f04d7341f75bac3a67cd41baab635,0x24714377575f5d2d00de4ecdb064ac9772d85554,0,0x24714377575f5d2d00de4ecdb064ac9772d85554
0x07de4e06937c04a4e6c674cfa17f2bdbc8d8a037,0x612e2daddc89d91409e40f946f9f7cfe422e777e,1,0x7438d5a4590409c2685d8940bba786bdc7aa03e4
0x15cae2a163167dc293a62dd743decb25906fc2ea,0x000000f20032b9e171844b00ea507e11960bd94a,1,0xce60a794ff6ef4e13daa67802263ce4341dc5180
0x058bf43a0b7eed6cc7e9a032d418b7b95e9a5371,0xff6876ab470a7e5135a906ee913b87d1b81719da,0,0xff6876ab470a7e5135a906ee913b87d1b81719da
0xa926a4c39e475c40d65ada3883b0f99501d80894,0x0201f59f2d7f4c15f7d645d5666714917087d950,0,0x0201f59f2d7f4c15f7d645d5666714917087d950
0xa2e00208ee10c26d4d5348af0422b6d3cc60d2b1,0x612e2daddc89d91409e40f946f9f7cfe422e777e,1,0xa029ab0658dead441243e1af65574e6cee3bf5dd
0xb490f68c1e46e82454f4336bf7770023b4790678,0x000000f20032b9e171844b00ea507e11960bd94a,1,0x78b17334dfe5895dc1c9a0122b3ee765dc0b0b34
0xa3acdae27fbc84fa20cb6249cf8144c44a4eca05,0x76f948e5f13b9a84a81e5681df8682bbf524805e,1,0x98556b192f8304001986e0bb94e61e51049a600c
0xab6bb5a1164d70e83755fbb73f8acb91ec3f7fb4,0x612e2daddc89d91409e40f946f9f7cfe422e777e,1,0x641e29991b4991a096a40ac1902f52b0393b4669
0xe834391f373db4ced4b42bdbac738f09df24aaa1,0xcdd370f39bcb0c5622f591a3b7b824812625ac77,0,0xcdd370f39bcb0c5622f591a3b7b824812625ac77
0xbad7b784a69f6ec4719ce27af3de97ba181a6e24,0x000000f20032b9e171844b00ea507e11960bd94a,1,0x03d3b4e706fed4a7cf4edd54fefeaef9f0c4fda1
0x30bbbd36bae04077f20f05a5920548f804bf8abb,0x733cf2b788daf29b9095763c78bc0aa4147aceb7,1,0x6c627ec06b9ca5b255edb3a144e2e880b4fbd01a
0x29a59d26bbaae391c55bbdb036d810e52153bd48,0xf4405d30fc81e8bea085d2d1a90404bde2359453,0,0xf4405d30fc81e8bea085d2d1a90404bde2359453
0x9032b92695aaf16fccee8e6ed66fab1158b1a0dc,0x000000f20032b9e171844b00ea507e11960bd94a,1,0xbd5235b9ae35b8af9e306f642bd135529fbb09c9
0x751915badc192400d97a0faa0f259f22564bcec3,0x000000f20032b9e171844b00ea507e11960bd94a,1,0x72eb58d2ed60063843ccf17d3b961ed5e275aca3
0x55f007a14e62dc452bd0f5ebcd4c95565b8246f9,0x000000f20032b9e171844b00ea507e11960bd94a,1,0xa44b49557dd84068093140e0f3171100c4044dd2
0xaa95c2810b2b3792f8ec9bdd757e315b5aba895f,0x000000f20032b9e171844b00ea507e11960bd94a,1,0x277d383f4e1be9e95aa8ceb6375c8f61fa8e3f9c
0x2f11ec47e0736a22d4e4e4bfe1f1bc169ff8fb41,0x2dfa21a5ebf5ccbe62566458a1baec6b1f33f292,1,0x868b0a4a866f4088abaea52dfa9b4783c18fce68
0x2e9829ec1e22f65ca7e816022d70402058b2355a,0x4c150e046504d2eac76b147cb7fdd05858d84d7f,1,0x75aadbb7c36db057e5ac64183899f118de76df35
0xde64c298b351a5eab9d327c735afd7915651095e,0x000000008924d42d98026c656545c3c1fb3ad31c,1,0x67f36c8b448ea0bd49b92d2ea65996bcb1d1cc67
0x4bfaaa0f37161fa599ce15683768f0ca194b4bd3,0xa26c35d9be539547c39ad129cb28e29c1ec9cdcb,0,0xa26c35d9be539547c39ad129cb28e29c1ec9cdcb
0x6a2d4e36ce05144757a531db6289bdedbbbc6dc9,0x76f948e5f13b9a84a81e5681df8682bbf524805e,1,0x107d78b7e724b385eb2683737205e9ad8f326345
0xa506f994b61997e209ef43fe3462269cff1d35cd,0xfaa4560294eec670a4c17a6ea8596be749c76fc4,0,0xfaa4560294eec670a4c17a6ea8596be749c76fc4
0x813f169ea143ab98ffa6b9f97b0451628a4d8fbe,0x6ffd7ede62328b3af38fcd61461bbfc52f5651fe,1,0xe2456926044c5dc1ac4a243de738f2740c9b159b
0x2644fb320ed2ba682538eb730dccd8bbdfca1ecc,0x20e7d25c324e143ff897e75d4d68cb28a1f6d9a5,0,0x20e7d25c324e143ff897e75d4d68cb28a1f6d9a5
0x325c873d5b0822b58acb7aa23c187b34a8560522,0x000000f20032b9e171844b00ea507e11960bd94a,1,0xfb8ddfd419977ecacdd575c6c34fe094cc4cd99c
0xf8c7333802e4c2bac0605414edf113742cc50af7,0x3b612a5b49e025a6e4ba4ee4fb1ef46d13588059,1,0x5560a6e16411a4eba2e6e2b8573e21538f1965d3
0x196714ca24bd059029c221d36894512345cf9d36,0x3ab6d73ffbe7f2830f12c598765aec7969786100,0,0x3ab6d73ffbe7f2830f12c598765aec7969786100
0xcbb2412026e4344257bf25a93e9da96af0745fbd,0x522d1cb57efc5f00eca49742f25df0392df863fd,0,0x522d1cb57efc5f00eca49742f25df0392df863fd
0x2fadaf71a4f98b6df2feaf7f2c8dfb5f922734b7,0x95b02d902667dfc86721277a34a04261356ab53e,0,0x95b02d902667dfc86721277a34a04261356ab53e
0x87d04ff86cafee75d572691b31509f72c0088c2b,0x500b5d5ca03b11ddbb8094722502a505187bae0d,0,0x500b5d5ca03b11ddbb8094722502a505187bae0d
0x9160f985182970590da93b3a188b2f8621a48b69,0xe1e01dc3e6527d2fef00164f4e938a39e6628b39,0,0xe1e01dc3e6527d2fef00164f4e938a39e6628b39
0x2e936db931c28aa1bcf344935e093e79a33c37c0,0x612e2daddc89d91409e40f946f9f7cfe422e777e,1,0x4881fa152d4f859fd8587fee6d2e104413c1abad
0x60c0b7c7508c46e05a802c7f0a06b2982e6b43c8,0x612e2daddc89d91409e40f946f9f7cfe422e777e,1,0x60295305ef33c6e2fbd198ba3b82d1ef52806efc
0xecf80683935914f41545e4bbfc99ba7ac44c2b4c,0x612e2daddc89d91409e40f946f9f7cfe422e777e,1,0xdcd925609495d003f88306e6274cdbf1f14adf87
0x6e5995f245927c5afb3e9bf4efdb4ed2bc7a61eb,0xdea5fb39405bbdd0e3f78075492df5839f9d4908,0,0xdea5fb39405bbdd0e3f78075492df5839f9d4908
0x8ee9ffa0cf643f5bfc4b0046c12cb5036d8f802f,0x4730497622bdfd6eafe1f09fa22b3a0aca94a646,0,0x4730497622bdfd6eafe1f09fa22b3a0aca94a646
0x9a09ebe1e7429e369b1dc8149260ce3e6342a7a4,0xdab908d61106de983c7fa1c1c243cf12bd18bc5e,0,0xdab908d61106de983c7fa1c1c243cf12bd18bc5e
0x7cd4000afc62d8b8e19de9b00561867170701ba4,0xa7625e30eb5356a0b777e9617b55a92dddff2975,0,0xa7625e30eb5356a0b777e9617b55a92dddff2975
0x37a0a06f00d22f945d972090dddabd981988a2e8,0x6079dcdfb2aff3ec70ed233baa2a5ce665e59b3b,0,0x6079dcdfb2aff3ec70ed233baa2a5ce665e59b3b
0x7c919e57a7a90d6eed5599f4a8953f34fc0e8404,0x230f253df7521a4a5567c81a20a70e535b3ca9e1,0,0x230f253df7521a4a5567c81a20a70e535b3ca9e1
0x19aa6f891661c5bf8fc869af7ff16b2a4df4d0a3,0x122d79ed8077959bc79dfeddc7ad6f67f9ae955f,0,0x122d79ed8077959bc79dfeddc7ad6f67f9ae955f
0xcde0d567101e380653ae8ce89433d7fb024f92e4,0xfe99460b27bd6d4a3e8adb29bdf038be6684dd77,0,0xfe99460b27bd6d4a3e8adb29bdf038be6684dd77
0x9c677d0881d7f7115b284c81072e41f39499a17f,0x612e2daddc89d91409e40f946f9f7cfe422e777e,1,0x06ea41e4ea9e373bd7b20492764bd1d1e10b0817
0x6c1a9e3b272685cdef51a66cdcc17d2c84531bb6,0x2f512526820070113975478b6f3ebf908467823b,0,0x2f512526820070113975478b6f3ebf908467823b
0x49b351cec57a9ab6a9478a324a9b0f38bb115c93,0x612e2daddc89d91409e40f946f9f7cfe422e777e,1,0x1fc38aa4c444c10ed08b2e709209e857dfca0f71
0xbd7d748b71bfa005afad62df01ce7214187aaeeb,0x5e4b41b770a8e2bec9d6dc294f09ce10c444a2b0,0,0x5e4b41b770a8e2bec9d6dc294f09ce10c444a2b0
0x526dd2e56035b08f1bd8032f28dce26d3fc2c60c,0x9999777774316e99d79d46e2c6b7e6cec99c27ae,0,0x9999777774316e99d79d46e2c6b7e6cec99c27ae
0x8c628164d376d53a576fb376808bfb94dade4e58,0x8e934d7d2c65e6a48329f0686ce30943c838e5b1,0,0x8e934d7d2c65e6a48329f0686ce30943c838e5b1
0xa6075b01de961a0022caaa179a78660ac1505120,0x1bf41851e4bd044022dfa7e9c678809f5197a56f,0,0x1bf41851e4bd044022dfa7e9c678809f5197a56f
0xdac992430bd547e91e9a4631d92f7613ffa47e47,0xaef3e8c8723d9c31863be8de54df2668ef7c4b89,1,0x55c59ae5b124261d021421f07c6cad699c993b3d
0xc79e0d3aad911362d5027829413d3225690bea7d,0x612e2daddc89d91409e40f946f9f7cfe422e777e,1,0x2f1afd00f78550dcb5201197e542977fbfc0d391
0xb5ef5ec33de1a186adc8d6b3be862a1770caa745,0x612e2daddc89d91409e40f946f9f7cfe422e777e,1,0x6d0b3a3f613a65c9f9ac6809730d18ff709eb1d3
0xb9951b43802dcf3ef5b14567cb17adf367ed1c0f,0xa8da6166cbd2876ccde424ee2a717c355be4702b,0,0xa8da6166cbd2876ccde424ee2a717c355be4702b
0x059174c2fef43f06178d23572fe5556f078f2f99,0xa8da6166cbd2876ccde424ee2a717c355be4702b,0,0xa8da6166cbd2876ccde424ee2a717c355be4702b
0xcfc6a15b2952b6014a993a0c16c9d580d862e21a,0xa8da6166cbd2876ccde424ee2a717c355be4702b,0,0xa8da6166cbd2876ccde424ee2a717c355be4702b
0x17b2f2b8927a8f11edfd7a27e153be17d68e69c7,0xa8da6166cbd2876ccde424ee2a717c355be4702b,0,0xa8da6166cbd2876ccde424ee2a717c355be4702b
0x8e9f3c6883993a7a69c37213f2eb9a17450ad6d3,0xa8da6166cbd2876ccde424ee2a717c355be4702b,0,0xa8da6166cbd2876ccde424ee2a717c355be4702b
0x1d5d679cc62add2f3d6ea6675bc5609e54f90d50,0xad863559c9437205d6c8c68ff5f009a7767001ee,0,0xad863559c9437205d6c8c68ff5f009a7767001ee
0x7dd0e8def669953004c0f5de4102d36d706ac746,0x7336a874ab9e62c6bb735d8e64b077237af822af,0,0x7336a874ab9e62c6bb735d8e64b077237af822af
0x43d8f5921e2a413eea10ceea3bd929364c45ce5f,0xdf8a6d566cbcbaf1b239663a69c0336014946661,0,0xdf8a6d566cbcbaf1b239663a69c0336014946661
0x7479d22ed9c412fcb7db4af46b43b71914928a81,0x612e2daddc89d91409e40f946f9f7cfe422e777e,1,0x61de6037a00e86fcaea09a5deb4f76ae82154ac0
0x139025de5fcf3d21b89420ffea411fa00c6dcb34,0x51d4f799f40a7ca9f4289e64dbed0502a494e8a0,0,0x51d4f799f40a7ca9f4289e64dbed0502a494e8a0
0x538e3dafefdafc45e4bd859e05f131023ca1464a,0x422dbcad6ee2b2709a94af858b3a205b7fe3eae6,0,0x422dbcad6ee2b2709a94af858b3a205b7fe3eae6
0xc4eeff6fa0e2ac33835afd9408d755c6402db574,0xd27484d380327bf5883c89ac8610de5b09acc007,0,0xd27484d380327bf5883c89ac8610de5b09acc007
0x5fcbece2c4bb9a9f4b94f9891662dd4597fd1c3e,0xb2019531de3bfda451668acfe40fb3aee59975b5,1,0x1225ac76c147333126ff88cb41f6791122a5954b
0xa82168f3d04ec265c25a7580c16af55d6732c382,0x19c6bec29f94c62ff45b26d9a2bfba6e64acea26,0,0x19c6bec29f94c62ff45b26d9a2bfba6e64acea26
0x184ad4e770ea9d1abfd3bf52ddad184edb3e6ca8,0xb4ea9a0c1edd5c41585cd3715a1269b9dd3105a5,1,0xb95c79a450ea626de6492b048126aa8e09ec54bd
0x3a605bf34cbfb2a7dd9b9bb4da288f275b1f92c7,0xb2019531de3bfda451668acfe40fb3aee59975b5,1,0xbe4ffd2e416cfb6f2bd7e9eed40877be642a4e1f
0xaf2f0cce0e56bc1b2b07c93cac6d9749bf0dbbbe,0x1e0486ee85dd758078d75c674f3d28efc4c899fc,0,0x1e0486ee85dd758078d75c674f3d28efc4c899fc
0x8c74c9971b110bef4b082d8320a606e888fb41f9,0x740cf202c71bfc4da5cb8372e79ad88214df1a05,0,0x740cf202c71bfc4da5cb8372e79ad88214df1a05
0x22c2488e1881ec92f0028b590625b77875cb0b69,0x7354936bc7a72c8baf5a2f9262e70a52c427be4a,1,0xfe3b6d6d4c5d2ce80c1585abe987be3efc2d3485
0x81388276690209813227f3196be5b53c15ead876,0x6faea455ea5309259cdfb076caaf779488ddf8de,0,0x6faea455ea5309259cdfb076caaf779488ddf8de
0xeeeeeece1b4d9c1bd876b3e7fbe1871947c705cd,0xffeaea321cf9a7a606b33351073fcc92f1eac01a,0,0xffeaea321cf9a7a606b33351073fcc92f1eac01a
0x0faa46d4e1ce2ff34576a83d74e31f625184a031,0x000000f20032b9e171844b00ea507e11960bd94a,1,0x4cd0f7eb71bfad0c0716547434219703178d2ff6
0x8059afdcb07189038b8817029480e309748e353a,0x000000f20032b9e171844b00ea507e11960bd94a,1,0xcec9fdc403ceec8a3bd51ed936fdd0dcc2dd2836
0x16b27d851fc68529f43d3716f3b8c0bd1f9e7818,0x000000f20032b9e171844b00ea507e11960bd94a,1,0xad46c553d7f6b2a61d162a8ac37573c889e32f74
0xecf0f1581738cc6f59fe09355e4414a8875e01f7,0x1a9935a203c3bd703b2b6f578b90b6151ae4dc53,0,0x1a9935a203c3bd703b2b6f578b90b6151ae4dc53
0x5d551532cc5ca212664c59587b08044585b04461,0xb2019531de3bfda451668acfe40fb3aee59975b5,1,0xbb55eb1199ee75937a7b89a5d8d0484ac873ab11
0x6d85aa39fb90aaec826e856dae32e2d3e91a0a2c,0x9ac0b52f2fc3271e52765ef6f1f8331f2db7fb65,0,0x9ac0b52f2fc3271e52765ef6f1f8331f2db7fb65
0x775bce2bbf72345dd112ef2dd23a55d8affcebee,0xf74b146ce44cc162b601dec3be331784db111dc1,1,0x2128f4c01b7bb0810310e43aa021dc716cf09ca1
0xb92850233eee9bf8d6ac2481f7f2db8358bb2c2b,0x000000008924d42d98026c656545c3c1fb3ad31c,1,0x6622e828038b6e11d18072536e03257ae958980f
0x07b70d5bdfd4a5826dfdf3cbbc0e9ce1e71e7cd3,0x612e2daddc89d91409e40f946f9f7cfe422e777e,1,0xb6a951a45f80287c32db68fda918a3061caf8e5f
0x2ca23284b5b986e48c102b7ce2f3df523820b78f,0x000000f20032b9e171844b00ea507e11960bd94a,1,0x281fd92814570c92f01a7322fa30c6eb4656b267
0x65b9781abb6a1726c6acb833354f68c56ac1d743,0x612e2daddc89d91409e40f946f9f7cfe422e777e,1,0xa808ea90579793ceb7b3d51dc9bd1e7c2c54af6b
0x0b100685934a013d91934efc6f2e4850f4685f66,0x000000f20032b9e171844b00ea507e11960bd94a,1,0x3de295cf19a2551c6da52fa05963d64c29a1c2be
0x79fc792ced88d4cbbd28dfb8628b4c3595b11546,0x612e2daddc89d91409e40f946f9f7cfe422e777e,1,0x0b08efc7dd784952f2384bf7866adb9c53256dab
0x1e2174ee6dcdc49fd42ba3ac64493d23d2147c65,0x612e2daddc89d91409e40f946f9f7cfe422e777e,1,0x99ed97dde490b7ce8271da01db7259c27cebc031
0xa08b95ce2a24b7be998d2d77f75cb04c723b11d3,0x000000f20032b9e171844b00ea507e11960bd94a,1,0x9c0998152d9654b3dcad1da31bb01bfa0b61892f
0xbcddeecdd2b2fc654eefcb5c720f66d279971bf8,0x612e2daddc89d91409e40f946f9f7cfe422e777e,1,0x0460a7be704ccc9e26d7bc5070e8534670bce77f
0xb9bdf1289cac008e5c1a0e8f8e21cbdcc27c5257,0x000000f20032b9e171844b00ea507e11960bd94a,1,0x6cd9f0798456cb396a191bdf6a1369b296910448
0xbced44440772937ddbe1cb786f9d10e01cf9866c,0xad271a18324e98a38531c13537d15066edbf13c5,0,0xad271a18324e98a38531c13537d15066edbf13c5
0xfc1bc7c56cd4b73ed2298fe59dd3c4e560393a3e,0x76f948e5f13b9a84a81e5681df8682bbf524805e,1,0x9df99cf3a1865ccc26ec16ce09568d05c5b11a41
0x91188067914ff53235d9845690878ff9e87134ee,0xd42bd96b117dd6bd63280620ea981bf967a7ad2b,0,0xd42bd96b117dd6bd63280620ea981bf967a7ad2b
0x40ecf3e3694181793ed53e76127524fea8c98625,0x92c159895901439caa212997d505083a2fe88885,1,0x0c20c7cb1444e8f475a11ecdd619169b9a693f1a
0xaa12e6d371bf224678b2cff618d0ef2e4b52c424,0x612e2daddc89d91409e40f946f9f7cfe422e777e,1,0xce5c675b075603636e3d6f2a0e22cf927a0f217b
0xcaa73c9ff35938a92c917c0e947f874ee75f58a3,0xe28199b1372f8d62df89390cc60d2215e9c00601,0,0xe28199b1372f8d62df89390cc60d2215e9c00601
0x922bcf9bcac8c3201289e4545f455d8622315749,0x612e2daddc89d91409e40f946f9f7cfe422e777e,1,0x2ce079ffe127219d6ac0bec521640d73a82806a4
0x54deda412df9e9a4a477a48dfe889279dc508bd3,0x612e2daddc89d91409e40f946f9f7cfe422e777e,1,0xa3e64d3c38c442d87854d682463a1fee5e2a8d7e
0x82f8f1ec9ed76b73833f33170e667d049749d7d1,0x76f948e5f13b9a84a81e5681df8682bbf524805e,1,0xbb316075114cabdd6fbf4d08486e9c353eff176c
0x370c45f01bad0a5cc56a895324ca4885ee12ecf5,0x000000f20032b9e171844b00ea507e11960bd94a,1,0x40ba4cea6f432776c308e33e0b65484dc0cbd3dc
0x20934529e0ef0343101868f5aadbf03ce1789b3e,0xad0ea081dfa51fd3b5c47e77a42d9662838d2247,0,0xad0ea081dfa51fd3b5c47e77a42d9662838d2247
0x4f652d9ac6095756574b2254246f121b1042f278,0x054a2e4b3b5ea2c62372e92358fdf7fb74b4f34a,0,0x054a2e4b3b5ea2c62372e92358fdf7fb74b4f34a
0x8c38d2b4576b23ac11435011baa5e0ed17447e87,0xd722c07f02545f02653377498ebd88ba31ea88b0,0,0xd722c07f02545f02653377498ebd88ba31ea88b0
0x7c40c393dc0f283f318791d746d894ddd3693572,0xb0215fcee8e046a8e9fca14ab79fa6ed38dcb59b,0,0xb0215fcee8e046a8e9fca14ab79fa6ed38dcb59b
0x3b2f85cf6fe0a33fa693d2a000d2217ce28aa8a0,0x3b612a5b49e025a6e4ba4ee4fb1ef46d13588059,1,0x5bad9e7daee7f009d2076605b0cc85e6c824405e
0x39cbe44fe0161785f643b53489a549d802478ddf,0xe5f61908c90530f596a56b501df6c42c33436c3f,0,0xe5f61908c90530f596a56b501df6c42c33436c3f
0x0ef343f73dbbfa84a1d6d63c369084859eb858b5,0xd29bf09554bc29f2a7e2d42f6af8acbbb68d86cf,0,0xd29bf09554bc29f2a7e2d42f6af8acbbb68d86cf
0x30ca75a00c86db9fabd898e704f40cbf9bdaf762,0x3b612a5b49e025a6e4ba4ee4fb1ef46d13588059,1,0xcc21abf00a0c589c9818e6ac438d8759ca5e611d
0xad08067c7d3d3dbc14a9df8d671ff2565fc5a1ae,0x410cf6f8e0bf61fc822fb53aba3c2a0f6e36fcc4,0,0x410cf6f8e0bf61fc822fb53aba3c2a0f6e36fcc4
0x036a93b1bcc753fc06fa3475bb3893331c073464,0x5dbc7b840baa9dabcbe9d2492e45d7244b54a2a0,1,0x0ac884469a034b789e3c88c742668f91a9061f11
0xaf9ce4b327a3b690abea6f78eccbfefffbea9fdf,0x3ce6543978f37315e047236139817c1f446300e5,0,0x3ce6543978f37315e047236139817c1f446300e5
0x8b3dd06e80a48a54abfbe41680bf621fef4595ce,0xb7af436ed99654fae6c6faa6c627ba598d3a2bce,0,0xb7af436ed99654fae6c6faa6c627ba598d3a2bce
0x93c3a816242e50ea8871a29bf62cc3df58787fbd,0x8228a041ea311c243cf6ca3ac1e4a1f2cfe93f95,0,0x8228a041ea311c243cf6ca3ac1e4a1f2cfe93f95
0x32f2a60942e7563cfc42766018641c6c6b10830e,0x8d53ca009ad853364883b97a367ec50d58ff4bb8,0,0x8d53ca009ad853364883b97a367ec50d58ff4bb8
0x39b27cc52383421f4d9d0a35790a52e3cadfc674,0x3b612a5b49e025a6e4ba4ee4fb1ef46d13588059,1,0xb5e1bc32b7a6dad59f43081691617c16ea0bebda
0xc8a512edfadb8a9a4383a7cd31261842f97ba582,0xe22c2f9460e76daf26411d46911b66232f4f1253,0,0xe22c2f9460e76daf26411d46911b66232f4f1253
0x5db5c57880829b5e136cd2524856832cfcc7caff,0x5f4d090e6d9ec0e22e2d30fceca23f0fd15c25eb,0,0x5f4d090e6d9ec0e22e2d30fceca23f0fd15c25eb
0xd3435dcca1b43e5abf4b13b6e0087b241e5511ac,0x612e2daddc89d91409e40f946f9f7cfe422e777e,1,0xb3eaf12a04d9e9df7efa681a92043ef4371ed6fe
0x6709c2402883719133ddf49bf5d511d87c99a762,0xf406bcd506adb5bd97b622c3cab0569d0aaa0c7b,0,0xf406bcd506adb5bd97b622c3cab0569d0aaa0c7b
0x413af047fc0e9611db6c8bb829f8383c54402bf0,0x000000f20032b9e171844b00ea507e11960bd94a,1,0xf7d94a2624adb2e8e6674a0a2ca8b1fec9441639
0x00e6ce068b10aeb1952b090864f6f7a54ee5b773,0x612e2daddc89d91409e40f946f9f7cfe422e777e,1,0x7db9f8e904b146b62b20f01bdc95836564b40db5
0x94dbc1c3fafe8a5506bbddc7ecdfda609e1e1ca3,0x02eb75be1e72e988de64f0088d654d8ea1081e87,0,0x02eb75be1e72e988de64f0088d654d8ea1081e87
0x30021f94e30d1fca57c976d297efb4f58b4f646f,0x612e2daddc89d91409e40f946f9f7cfe422e777e,1,0xad170e62645ca0c2e842b62f8a2dd68f001709ab
0x22a11fff795c158844336849274f75ca56157ef8,0x612e2daddc89d91409e40f946f9f7cfe422e777e,1,0xb5292bb264b19eb7fafd054236ee2f2ee4509d8e
0x0c5e8068bb4edbc6512eff42da1f40e67081e3d1,0x41f9606ddec21101c2dedfd275cd55ff12a252bd,0,0x41f9606ddec21101c2dedfd275cd55ff12a252bd
0x1b2d8b37736dd6ba7d15ad7a605736541734a7d7,0x000000f20032b9e171844b00ea507e11960bd94a,1,0x0d6576b2b88cb858a2ece03ae77f940594183d02
0xda09748667042c3f208059437a98dceba1618914,0x612e2daddc89d91409e40f946f9f7cfe422e777e,1,0x6654810e60e9182feb1ca4fdd9b68f38a7d132fd
0x682e10bf76d4150461ccf271e44adb1dfe5f9f3a,0x442295de8a31d65026dbc09c29d469f6854f188a,1,0x917e6632d4a903deb74fe0c007d9d5c74af42e0d
0x83747be52063706e205156cedb132f8c7fcb0c96,0x541d149c42f1c782e31e7a9131044ee0a45f62f2,0,0x541d149c42f1c782e31e7a9131044ee0a45f62f2
0x37070f660f0ef0b9a721f279aa3ed8352d138001,0x000000f20032b9e171844b00ea507e11960bd94a,1,0x5dbc0e2950a31c87434da216c03f933073d38cf2
0xc3673485584a3211ddf0ee0ecf9f14d79ad851e2,0x000000f20032b9e171844b00ea507e11960bd94a,1,0x2f39be087117f7b543a27f70032d44042a6ececf
0x6384ae6d0f3e12dc61bf0fdcccd37e2fb7ab1d8b,0x612e2daddc89d91409e40f946f9f7cfe422e777e,1,0xac61a98fce9c9ab2ebb2e2788031258d4719c0c8
0x878e8df8545179bbb63f156bbc4a55fafc18d2f3,0x000000f20032b9e171844b00ea507e11960bd94a,1,0x20637a11dc3890980794e1f33f4644d7efc12aa9
0x11a486669f5958d4fa4393fb4536c96076a5c680,0x612e2daddc89d91409e40f946f9f7cfe422e777e,1,0x7d9e834669c6a91dc8c7f9cfbc3fb13e127641d5
0xb5da0a31f6db8fccb2ebb84123c268d603734d6f,0x19478179ef8bb7c4792a4041903080e097d137dd,1,0x168a36821a222150c8f2168cf0d53fbf7580c4eb
0xd20d22925d3d9aea61a4c3bc02077ecf88425849,0x000000f20032b9e171844b00ea507e11960bd94a,1,0xb8e86cc85e97e6f3484466901a39ced09acb0b7c
0x35b93f244ee32ea74c794216b84a8c5f026c9091,0x612e2daddc89d91409e40f946f9f7cfe422e777e,1,0x9dd9cdca3eb4ee9ff7793871cfb0e1ea9c301d57
0x8d5debce736e9241d218fbc44ef25e64605855e1,0xf8c06cf338446508d496ea25eeb826fc8953978c,1,0x6b83027982b3284ba2c3d4558401c856dfc2ce1e
0x2dd84035439f5bdd58a782372517059ada49bacf,0xea968e6ac95a95c68bf66decc803a1b2848cdc4a,1,0xe9fde00016b40de98a8d3eef345a38e46dc4f6e6
0x854cd96df6f064d68e1d6e72a0cf9c0e0acaf708,0x000000f20032b9e171844b00ea507e11960bd94a,1,0xc1164a0bd5876a1aa8c5802c0125258c703e4123
0x7096fff1b09644fa55af6ca0dca443701bac35b9,0xc839de0fed241607d50aa4107ae582443b906e4c,0,0xc839de0fed241607d50aa4107ae582443b906e4c
0xfbeef911dc5821886e1dda71586d90ed28174b7d,0x3f8c962eb167ad2f80c72b5f933511ccdf0719d4,0,0x3f8c962eb167ad2f80c72b5f933511ccdf0719d4
0x60e4d786628fea6478f785a6d7e704777c86a7c6,0x9056d15c49b19df52ffad1e6c11627f035c0c960,0,0x9056d15c49b19df52ffad1e6c11627f035c0c960
0x6c7c97caff156473f6c9836522ae6e1d6448abe7,0x61af7e6d45559d6cae18c76472f1f9163db9a7f0,0,0x61af7e6d45559d6cae18c76472f1f9163db9a7f0
0xf16a5b64f5a774c24218a83f6fb2c7700fb6469a,0x095f46500fb5b976eb23b62b12cf036c75c5b21a,0,0x095f46500fb5b976eb23b62b12cf036c75c5b21a
0x524cab2ec69124574082676e6f654a18df49a048,0xe9da256a28630efdc637bfd4c65f0887be1aeda8,0,0xe9da256a28630efdc637bfd4c65f0887be1aeda8
0xe2555233dd886c0d2e33c9d7813b23d9d9272fdc,0xa2b4c342de8fd84bc635ee0717f61830ce40980b,0,0xa2b4c342de8fd84bc635ee0717f61830ce40980b
0x23f6c6c9634c517102c38a14358a84473391fc99,0xc5e0a7fe9955e9fded6d4deed82866acce85e132,0,0xc5e0a7fe9955e9fded6d4deed82866acce85e132
0x941c34f1f4f6fb5cdec522427244061b007b445c,0x8c26a91205e531e8b35cf3315f384727b9681d75,0,0x8c26a91205e531e8b35cf3315f384727b9681d75
0x4e67928a04d15e973b7c5e1ab2bda1313ff17f88,0x3b612a5b49e025a6e4ba4ee4fb1ef46d13588059,1,0xdd4ca77bad13124a306a83f87bd7a6aa3be9e848
0x0e3fb30965eaec2f590c7caea280a30bde6f9e03,0x3b2d699110aa1788b2b1cae336e0ba8ff942a390,1,0x63ec81bd2e4397cc85509e383fce858a99507ece
0xa0adfbe931b3afedf92bb0e1a9de4e36a3947344,0x8611abf2e6fc4ba00e9e3d10cdb1e5382cde1f84,0,0x8611abf2e6fc4ba00e9e3d10cdb1e5382cde1f84
0x201db9577350799033e0b8ff3850240779f3d413,0x3b612a5b49e025a6e4ba4ee4fb1ef46d13588059,1,0xd19d393e91bb2298be9cd035bfa075e3d5b4ce06
0x752b0073422a7f9cda7f71b5fe7f12a1789e6506,0x1216a72b7822bbf7c38707f9a602fc241cd6df30,0,0x1216a72b7822bbf7c38707f9a602fc241cd6df30
0x56429dffac317e53cdf5f5a7a15419e9de5f09b8,0x31e03db8dc6782bb1412c70a9f13f0a3bc6d81a9,0,0x31e03db8dc6782bb1412c70a9f13f0a3bc6d81a9
0x006f6ad5a0dfe3c35b08bbfdb904e3f9e3362231,0x8feee00f1d8c355086b4667f153c744688b7f6b0,0,0x8feee00f1d8c355086b4667f153c744688b7f6b0
0xfa8983e8e785cf8f60d52889b174c8bf4b5bbc85,0x4b3c4efd4569b3327ce21e1328801f6bb99eb37f,0,0x4b3c4efd4569b3327ce21e1328801f6bb99eb37f
0x6a1bee21361cfbb30e9ac27ac55920cef120099d,0x3b612a5b49e025a6e4ba4ee4fb1ef46d13588059,1,0x6fbdbe4551f694231cf9d874619dafb7afac0d2d
0xcf0633dcb63098b5224ac339ef79dfec0baaa2c2,0xed98af55bf714ed4f5131f3625c59bc1506a2ce9,0,0xed98af55bf714ed4f5131f3625c59bc1506a2ce9
0xd42da14c2c86186a5946d1b18a88c609c99fa63d,0x4de31ffa366271f90a6da19130d7ae8ba2541437,0,0x4de31ffa366271f90a6da19130d7ae8ba2541437
0xf9713c11780151f142e3d1089efaec0646bcc314,0x043bd956b4fa899319b9bdda428088c201ba587e,0,0x043bd956b4fa899319b9bdda428088c201ba587e
0x72a2a3ae48637512b01346ae9c21c422148e9480,0x1487a06fc88eb6c110497e1cca40d2f0fa659379,0,0x1487a06fc88eb6c110497e1cca40d2f0fa659379
0xf19bbc0dd171256c0c0eacf27adceab0f86b36d8,0xeff2c736bd99e8c30e0e81099aebd893d8c71252,0,0xeff2c736bd99e8c30e0e81099aebd893d8c71252
0x565eb8b2810c84505764c8ec5ced8cbf3fcea08f,0x9d57e295990b81755b09a11734b9cd544116d3cc,0,0x9d57e295990b81755b09a11734b9cd544116d3cc
0xf0d5c61856c05e1e4a68757957e892fa31f61374,0x612e2daddc89d91409e40f946f9f7cfe422e777e,1,0x839c458f35cd499399c94b6e9b9d112b9fc36cde
0x58a1e300470f1c3404f0cdc57d83653cd9ef0762,0xc0b0ef40a9a1afd52cb1500cb81e26f9c1d4a1b1,0,0xc0b0ef40a9a1afd52cb1500cb81e26f9c1d4a1b1
0x0a4916cfdc429f48d066edd279651fefa7df99f2,0x5dbc7b840baa9dabcbe9d2492e45d7244b54a2a0,1,0xc1f8982da196016467355d1aaa275c5cd5b2c00e
0xee93e48e1f78fbb68962ce0551f78a670807d7bf,0x2f58d6248519ecdb514e6bf95f70816e004da60c,0,0x2f58d6248519ecdb514e6bf95f70816e004da60c
0x32fc5bcabc1f78308be11754493c49116c0fa35f,0xfcb55c98c6d6d30b805cc388dc18468e01f5773b,0,0xfcb55c98c6d6d30b805cc388dc18468e01f5773b
0xe2e01cf6683f35862670bde401df39ae7b13a654,0x8124b02b4967bd7338a450420a572d574915ff9c,0,0x8124b02b4967bd7338a450420a572d574915ff9c
0xe3904d4a62471eb1871b2d015a510aaf54e82dec,0xf74b146ce44cc162b601dec3be331784db111dc1,1,0xd2b1afd972550df4ff42138a41769f165b4f4c32
0x889a479638d4af9b4565fb8ac2156fa08be267b9,0xc62168bd0714e6e693ee2b5d34bcef4446036cf6,0,0xc62168bd0714e6e693ee2b5d34bcef4446036cf6
0xb652107e610d6aacbf121a3848a4451fe4c25a7e,0x9a72efab5df2ed99ce47f69e5e30a47c5fae21b5,0,0x9a72efab5df2ed99ce47f69e5e30a47c5fae21b5
0xa492622ae52df6af872b90c044a0be4d265cf6d0,0x71a0496f59c0e2bb91e48bedd97dc233fe76319f,0,0x71a0496f59c0e2bb91e48bedd97dc233fe76319f
0xcdf1165f2d1ddee1fbe32b93cae6b093b16694e9,0x248794046ad0cbae7344f15efd61db9b11a59f63,0,0x248794046ad0cbae7344f15efd61db9b11a59f63
0x9646c752bdaceb21acc34ccabf27efe44c5d2d16,0xb012a1bdca34e1d0c2267bb50e6c53c8042eb4b6,0,0xb012a1bdca34e1d0c2267bb50e6c53c8042eb4b6
0xb384847f419efbd078e2bfaa19d66f091ab40704,0xe5865e421c2bb71d371a3734237c00251b30c9fd,0,0xe5865e421c2bb71d371a3734237c00251b30c9fd
0x5be51b9ea814f2c0f66c98666477a733344ecd12,0x8e838ae5e4528bdb1e6a6a102ab3f31def399c82,0,0x8e838ae5e4528bdb1e6a6a102ab3f31def399c82
0xc4ad9e42e6a46a4499da964f61c7eee64cc6387d,0x612e2daddc89d91409e40f946f9f7cfe422e777e,1,0xeacf5ad9ba50bb314568c189d630b5c8b1d25372
0x4a8d7f135055cd82e0d8f725387c938b07e6d249,0x5e3c1c9694346a27a7a1e33b904798d5393fad82,0,0x5e3c1c9694346a27a7a1e33b904798d5393fad82
0x95c9a968da9bf65bea57e28dc2aa9ff3a628593e,0x612e2daddc89d91409e40f946f9f7cfe422e777e,1,0x453af79c641195da5f6e934ef124b474f8bf97fe
0x026234c69cdfa4dc0c7f01806df6b9d63e238b80,0x7b4a9956329705510b03182d5e5afc54e01d7efd,0,0x7b4a9956329705510b03182d5e5afc54e01d7efd
0xabd894720127e8a3bd048c7228781ee2607cea7e,0x7b4a9956329705510b03182d5e5afc54e01d7efd,0,0x7b4a9956329705510b03182d5e5afc54e01d7efd
0x072d62047b03b9ee68596557aee848188422150b,0x7b4a9956329705510b03182d5e5afc54e01d7efd,0,0x7b4a9956329705510b03182d5e5afc54e01d7efd
0x93e73bc2c56f7314545fc28ecbda2c5be79ac730,0x30f8ac899dfadd0c0029d34633b5f6668bc682d0,0,0x30f8ac899dfadd0c0029d34633b5f6668bc682d0
0x4394590b8bbf09f24c53c67043fb04e6be03200d,0xc0b356004b1fb5acc53fa956172cdb4a32f8b6cf,1,0xbe5db9e33a2309898d44d9f7a6ee9229eb4d5415
0xc00ffeb7cf191c3432ede000478901f99fd53633,0xaf2ab6d0e8f69656e7c8c967351de32f0d60fe76,0,0xaf2ab6d0e8f69656e7c8c967351de32f0d60fe76
0x1979bdc28020ad2bf67294cf6bed7c2a50406a78,0x612e2daddc89d91409e40f946f9f7cfe422e777e,1,0x3c2baf28801b5a928314f2396f205e70aa5bc163
0x4810a432537f5d1c88b7c4211f73f9aa7ad764d5,0x5f370dea622374b9042c9038d0e19ef831eaad50,0,0x5f370dea622374b9042c9038d0e19ef831eaad50
0x7938b9cd794184bd53c1f0f39c8d3b9ceaaadf1b,0xb99c72ac3dbf79d5e5fcf2da44b4f135af815c52,0,0xb99c72ac3dbf79d5e5fcf2da44b4f135af815c52
0x2de4941fec832d5d2f7ab69df397f3e2fb28d391,0x6e419c482ecfdbc23047a666cbfbacbb95a53e1b,0,0x6e419c482ecfdbc23047a666cbfbacbb95a53e1b
0x238134c1d632f0a6719874f51e8152f912d9ab0a,0x4d5b9bc211b070fd8b5b47d100d28374497c1971,0,0x4d5b9bc211b070fd8b5b47d100d28374497c1971
0x30b42d199aeceaefeae636f44662e1aa6d147f53,0xf2c0729aa7cd5ec4a2a60c8f001715fc2f42d71c,1,0xae9353364b32aa0fed4d0b3892450f6e40f4bdaf
0x3840cb4ef0db02d9aabda3a3c36f6a2920e942a4,0x612e2daddc89d91409e40f946f9f7cfe422e777e,1,0x3a28c85800e9cca01ca3e2b761057d5456681586
0x6599861e55abd28b91dd9d86a826ec0cc8d72c2c,0x8602f7b5602b38b1e30a9d36c63bea7dc02c8410,0,0x8602f7b5602b38b1e30a9d36c63bea7dc02c8410
0xd1bec028d9e87ec6224ddb05d327542e8a2e2566,0x612e2daddc89d91409e40f946f9f7cfe422e777e,1,0x2178e346d24d9dc0dc1591d2b0d90928e7b4dbdc
0x765c1d9b32bb20c143aeebfe56e6e7f15d2e8af0,0xa261cb7aa9d09cc042129a8471fc18e34a1daa02,0,0xa261cb7aa9d09cc042129a8471fc18e34a1daa02
0x04916fe946cc0ec5045fde5035e64ce277897ce6,0x5dbc7b840baa9dabcbe9d2492e45d7244b54a2a0,1,0x25121890f2db28a309324ddb9a178d45c9457cfa
0x6c5650a441de956d6147fb0d697f628b943dd37a,0x5dbc7b840baa9dabcbe9d2492e45d7244b54a2a0,1,0x0c7fdd81899d8a7485cb84b297f9758a574e04e0
0x3bc1a0ad72417f2d411118085256fc53cbddd137,0x4e59b44847b379578588920ca78fbf26c0b4956c,1,0x2a069e21395dc7f89f780f8cf5383a0ff598b672
0xa67571f7a10c1e30eeefa42bcdd1a9548876584c,0xcf94ba8779848141d685d44452c975c2ddc04945,0,0xcf94ba8779848141d685d44452c975c2ddc04945
0xdc7411d597111c83d7bcbc7c7523e9b2cd22c9eb,0x759c5f293edc487aa02186f0099864ebc53191c1,0,0x759c5f293edc487aa02186f0099864ebc53191c1
0x7956648e85a138562c14af9b1df41580829bcd70,0xbb7a17b6ccfb6dcd152e098d7c8519f0b334cd13,1,0xeceaee423713da1e62fab50b7922e77d2a15cd80
0x56b9bc878ce50e861540c8e977b4e45fdc303dff,0xc7a49fb49206a46a4cfdfddb0743429dd2d21023,0,0xc7a49fb49206a46a4cfdfddb0743429dd2d21023
0xb6d73a79fa832c9de097a45e734cb16b7913d4ae,0xb017696fa0959879e714b86563aa1225890686c9,0,0xb017696fa0959879e714b86563aa1225890686c9
0x2037358e912b58799e2bad2b074ae665b086d199,0xf74b146ce44cc162b601dec3be331784db111dc1,1,0xe48ac0deeb484f7df6d1ca554dc9bf517a0a597c
0x631a82838474bdac1fe152ca0170bf36a4efbdf5,0x7354936bc7a72c8baf5a2f9262e70a52c427be4a,1,0x4d642882f3a52290691d2328d65b31147e0ae2e2
0xbeaf6476f2cddcece8bd9f67ee14b9daf2120d6d,0x7d217bc3d6a1d3808987e826518fd6e669404715,0,0x7d217bc3d6a1d3808987e826518fd6e669404715
0x73211214d4597bfedce8c53a5f560af01d58e4e4,0x612e2daddc89d91409e40f946f9f7cfe422e777e,1,0xfbad886279449324d40aada9b1be4eb2c258bcdf
0xed82e95a3ca0395e1563a81bccd7b6f29d64db5a,0x9f6ccbdc6e8433d3f19ea28d1a4687e6255757ae,0,0x9f6ccbdc6e8433d3f19ea28d1a4687e6255757ae
0xf76deeec7c55b5b494181d67d4035df82d872e92,0x5dbc7b840baa9dabcbe9d2492e45d7244b54a2a0,1,0x6cd7714dc15e67bebd77b68c47d92fafed75b56c
0xa1397bd04e6ca521565dd94ce8077de70814004c,0x7354936bc7a72c8baf5a2f9262e70a52c427be4a,1,0xe539fd23182f10e8cc03ecfbf8be2ab0b072dd5e
0xb8fbdd3ba23bf01ea81b626effb58b416a9aaaa5,0x612e2daddc89d91409e40f946f9f7cfe422e777e,1,0x78ac3bb69c0d3000de0f4ee0ee907c60d502aa57
0xb4fe47ebe692178d0258dea606c65055016df1a2,0xeb68d5e4697cd018180116436993ff70025137a1,0,0xeb68d5e4697cd018180116436993ff70025137a1
0x2a3354fa9cc9fe4e61be5568be1e88bc4ae1cb55,0xe593cbead4b28a86cdb1ca4e5d6980a51a732964,0,0xe593cbead4b28a86cdb1ca4e5d6980a51a732964
0x7276ac2e92483e339095536b01d1f791ad40a3e3,0x1ca2007d4f2bc0ec2a56ecb890e56e05f36182df,1,0x52539ea869f7162bc18f9c3c2db595f2cd69f63b
0x277a6b5efb7229a9d7fed8480823a4d4562aab85,0xb41f29aab49575288fdf851c7093dedeaaa066db,0,0xb41f29aab49575288fdf851c7093dedeaaa066db
0x86f8cdc3ee94fb7a5006aafde925c2fced22a896,0x000000f20032b9e171844b00ea507e11960bd94a,1,0xe0603ad4543099499bbf21f721e6f2265aaada75
0x3e5b413a332bd8c1ba0701534cb0f76b458fc9fd,0xe10f6f23b379a2cf8037aa78c0d87af1d6cd5afd,0,0xe10f6f23b379a2cf8037aa78c0d87af1d6cd5afd
0x03c77215670ac38d3490e080edce3fd26c9ec874,0x58add5015bf447ed729893a9af6f60d8bb62504c,1,0x810601ded372dddcb497d426d4e6d0db05978404
0x3c274f39990b6ccb32394ab99c1e28d464f78839,0x000000f20032b9e171844b00ea507e11960bd94a,1,0x3f6c41ec85d99b17dae1ab00235564d26750ce49
0x0343a2fbd07307ffacb4689675a1b41521d4b5fc,0x612e2daddc89d91409e40f946f9f7cfe422e777e,1,0x7fe6163404f88f6cd55ca39eef778cf25eec2603
0x3f59513d6d2150504e7c7f6ade7e63785d7cd860,0x612e2daddc89d91409e40f946f9f7cfe422e777e,1,0xa11c0712bc12d600966ff28db0ff1165fde30991
0xbd0753b10323b8844ff7835922509940d5f9a83c,0x612e2daddc89d91409e40f946f9f7cfe422e777e,1,0xbd58f63fddf98e19be4656b027639bcb4b80978e
0xa536480a5b02b507919fbb43bc5499f7962b6b1d,0x612e2daddc89d91409e40f946f9f7cfe422e777e,1,0x2e1f193c2a8f5719bf0d80a1f18e31078e78ad54
0xd9aed1e500e9478d77059d4c87950eb694bbd2fb,0x000000f20032b9e171844b00ea507e11960bd94a,1,0xe0ff2810bd6fd2b2a6463efe533828108a7af7fd
0x1186a7d57353a70960531587bc28c0b15311dc19,0xd31e90a7b66fdffdaf4f7ae51b43495309ef6be5,0,0xd31e90a7b66fdffdaf4f7ae51b43495309ef6be5
0xb552152d6390bf753d8c08f58b59da1174f7b649,0x73ff9875333c2ceb1c812902ccc5f556b6bb6ed0,0,0x73ff9875333c2ceb1c812902ccc5f556b6bb6ed0
0xf22abb024d56eab42d57eb039f6c0a74afb25bec,0x7c912fe29c59d65c53ff80cc1e955b4d81e5a571,0,0x7c912fe29c59d65c53ff80cc1e955b4d81e5a571
0x5cecde6c6c8eb6942c60e5739fb7e55efe568316,0x612e2daddc89d91409e40f946f9f7cfe422e777e,1,0xa29af34d03af527ea2a2d388fb675e7b977b08ac
0xd7f2148438fb76cae148b4cafa59c755a9c8da8c,0x82ccc769b300812f0e49be21b37d9a29e13b0b35,0,0x82ccc769b300812f0e49be21b37d9a29e13b0b35
0x93e0a844e57f458b51f5a77d78ddbba4a2efdded,0x81845ec7df4fa5776998053457b8c4fb1e60cf84,0,0x81845ec7df4fa5776998053457b8c4fb1e60cf84
0x30b9bc707f73b30c035cdfd41e27b3a0bf687f7c,0x000000f20032b9e171844b00ea507e11960bd94a,1,0xd2a60bf35e8474f98b0612df6aef0fe39beaccae
0x2d6325d38ec1b669c62e94cfea0510062c29b635,0x000000f20032b9e171844b00ea507e11960bd94a,1,0x19ceb0e24563ac68b7a559623645e021aea2ffa3
0x7bb44d77f3124c706051e94dc732bef40b07e796,0xb2019531de3bfda451668acfe40fb3aee59975b5,1,0x9b0a80987a225f2001668d56db6a31c639145116
0x70a21b53b8f7bfa058cb52c354565d562ca087d6,0xed0822a7ef145baf1065b500e89420ed1bdef243,0,0xed0822a7ef145baf1065b500e89420ed1bdef243
0x61775831f5f31f000ce65d150d3ff63158972fb7,0xdecf4b112d4120b6998e5020a6b4819e490f7db6,0,0xdecf4b112d4120b6998e5020a6b4819e490f7db6
0xc85ab6eb109630caaf73997f400b99c8b58b29e7,0x02e264b2d83c61c3983513d57eaaf6ed32918a7b,0,0x02e264b2d83c61c3983513d57eaaf6ed32918a7b
0xfae99fa7ecc5f03343c79a54d7176282be7d76b1,0xb4ea9a0c1edd5c41585cd3715a1269b9dd3105a5,1,0xb858a3f45840e76076c6c4dba9f0f8958f11c1e8
0x656230e3076325a4edee615becc7fd66bffad4bf,0x3a9530504463f866269a29873610d350f088ed1a,0,0x3a9530504463f866269a29873610d350f088ed1a
0x46b0edf5dd320dea871b3cdeff66ad997f98ca85,0x845e48bc4c9c96f44498239d4b2a66ceb5f2c1d8,0,0x845e48bc4c9c96f44498239d4b2a66ceb5f2c1d8
0x7072fe1bc0345799960f552d789b35c396bc3c40,0x3b612a5b49e025a6e4ba4ee4fb1ef46d13588059,1,0x09404fc75de1417895f6f6ab74f56f0ffc1f221b
0x637278fc20326c561543d318b31f0f25b14ab688,0x03709d926e861ecd581b1f0a630ced95f73125e4,0,0x03709d926e861ecd581b1f0a630ced95f73125e4
0x67bea0215384edde130c7d68e0a8eab7880160fb,0xaef3e8c8723d9c31863be8de54df2668ef7c4b89,1,0x7a99f98d44a3aef69e9bdd888022e267e71d98ca
0x20aeddb9777015b3c3f0e70578d9aa67dfc8c3dc,0xed6203bab5b90c126a09eefb683d1261a6779f06,0,0xed6203bab5b90c126a09eefb683d1261a6779f06
0xa9becd1e813037b4e46854d67fbef8b3d977d4d4,0x3b612a5b49e025a6e4ba4ee4fb1ef46d13588059,1,0x9cd0b37aa73bf74ecf3212242a718d3a2505cb16
0x40eacc95097007fcac23a8ba33323bdfcd2dea7e,0x02085755fa2636a2d6bfb11d98a07618231a1c8d,0,0x02085755fa2636a2d6bfb11d98a07618231a1c8d
0xe75ef1ec029c71c9db0f968e389331609312aa22,0x09e4b1360245fefec758376dde5ea18d53787be8,0,0x09e4b1360245fefec758376dde5ea18d53787be8
0xdd6e7ff87ce5e19f7856280a24f1eec612947248,0x000000048797808be86aa9786c1f402671192d6b,0,0x000000048797808be86aa9786c1f402671192d6b
0x9201a886740d193e315f1f1b2b193321d6701d07,0x02a522d98ec2d2c3bbe91acc29ee7fd32ab880ab,0,0x02a522d98ec2d2c3bbe91acc29ee7fd32ab880ab
0xe165dbf07e358e47bc64010ec903e76419868c10,0x19b27469edba628c4c3e3221d3713d387b8589bc,0,0x19b27469edba628c4c3e3221d3713d387b8589bc
0x1034a90081f8c4972637516a3f420564a4b2ab64,0x000000002c93cad6f9cfd00c603aef62458d8a48,1,0xe26d78c6bff297bbc2da3f80fea9a42028a4260f
0x5d75fd351e7b29a4ecad708d1e19d137c71c5404,0x000000002c93cad6f9cfd00c603aef62458d8a48,1,0xe26d78c6bff297bbc2da3f80fea9a42028a4260f
0x45e13d53230285ae15f7059bd89d9d932fbec73f,0x76f948e5f13b9a84a81e5681df8682bbf524805e,1,0x54115a13047fb10c3d5849fff1b23efaa010ce09
0xf144aae8dcb25a612a9e36fcf5447ed97b2a8650,0x612e2daddc89d91409e40f946f9f7cfe422e777e,1,0x2d93996352c01e39350387341d15cac67a621784
0x447dc7a76e597d02a5046b02b01fba4bf6baa305,0x442295de8a31d65026dbc09c29d469f6854f188a,1,0xf42816cd44f68d99efade1521d4f0c49a935dd95
0x8e8a34ddc87bbdf846680598aa3ab55b533a6e25,0x76f948e5f13b9a84a81e5681df8682bbf524805e,1,0xd60f0a911dadbbbb1a74744471201fe92f29c08e
0x3ef4cbe2d16420dea700acd6cfd05954fd5ddd3c,0x4369cea3ea6b07fac2a506e5954d1511a2936042,1,0xfbc3b76a206f03f1edbf411f280444cd3fd9c7c8
0xabb3738f04dc2ec20f4ae4462c3d069d02ae045b,0x48cef95fd927fdd5b17fdcbf2af8e82f4c064077,0,0x48cef95fd927fdd5b17fdcbf2af8e82f4c064077
0x6069a6c32cf691f5982febae4faf8a6f3ab2f0f6,0xf369b000f1496549055f0667417cf4d4ed9bc881,0,0xf369b000f1496549055f0667417cf4d4ed9bc881
0xa995e2c57b15478a30ff387bf5b863ea85b934ca,0x3b612a5b49e025a6e4ba4ee4fb1ef46d13588059,1,0x64e44f61615e6662cd70f1e57ca57b08c6660591
0x0806e50c0338d1d802073f44c5d9866ba6a9660d,0xd48cbd96d3dbbd91fe951aa59cf7fd04d1e01484,0,0xd48cbd96d3dbbd91fe951aa59cf7fd04d1e01484
0xdcf8d4e81f62d8420d5bc23cc2756ae23199fb29,0xed98af55bf714ed4f5131f3625c59bc1506a2ce9,0,0xed98af55bf714ed4f5131f3625c59bc1506a2ce9
0x89e4e71589efc209a2c0c274d3a9199b14080135,0x7021fcd14815f00b0e89841c458829739c05b00d,0,0x7021fcd14815f00b0e89841c458829739c05b00d
0xb86268d8f8dcd24f2c49221b42cc78ab63a582a8,0xc9eae131858bb939e5117b283dc2ca70b0589fc0,0,0xc9eae131858bb939e5117b283dc2ca70b0589fc0
0x4f3a24fdc4310a31dc718b2d00676fe5715c227d,0x5b046272cb9fde317ab73a836546e52b1f2d81f3,0,0x5b046272cb9fde317ab73a836546e52b1f2d81f3
0x604872a5bed0b37845c1b4f8cc6761b938b36739,0x65afd1bead7bf5b1289cf0862b8d8854fa61fabc,0,0x65afd1bead7bf5b1289cf0862b8d8854fa61fabc
0xd7b8d05a70c0e8321e0d43075dc1d409cb770b47,0x01ad75dc5a57680bd83bef6b9ba91dd21520543f,0,0x01ad75dc5a57680bd83bef6b9ba91dd21520543f
0x005e064fe72de79d63d903d9f17142870eeb43c5,0x612e2daddc89d91409e40f946f9f7cfe422e777e,1,0x9991dff64bb89d68ef51044a2eca0e9065c36b49
0x4d4015529c277d5955eac09c7e34103f0fa4088e,0x612e2daddc89d91409e40f946f9f7cfe422e777e,1,0x3e46c3c0bd863429bf108de329f6d56e857a6b5d
0x86351a00b58001e23978e19b44245e2b955cca7a,0xa132fc954338ec0d92bb5a7805e56908fb8dae8a,0,0xa132fc954338ec0d92bb5a7805e56908fb8dae8a
0xb1dd4ff937a18f8de6b8d244c696c683a7616b43,0x7f583dde152d9b475d5cc53a781373bbc5d1497e,0,0x7f583dde152d9b475d5cc53a781373bbc5d1497e
0xd56c7a0c1deb595f44bbe3701110ec1480322bb1,0x612e2daddc89d91409e40f946f9f7cfe422e777e,1,0xc068187ce296c872552c3e6cf788c6e65c37ce81
0x0fbf892788a3737d6d0914f5e7e1882015bec0dc,0x065ad5cb197d6a29b4fd33b3c4209a0e09ba857c,0,0x065ad5cb197d6a29b4fd33b3c4209a0e09ba857c
0xb685d10bfce3df8bdc757fe3da2f2b922f74849c,0x4c6e348056b8d35075af1d92d521f9ffdea531e2,0,0x4c6e348056b8d35075af1d92d521f9ffdea531e2
0xba0c9cf4da821dba98407cc4f9c11f6c7a5f9bbc,0x6d1c18bccde60142af23a3f8aa6f5f59c532a675,0,0x6d1c18bccde60142af23a3f8aa6f5f59c532a675
0xc6c542047046f138ebcb5967e268082e877b282a,0x612e2daddc89d91409e40f946f9f7cfe422e777e,1,0x0aa55b5405e21dd0c3ebcd06a5d0a982fdb44eea
0x7b70695e761eb828abed8c4d506f9af3a76ef4b5,0x72aca6af29b5c8df2db90df91884f0a3926ed0f6,0,0x72aca6af29b5c8df2db90df91884f0a3926ed0f6
0x3346f555bd73d1d27537ab628de4019855ff7852,0x33721d29aff47005910d40181cb0c9eb290b3dd0,0,0x33721d29aff47005910d40181cb0c9eb290b3dd0
0xc450f84aa49e14e0e300bc4902355f2350dd9b26,0xac77a336d596bb2d034b2cdca8018e54f7ab14e0,0,0xac77a336d596bb2d034b2cdca8018e54f7ab14e0
0x162f470e5d63dfc1eeef8fa089aef621dff0c7d9,0x7d92f9f0c67c50e70f0bba1d402343384d9c8988,0,0x7d92f9f0c67c50e70f0bba1d402343384d9c8988
0xcd51b81ac1572707b7f3051aa97a31e2afb27d45,0xffeb4df7bf90ec7c0c74d6632caed51157b41725,0,0xffeb4df7bf90ec7c0c74d6632caed51157b41725
0x4889698258f8cbe5b5135b02d43b9a237b198fa2,0x7d8cef6ac14f23b76b1deff4fe682bc49284150d,0,0x7d8cef6ac14f23b76b1deff4fe682bc49284150d
0x71f61e254f779c5755f1d4c9a12803c77fbd8cdc,0x612e2daddc89d91409e40f946f9f7cfe422e777e,1,0x2be21d553b9df0a46a6ebaf91abdd99fbc197f1a
0x8198d85fc1bd0d6b626fe58cc93d8cdb2347915a,0x2d73fe49da7b2744a86b9377b20e560573d613a6,0,0x2d73fe49da7b2744a86b9377b20e560573d613a6
0x8844fcb63ec30f302891a0b04e7f5af17b44503e,0x87eb9aa56bd2cb90fa7d379375a13f143dfc9124,0,0x87eb9aa56bd2cb90fa7d379375a13f143dfc9124
0xf5e931a6dd7d79e05399c9e559c941441f0ff19b,0x4b7a8ce7d004c5c68207f355f6a838c941ff6b96,1,0x42f713c8092a51a9c4db857754a1ac6635ca41e3
0x27dac8ebed589e93923ad47a90456e1677c25107,0x618711478689a68aa547480c2d9ba72fbfc31774,0,0x618711478689a68aa547480c2d9ba72fbfc31774
0x8821bee2ba0df28761afff119d66390d594cd280,0xa45d808eafde8b8e6b6b078fd246e28ad13030e8,0,0xa45d808eafde8b8e6b6b078fd246e28ad13030e8
0xcacb0a5bb1f52f00a14bda0dc85de81392b2892b,0x3978a70acce93153f524e8fcdcba1e3ace0ac05b,0,0x3978a70acce93153f524e8fcdcba1e3ace0ac05b
0xf141250d7a73eabae5d3c9b6a15fa6c14f5ff0ae,0x005d64623d8acf081e71664c9344086a54fc564d,0,0x005d64623d8acf081e71664c9344086a54fc564d
0x1339d95e0a150c4b8163268ccf2e81b1b6ce300e,0x7ad4894c4a1784b381c1764496e0d110704866b6,0,0x7ad4894c4a1784b381c1764496e0d110704866b6
0x457efd33def0bff2dfe33089d385898d919d3a10,0x8470d08ded248e140a329d46c82dce986047c4d8,0,0x8470d08ded248e140a329d46c82dce986047c4d8
0xb645e69580801eaac8435bfa21f94eb4575546b9,0x5dbc7b840baa9dabcbe9d2492e45d7244b54a2a0,1,0x1fbc83cd13be021207c8eb05e28858255eed4c8f
0xd925b8141d44e9825a802a40b8ebc5c763fd45fd,0x612e2daddc89d91409e40f946f9f7cfe422e777e,1,0xa2004b13db88f0f8c5ee71a18d42ec653a61da05
0x24f5cf5273e56bb5b02e3ade135db4c5b4b63741,0x2d9f34da5e716962ca2e70dec35bfcff86ed354e,0,0x2d9f34da5e716962ca2e70dec35bfcff86ed354e
0xa8b62866020970943de4f0e6fc4acf3e31636346,0x75939fa0d2f41542f5e8634ce88e2ae9bfd48767,0,0x75939fa0d2f41542f5e8634ce88e2ae9bfd48767
0x783f2d9cc6d245c9346a1ae1e23015ef8ab15f8b,0xf74b146ce44cc162b601dec3be331784db111dc1,1,0x42dfaf5266ad40ab4533f9806f5cc1df4c1eb363
0x31f121ba741e32c153e2af44f7b27a5a88336ed3,0x612e2daddc89d91409e40f946f9f7cfe422e777e,1,0xe25c561d67985d505d99786a6c242aba8d1b7cf3
0xd55d0debcd362b6603faa4ec73b667e5e21aec47,0xc5de42b455e44b17bac949beaab967dd08dd96a1,0,0xc5de42b455e44b17bac949beaab967dd08dd96a1
0x705ad9a781e061c15a2d6eeb068b35c156520182,0x000000008924d42d98026c656545c3c1fb3ad31c,1,0x9e33b27fb04873a7a59673bb619c29814f4ea212
0xbd4239f850e84ba2740e5b85dfd6679242071094,0xf74b146ce44cc162b601dec3be331784db111dc1,1,0xa75c93e895dc2fb3b034bf4ac59cf85c4c99ae1f
0xae21e2ad3f3cbb6060c217449423dafc4b293e9a,0x4b7a8ce7d004c5c68207f355f6a838c941ff6b96,1,0xbfae718628692dbfbbb8fd4d6189a8ee8c1f1b5e
0x87959e0c25dc736a781ca7ab5f07a54715c6d235,0xafe351d8da20d26b65ba3c1318ff018301115e91,0,0xafe351d8da20d26b65ba3c1318ff018301115e91
0x51eaa90d5f51c044c9f66a40f09fe314562cdf18,0xbc2cf7e1fa3dcf6a39877178efa0ea63ba763441,0,0xbc2cf7e1fa3dcf6a39877178efa0ea63ba763441
0x0ddc0fdb37604faaa713a387e95d9b9ca69284a9,0x0a0a2b62f8d2bc0f3cc04591a062978516d18c51,0,0x0a0a2b62f8d2bc0f3cc04591a062978516d18c51
0x178ed0d1d7d9e917216615346bf358c9fb81550c,0xf74b146ce44cc162b601dec3be331784db111dc1,1,0x5c8f77be6639cbd5b669e409c610926cc4e0e6ae
0xf8f0436fae8a1dfc2c2644cf2d5123d26e7d230e,0x8023902123497d43f27851bce3eaef603a9b461f,0,0x8023902123497d43f27851bce3eaef603a9b461f
0x4832d88a60c1bee42b3a8fa8c5dc74f1053c5413,0xf4f58f634a53f02c23f07dc2c04d5e1d9c9d4391,0,0xf4f58f634a53f02c23f07dc2c04d5e1d9c9d4391
0x43a432f0d831f90b36c9bf5014f4926d6d332043,0x612e2daddc89d91409e40f946f9f7cfe422e777e,1,0x77b954adf08f01bb68d836db80a8bc9e7689cb1b
0x6e7f37951a068bfcc98e5ec54c5378990b329ec7,0x7354936bc7a72c8baf5a2f9262e70a52c427be4a,1,0xbc88ae7f89939a4b21e5498f8fa0bc13de54cddc
0xf4c44c72a504abd7b5fa40fa13ec425b88893838,0x9f35af4727fb91114563d8a8f779a792cb557f3f,0,0x9f35af4727fb91114563d8a8f779a792cb557f3f
0xec1c28aefef5efa90749aab0200dccc14e7a94b2,0x0068dd81b3912f3fb7a8b1b8b6e6b7c7031e7f9f,0,0x0068dd81b3912f3fb7a8b1b8b6e6b7c7031e7f9f
0x1b756155f6520e50128ebc500452fab917cbb7c3,0x1002f401d4e664424e8e850d48603f702cf8c0bb,0,0x1002f401d4e664424e8e850d48603f702cf8c0bb
0x8a1e51dfe708545d6ad080a0ebbdd18a1b6f860c,0x897f103257e51fb643536099477d07070fdbf5e3,0,0x897f103257e51fb643536099477d07070fdbf5e3
0xd91d8fc31a8b0c554dacef6d95df0361bbd09130,0x4de31ffa366271f90a6da19130d7ae8ba2541437,0,0x4de31ffa366271f90a6da19130d7ae8ba2541437
0xeda023ea8d1814a032f1cb766fb1a0fb9f05605b,0x000000f20032b9e171844b00ea507e11960bd94a,1,0x001fd093d89b24f7de35bc47b6d01c750f398707
0x8ad385d6b9b9e68a75c9d386f6e244265e4d708d,0x2a259f94ede30a0499f1d83ff534026f6717f4f7,0,0x2a259f94ede30a0499f1d83ff534026f6717f4f7
0x6e55472109e6abe4054a8e8b8d9edffcb31032c5,0xe584b655a6d3d818998670f73c9c0702b66498e2,0,0xe584b655a6d3d818998670f73c9c0702b66498e2
0x5758b4ab426c0428fd11fe2efd58c206aa28bf1c,0x000000008924d42d98026c656545c3c1fb3ad31c,1,0xc3d909683270f33842dd8f566f8f960ca219875d
0x440278f0c88632c73abefb1713eb54f03400a372,0x612e2daddc89d91409e40f946f9f7cfe422e777e,1,0xa88fe6fa01fcc112bb2164c6e37d63395b923e5f
0x408371137bd844dfb5898fe408c9471d1be88b7e,0x51a6183bd47e0377175c13711fa39879554847ce,0,0x51a6183bd47e0377175c13711fa39879554847ce
0x68599c1f73b97f581339c51046b4a5d971f16419,0x039c43d65ceca9591897b9d37695122eb3212574,0,0x039c43d65ceca9591897b9d37695122eb3212574
0x50724f2e2ceda9430f628090e79711b50de931a6,0x000000008924d42d98026c656545c3c1fb3ad31c,1,0x951105516b9267192cbf341a8c0d0552ecae1f96
0x6fe0ba4ca0716c4ce8877fed85d91b7d78f82ddb,0xbc0917cb7d97a3e48b0948f866f8b00a175dba78,0,0xbc0917cb7d97a3e48b0948f866f8b00a175dba78
0x5c91b45c0cf860df7a915dfd6c6056cbfc1f2957,0xb2019531de3bfda451668acfe40fb3aee59975b5,1,0x447f38033f4005f82ff23ac7eae5ebf103a68181
0x9700d8f322328d80cd9ecad543fb87ec69a5df39,0x612e2daddc89d91409e40f946f9f7cfe422e777e,1,0xc97ad1c6bff84cb9121c553a697913a2a4675422
0xd3bb1ee774a7616af0a9934d04139a45fbbb0155,0x76f948e5f13b9a84a81e5681df8682bbf524805e,1,0xff1896cfc912ceda37319eba452906dea8cb343c
0x4f48311d92b4da00b1f52e7dcf06a4504854275b,0xdecaf2c7409f56bf1fc328cc014ba77a124eaa12,0,0xdecaf2c7409f56bf1fc328cc014ba77a124eaa12
0x74a88ac5758cd309e243b49721dd02bcae868f02,0xd7ada5e38afef6d3366e838058be56a211eb7935,0,0xd7ada5e38afef6d3366e838058be56a211eb7935
0xb50939b09994b161a76a0f2e7806b2aaa5329478,0x612e2daddc89d91409e40f946f9f7cfe422e777e,1,0x6d78b78fdfad5ced626117195c468f0132f3eb8f
0xf57e537010a217dda2ea64a276b8d48469b3b798,0xbd63249d019402a8545627d366bca4cf7f4bdb73,0,0xbd63249d019402a8545627d366bca4cf7f4bdb73
0x178fa011bb518c577015eb7e96d4407834ebf382,0x2d8d116876c2d1f7fca6fd61e2f598f75ca276c4,0,0x2d8d116876c2d1f7fca6fd61e2f598f75ca276c4
0xda16fd9b69955e34d9964dd0715af6b264cace0f,0x7354936bc7a72c8baf5a2f9262e70a52c427be4a,1,0x81db2fcc543a2aec5e5db96ec00122f5a5c98b8f
0xa714a412d9d682f2419d8f61c1af7cfed6f43eda,0x612e2daddc89d91409e40f946f9f7cfe422e777e,1,0xb4020ae7f6aac53552da5cbedb9aa506ba3f5469
0x79e5797b776238e2fa0a7b10c1e10b5274da1a6f,0x000000008924d42d98026c656545c3c1fb3ad31c,1,0x984d4f305353d7e613daf7a602c9034c6ee9af60
0x2d611c8812e243b17a96b4dd1eaacb02a7ecdae6,0x612e2daddc89d91409e40f946f9f7cfe422e777e,1,0xf9eb86cc61589d5abd844eda62cbe94561da2d16
0x5170df381ef64069611356dfe3fe51c6e4bfa902,0x000000f20032b9e171844b00ea507e11960bd94a,1,0x3b0c5f99c1c7398444ffb87d43e0f101c26e4e81
0xb2e2b949e61a6454a4eba7606faa6b7a8f6a099f,0x36f6e4aa6931fea80ca068ee99a43149ed6c8d76,0,0x36f6e4aa6931fea80ca068ee99a43149ed6c8d76
0x56457ce8f1e893fc92bf1a8f99a2ed298c87a55e,0x612e2daddc89d91409e40f946f9f7cfe422e777e,1,0x4822765ecc5cd56c3296838e1562936191246b03
0x6816b093072efa5290a1471a88fab5bbfef0f29a,0x000000f20032b9e171844b00ea507e11960bd94a,1,0x5dd99c17b77250c001b20dcebd8332708ecd4cfd
0x908ffa5af3262af22263ffd5bb81b64f9e3a425b,0xd612f455fc59fdbe3dcbcf05a2e7424a5551e38f,0,0xd612f455fc59fdbe3dcbcf05a2e7424a5551e38f
0xa62967df1c51f0651bf7c1b6d3c22e1ce96d8fde,0xe2ecda24eec64ac27adaa3c73657b39708763182,0,0xe2ecda24eec64ac27adaa3c73657b39708763182
0xa6ecc9ea6c61945e78a9ce3adedbdf486c976fd9,0x000000f20032b9e171844b00ea507e11960bd94a,1,0x300b61186d5267db3cc80ebc78b8eee5b4c0fab4
0xe1de7e2b7fd67f540878902f5e406705947a642f,0x7cbb62eaa69f79e6873cd1ecb2392971036cfaa4,1,0x11bcc8764af72bbe30a04c338034ea5cbd408669
0xeef06d40a020fa9d977e809fcd8c41575f54f074,0x3b612a5b49e025a6e4ba4ee4fb1ef46d13588059,1,0x778c3fb09218629baf40f7e27a99aac6ad203894
0x94443bd2a1f77fee68f23bd4d8537e31c7f3407a,0x3b612a5b49e025a6e4ba4ee4fb1ef46d13588059,1,0xd40f9cb21fad75c78def77191d9f98d42c658c66
0x81cf49e7acac042a2691f0eb3917733d88cd45a0,0x4c8bc5dd54bd78a2792b578bd2fc919196e64d77,0,0x4c8bc5dd54bd78a2792b578bd2fc919196e64d77
0x0028dfe7c1f1f49c88b6f18e304cc24e918dae36,0x660763a04736d9ef6c9128351a6173026039e35b,0,0x660763a04736d9ef6c9128351a6173026039e35b
0x902d3511a7440519b444e0b54c0addd54a15e030,0x4ddc034cd5294049570d64d08193c746d4d0a271,1,0x6e1c6a3fa1d3398c7afe71ed597250d46515690c
0x6b6544d0f9cec9d863f311d4f804f7079c526477,0x3b612a5b49e025a6e4ba4ee4fb1ef46d13588059,1,0x1b35a7c3bd1eda6dce269934e734494a38e35a84
0x69061a6e59cf3e8f5057bec548d331a24a6a167e,0x3b612a5b49e025a6e4ba4ee4fb1ef46d13588059,1,0xd28b9b9a8c387e1d8771865a3d2fe3dbbefc0254
0x87d6dec027e167136b081f888960fe48bb10328a,0x1a347f2aac8758e139c7401aec878ad174c19c8a,0,0x1a347f2aac8758e139c7401aec878ad174c19c8a
0xc8831233319a9b133110823f7ac5456fd128379a,0x11f46fff2624737aa0d38507e761b6ef770eb94d,0,0x11f46fff2624737aa0d38507e761b6ef770eb94d
0x57b4fba789daa5fec5c916795e997fb25554079a,0xa3e51498579db0f7bb1ec9e3093b2f44158e25a5,0,0xa3e51498579db0f7bb1ec9e3093b2f44158e25a5
0x3301457c2e75b3ce7e12f2dfcdfa22fab18cbf6b,0x76f948e5f13b9a84a81e5681df8682bbf524805e,1,0xfc985a1a5a4fc4f95d349663b72e39c5dcf3116f
0x3f921d2b0977978bbcd36f8350ced13f3dcbb644,0xa7e68700499ebcc36a00c9a595f2aeffb688041d,0,0xa7e68700499ebcc36a00c9a595f2aeffb688041d
0x9f3912947abec7233277077b8642656fe3d981d3,0x76f948e5f13b9a84a81e5681df8682bbf524805e,1,0x48eee1b187ab654787372db998aeea924b9ec5b8
0x71bf416a1f6542836d057cdcdbefcf96f8d15144,0xa6c5f2de915240270dac655152c3f6a91748cb85,1,0x541f3cc5772a64f2ba0a47e83236cce2f089b188
0x59d43c4f72a083dd3d0f6c5dadbb16a5c653588b,0x612e2daddc89d91409e40f946f9f7cfe422e777e,1,0x8ca8cd973e220f2fb63f59acca3fb6b6f5383831
0x6f5eef5e2c07ac9daa9b426e46848051d6bba315,0x000000f20032b9e171844b00ea507e11960bd94a,1,0x944a032ed101ff490ae14b9873833646e0b0b95e
0xba1b8693e3afd7cc3b304e9628287040a9e7d16b,0x612e2daddc89d91409e40f946f9f7cfe422e777e,1,0x7db72e6343e69c03f03105a0064cc042b6ee0e8d
0x169351c81c6017a686734d9763234e377d6e750e,0x612e2daddc89d91409e40f946f9f7cfe422e777e,1,0xc098ffff3fab06ba4ae530b68b8ebe78e753dae4
0x41bb7e987ac16665e88758dd1b6dbeaaaa58e4b0,0x000000f20032b9e171844b00ea507e11960bd94a,1,0xcb4de7db08b4dd0a9954fcfa0a09762f58436df0
0xfb4f451ca8a0e51e57ffc5ee11dc817e2dd27966,0x000000f20032b9e171844b00ea507e11960bd94a,1,0x3ea243cf110989b853b6480af2e2b7502ffb71b7
0xb0018c7c290911609db7d6e9204768b4c964374a,0x612e2daddc89d91409e40f946f9f7cfe422e777e,1,0x648fcc555a9c9c64c39c7b3c2354b5458ce5d332
0x743e6ca72d1d9dcb5360776a64487186c2923a5e,0x000000f20032b9e171844b00ea507e11960bd94a,1,0x4891471a2892b1d974361357fbc204a3649e39a8
0x9ba6c4ba297a6135694d6f311fe1c0c3b168b893,0xdcaba4bf782b693def3adf5b21d81de6328e00f7,0,0xdcaba4bf782b693def3adf5b21d81de6328e00f7
0xb57cbd27fc9b0cc7dca2050bd282fbc8a5de8cea,0x612e2daddc89d91409e40f946f9f7cfe422e777e,1,0x94c2a349a528180281e0c6f4fbacb544ca72beb3
0x7b85c96262b8642b80fbb9ba570bbb8b79bc4818,0x723bedfc02183ba2a63b50885dfbf3341e1d3635,0,0x723bedfc02183ba2a63b50885dfbf3341e1d3635
0xabecce96a3a78b9b6583557ca7812cd4104a69c6,0x000000f20032b9e171844b00ea507e11960bd94a,1,0xc2c0cc529ecbe680f32766990c8e52183657ffc1
0x62c0d6e39ca5b1ad7ebb5d80092748e173462543,0x612e2daddc89d91409e40f946f9f7cfe422e777e,1,0x9bfa80eef28a59b86e8981195883cb5db28fcc1e
0xbdad379944ca5a3d858d6e0ae7c64f0a55e78fc2,0x612e2daddc89d91409e40f946f9f7cfe422e777e,1,0x839c458f35cd499399c94b6e9b9d112b9fc36cde
0x06012c8cf97bead5deae237070f9587f8e7a266d,0xba52c75764d6f594735dc735be7f1830cdf58ddf,0,0xba52c75764d6f594735dc735be7f1830cdf58ddf
0x1fff1e9e963f07ac4486503e5a35e71f4e9fb9fd,0x04c8b14ee911a42eb413b1b380a57af164f33f30,0,0x04c8b14ee911a42eb413b1b380a57af164f33f30
0x4bbcc727822b99330bf164c0972fcf1b537caa78,0xcd6f7c88907276cddb1579e27b827111d980afc0,0,0xcd6f7c88907276cddb1579e27b827111d980afc0
0x7b86c7221a7fbf1f16f5ab3ec9e3f0d6807a1083,0x3b612a5b49e025a6e4ba4ee4fb1ef46d13588059,1,0xda00a06ab3bbd3544b79c1350c463cab9f196880
0x29fdafd65df0d9aa4ede8edd48899f7fc1442a14,0x281ec184e704ce57570614c33b3477ec7ff07243,0,0x281ec184e704ce57570614c33b3477ec7ff07243
0x86dbb5b18ac0b46a791a7a501f9565e59023740f,0x3b612a5b49e025a6e4ba4ee4fb1ef46d13588059,1,0x1df673a35451ba62fb2cf2abb5659cd5d86ab75e
0xe74ad906be90d3585202e0a85ad7a2afd531cac3,0x3b612a5b49e025a6e4ba4ee4fb1ef46d13588059,1,0x14b015a7a4de3b306b34cfde194949530f32c6f2
0xa553aae9b809ccfa6a0c6363cba666570dc8933e,0x16a2fcd1f1ce23a0b6f7dd602b423adf660366b0,0,0x16a2fcd1f1ce23a0b6f7dd602b423adf660366b0
0x1a17531d136a3a4e0ef05575867fc7c59dae3069,0x789c70ac6655c8f3ff885d50bcb4ac1500753592,0,0x789c70ac6655c8f3ff885d50bcb4ac1500753592
0xa3b83b9e98a3383d237ff71d410a431d7f612390,0x482d6f00bef124dd4d7f8632b7c66b54083f87fb,0,0x482d6f00bef124dd4d7f8632b7c66b54083f87fb
0x4135063dc85190660ed08790f59bc711d8b404c0,0x2945e306b9d4f4e4f19ebb7b857a96866e9d8570,0,0x2945e306b9d4f4e4f19ebb7b857a96866e9d8570
0xfba3912ca04dd458c843e2ee08967fc04f3579c2,0x1a1e021a302c237453d3d45c7b82b19ceeb7e2e6,0,0x1a1e021a302c237453d3d45c7b82b19ceeb7e2e6
0x079e6bbca96aa3a8afa3ca35489fc39277e4ed79,0x7bcfb903b06e74751ad9ba657f7d5389c40726fb,0,0x7bcfb903b06e74751ad9ba657f7d5389c40726fb
0x2cbe922f49f474179efa83ca1c5859b550253f3a,0xa6bc44a89510ceabface881a74b5b57df879da05,0,0xa6bc44a89510ceabface881a74b5b57df879da05
0x698d05cf2bde2ec749350e76321de85646dc0270,0xc4e60829d772ca5f566e45211becbf5f4cc763b5,0,0xc4e60829d772ca5f566e45211becbf5f4cc763b5
0xb9314c2a0a93e1ef33d049d4eb9fd6d5766e9bb0,0x0d15c6301078f5e665a228a40de5424742c88f27,0,0x0d15c6301078f5e665a228a40de5424742c88f27
0x4dfc974dcea9e185d33c60a7d5130a6d56dc7c2a,0x4709a6277d19f5f9e3335143ddf49920fdd2ffd8,0,0x4709a6277d19f5f9e3335143ddf49920fdd2ffd8
0x04d193345a8ba01d3b77d056743e3827e4accfdd,0x31ae2c2caec2bc9211cc6e55d73dc3e874babdbb,0,0x31ae2c2caec2bc9211cc6e55d73dc3e874babdbb
0x7a76ff8c85ad31579a96df05be260360ceabbe7b,0x612e2daddc89d91409e40f946f9f7cfe422e777e,1,0x38328514daead6120203a88afdf265198a7a5dcb
0x6f4ea4a853081aa72e7068e591abb8cab35f6fc6,0xe5a66dd8eda92b44b61d50eea3d6740a6967a90b,0,0xe5a66dd8eda92b44b61d50eea3d6740a6967a90b
0x04afa589e2b933f9463c5639f412b183ec062505,0x5295b474f3a0bb39418456c96d6fcf13901a4aa1,0,0x5295b474f3a0bb39418456c96d6fcf13901a4aa1
0x16e809fb264105a98305fe5ebe794e7da5ece408,0x0b0ef7d9d87fdb2deba35fccbbf6fc444ff1c449,0,0x0b0ef7d9d87fdb2deba35fccbbf6fc444ff1c449
0x235f25e2615b682b79d3b619fd7a4e0b3ed7e0c4,0x695684881d525b241e4624be6d2dd4b43e857269,0,0x695684881d525b241e4624be6d2dd4b43e857269
0x54c45f3e00a1aaa12946fe509923ff33dbba28d6,0x4076eca4db9684fa1d9bfac231cb516889a33e5a,0,0x4076eca4db9684fa1d9bfac231cb516889a33e5a
0x9ae6f69bfcd137eafe107e87cace4f7cc51838f3,0x19fa2976a8d55a8d733da471d6dcc1a308572b72,0,0x19fa2976a8d55a8d733da471d6dcc1a308572b72
0x2a6d6a082c410a195157ec4caf67cb9fd718f087,0x3e52531da35868993865c76e2851918c925d40c9,0,0x3e52531da35868993865c76e2851918c925d40c9
0xc84d4a45d1d7eb307bbdea94b282bee9892bd523,0x28b54bbb0d8bae51b9a0dbc4cb725f64ecc43639,0,0x28b54bbb0d8bae51b9a0dbc4cb725f64ecc43639
0xc46e2da43f071ef51efcbc08f7014e20d6ecaf7e,0xedf0e51bbf44f8e5ba01b126575246029b1c61d6,0,0xedf0e51bbf44f8e5ba01b126575246029b1c61d6
0xa328a85e40b2eab483f306b591fc7a1a90bebfc3,0xf74b146ce44cc162b601dec3be331784db111dc1,1,0xd6d0c9fc8f1f6cbca3472052df3678e5b29b2dca
0xdbf3908d32ece6f95628348e1343b052f774d20a,0x42b401b8d96a3f80500d375d1054ef7650a98fbe,0,0x42b401b8d96a3f80500d375d1054ef7650a98fbe
0x773b164b719f99bf4ba334fbfed2cda86971395e,0x56bd0706656589f6b3d8a7badd085378bd97447b,0,0x56bd0706656589f6b3d8a7badd085378bd97447b
0x9621f0773880b34f41fbb1a66b7d5aed7dec7bdd,0xb4d12a9328d363a3b9b4fb03f29723a34f81c96a,0,0xb4d12a9328d363a3b9b4fb03f29723a34f81c96a
0x31662a1d73de30bd08c1a7d10f716c54bfc9e429,0xd3d95ecbc251b6ce668a2abe88bb8821de9f6b91,0,0xd3d95ecbc251b6ce668a2abe88bb8821de9f6b91
0x7046e775726b8682e27e2b36d10242107789e633,0x3ca34bd6f32bf8b6a7f34bcd8d7a6b384754e0f7,0,0x3ca34bd6f32bf8b6a7f34bcd8d7a6b384754e0f7
0xc9ac4e9d0eefb0eabbca7ebc2137dbb934389cc5,0xd52d480672225a1dd8130854f4c5f132bb279a6d,0,0xd52d480672225a1dd8130854f4c5f132bb279a6d
0xd38bcd2c5fea65f0675764aa2c08f7bc0320c029,0x1ed826b8d24570db1a991c3e170177dcd1459a2d,1,0xc8a6bbe972594cd002aa4b63dec21b9a7924bd90
0x126cb17e340e92926f906e901d21a2de2da5b8e9,0x8f7ceaa4fd2e42a4b82ca51ed4b8690759de8fd0,0,0x8f7ceaa4fd2e42a4b82ca51ed4b8690759de8fd0
0x3d50c57d3c852c7eae2c8f3f481f0ecd1d95bd7f,0x1ca2007d4f2bc0ec2a56ecb890e56e05f36182df,1,0xa14fe103bc14c6a88f2784f2e018fd71a25e46b7
0x5238c88e6ab293b4831d63755bdd76df8ff5ecb5,0x612e2daddc89d91409e40f946f9f7cfe422e777e,1,0x80e913ffc537098f0bc84bf5488b99a42e2b3bd0
0xb8306666abccb703bf0d9232c95b6e1abdde126a,0x745d0fdebeff6f7beb7a001a841465e76c36607e,0,0x745d0fdebeff6f7beb7a001a841465e76c36607e
0x6d90aa894d7c845c248c8866aa246ac378aa15bf,0x3e37ff7bcc7dcfc3e93368e4febcd90840d83f86,0,0x3e37ff7bcc7dcfc3e93368e4febcd90840d83f86
0x4452d25e69d01b64fd198a11386b7fc8bbeb81de,0x895fe75d025efe41d30e38703ec28fab68545f03,0,0x895fe75d025efe41d30e38703ec28fab68545f03
0x31c6e456832052dbc337e2ac19c41ff37f9903a0,0x76de050980cbedbca6bec638637016ea5d467d7e,0,0x76de050980cbedbca6bec638637016ea5d467d7e
0x08f5f0126af89b4fd5499e942891d904a027624b,0x868964fa49a6fd6e116fe82c8f4165904406f479,0,0x868964fa49a6fd6e116fe82c8f4165904406f479
0xb5388cacbbfcf3de111f1da8ab88fc35b1854e3c,0x612e2daddc89d91409e40f946f9f7cfe422e777e,1,0x98f58234db66f99c65c51cbe86271dbf7b44d12f
0xb90935264b8f35efb90d191719a378f90778bab0,0x824dd3c146c1d3a952a524fed66666947195a8c7,0,0x824dd3c146c1d3a952a524fed66666947195a8c7
0x4ee0eb53f2084982e5b95fabd22d56760e90eba7,0x5ce68b7c03ba8f2697e50340e43ae068a7e1cf93,0,0x5ce68b7c03ba8f2697e50340e43ae068a7e1cf93
0xb55cd21cc18ace8ecb60bff12f1448c9d4babec7,0x257f75c99d45218bc1eb918c302e0c3e64ff2f9d,0,0x257f75c99d45218bc1eb918c302e0c3e64ff2f9d
0xcfeb5cbc9d85fd4d3294f2e7310c1cd0dae4354d,0x67c65ded1bc384b19c5201f79cee6426d673fb6f,0,0x67c65ded1bc384b19c5201f79cee6426d673fb6f
0xaeb2c7c7130a95ae5091bca1b036b135c82221c3,0xedf9a04061784f0826c147d9357b2bea356d2f8d,0,0xedf9a04061784f0826c147d9357b2bea356d2f8d
0x82aa436282827fb33e4bdea19f7b44bcf1cddbda,0x612e2daddc89d91409e40f946f9f7cfe422e777e,1,0x3002c27f1c82c80ae6512bc21198fe38d361b752
0x8c34e6e60731d1ff7e26c712ea1f798f90f29ec6,0xcf94ba8779848141d685d44452c975c2ddc04945,0,0xcf94ba8779848141d685d44452c975c2ddc04945
0x4f6d34039408db912647ca72bc94cec860e0e713,0x5dbc7b840baa9dabcbe9d2492e45d7244b54a2a0,1,0xc07152511eae075de555a0eef75301ae77d31861
0x85b9dd66c7428deaa90f05a7b8c16cdf40317cbe,0x4fd3bf4b285bcd30848327052abda467a16f9f48,0,0x4fd3bf4b285bcd30848327052abda467a16f9f48
0xd7852dc7742598cfb2e19cec9e0d7e8537ed14c8,0x19478179ef8bb7c4792a4041903080e097d137dd,1,0xa665cd9dcbd3eae8277a291515beb9f236fb3122
0xac4e734d14d241774dff7cd73e813eb9a741722f,0x5dbc7b840baa9dabcbe9d2492e45d7244b54a2a0,1,0xa8767c7e571c6a1111858f58550e713314954987
0x6dfb7660c5c81f5ffcd6aa4aea9d2f02989b4c58,0x9646daa95cfc7d101682b7517d355714644d40b1,0,0x9646daa95cfc7d101682b7517d355714644d40b1
0x6db6314e336093a0587807325e732d23f417fa32,0xb92b87a226cc740b3c5934047d3481fa87474de4,0,0xb92b87a226cc740b3c5934047d3481fa87474de4
0x00000000000009ca62911fdd88c8cf50565ab183,0x0000000000ffe8b47b3e2130213b802212439497,1,0x6544fa99fa7b6301ce366bc56c39397b7016ca1c
0xf53a70e7d2d22ff0dbf6e328c4b92f657bb306e8,0x2aec9d784289b15c682ffe669f08ac8f71929477,0,0x2aec9d784289b15c682ffe669f08ac8f71929477
0x8d91a807c656da89a7bddc6a21db876cd1397070,0x61555231b28abf77b5b6a13ebbb1117fab1db6c1,0,0x61555231b28abf77b5b6a13ebbb1117fab1db6c1
0x3bdca51226202fc2a64211aa35a8d95d61c6ca99,0xcac7c29bac18f080b98a3076b4e165886f509251,0,0xcac7c29bac18f080b98a3076b4e165886f509251
0x0e3cf9256b040c7e2b2644389161822956d99462,0x612e2daddc89d91409e40f946f9f7cfe422e777e,1,0xc020388ceb7f8d10df56be8ddbcf7ab6615838ff
0xb66caea47f6837b5a6c8903d9c4add6ee364ce88,0x3d6a34d8ece4640adff2f38a5bd801e51b07e49c,0,0x3d6a34d8ece4640adff2f38a5bd801e51b07e49c
0xc3b98831938b536c4fffabd1d08db8fcebbc1e18,0x51ba80e126624559d1563cb7de9ab1121f5688f0,0,0x51ba80e126624559d1563cb7de9ab1121f5688f0
0xc8de99cff72b8d7a0ff6a3d93019573be0599f65,0x6e42262978de5233c8d5b05b128c121fba110da4,1,0xb4d8d1207d121cca5daa80bb866c23f22a98b95a
0xdc9ededd8dcb52eaf978da63db2abb750b2231d7,0xb3590ce4861a79841b1ed9533adbdf3636660c59,0,0xb3590ce4861a79841b1ed9533adbdf3636660c59
0x1fcc4518946b23cc03cd288c41742e89ec806485,0x000000f20032b9e171844b00ea507e11960bd94a,1,0xa2151eaecd180edd4d11fff80d403e6fce7eda6b
0xe1015f04dbc291d3d1f088aa464a5fafe4676d9c,0x612e2daddc89d91409e40f946f9f7cfe422e777e,1,0x6cba4d974c6f4670b3278542b2fbfe73dcd8d2d1
0x1a4082cac7f14e2a74c15e992d8aeffbb9a6fda7,0xf74b146ce44cc162b601dec3be331784db111dc1,1,0xb523034f254ec4ba77a69977ad0c0dc79f1a8295
0x4cf1b1a0d0d92243ba12a785946646d797b802dc,0x3acf4eb191960c49860503f628a6f7c300b0e7b4,1,0x90e3b67da3cace2349855dcd2b695ad1b370aa4b
0x28cf22ac996c094c67748d7d8a41f56aad60f6a2,0x000000f20032b9e171844b00ea507e11960bd94a,1,0x8ceb1fa3355fac32a691280e0519b09264d01f43
0x998bf3bc95c6816fa553181b8b0b47781cfdee68,0xaa060b1cdde1e12b090c1d73cb2cde3fe5354aff,0,0xaa060b1cdde1e12b090c1d73cb2cde3fe5354aff
0x5a1ec1729d8b9b78d3d7c1e9c782e2cd0476c4b6,0x612e2daddc89d91409e40f946f9f7cfe422e777e,1,0x26ef03a20aaeda8aafcee4e146dc6b328195947c
0xe1b334f1ac1bf7089d1695517ec366a8ab37ed81,0x000000f20032b9e171844b00ea507e11960bd94a,1,0x7418d9810683650e4bd392782848961a8c67aa87
0x9f284536177990aee8edf3ee575c9fa74a935fae,0xd83a1d8bd37545f235832bac088c24a3662f6526,0,0xd83a1d8bd37545f235832bac088c24a3662f6526
0xaeaf497b22b0f83b56ef6bb03b3a9dc17f26666e,0x4f67adb6fa48688c27e08de3b531f2542afd5df3,0,0x4f67adb6fa48688c27e08de3b531f2542afd5df3
0x2e591da6e9f4d26504aa683717538473301bb55f,0x612e2daddc89d91409e40f946f9f7cfe422e777e,1,0x1f0437378ada995f8423a252c3487ab552b73c3b
0xb76f2677ff152b6e0fbb626811ed7e8687bf3714,0x000000f20032b9e171844b00ea507e11960bd94a,1,0x296d21e6f78b6ffb3a2dce23aaafbcf40d94baeb
0x5cb3c19243d46a4cd821472c6e8c713572e449bb,0x12458f85a2f5edba82d9c4abe66db3c6803443a9,0,0x12458f85a2f5edba82d9c4abe66db3c6803443a9
0x3edbace8ffdb5ecde401f80e69d1868a6538defe,0x9cfcf39865bf29ace3e9f12eb8fa15a351faaf3f,0,0x9cfcf39865bf29ace3e9f12eb8fa15a351faaf3f
0x9c447b44cf6240b308a6f04dcbb7f71a368e2f79,0x08f67330850e8a7076a972d1f42f7794f526e78d,0,0x08f67330850e8a7076a972d1f42f7794f526e78d
0x1fa9a9aec0e7fa4722546a7a13676ae5d65855f6,0x19478179ef8bb7c4792a4041903080e097d137dd,1,0xc8ead785187b816aeaf6387aacb4ec0d826868d7
0x69484a514fb7bb62db87065d142fab938b0bb78e,0x0000000000aec84f5bfc2af15eafb943bf4e3522,1,0xe4b3ea365c5a700a85fb1db79abf45714db5bc6f
0x832816567c3bbecf10f9a3972f23fb8cb3056873,0x612e2daddc89d91409e40f946f9f7cfe422e777e,1,0x4bbfae6307eedd011dca96a37c1cf86d83f1bc59
0x09f49d21f95bd8c4234dcfa1c741e4e9ff6c7e2a,0xea968e6ac95a95c68bf66decc803a1b2848cdc4a,1,0xcdc4f207b7e8aba22d9232ecf5fcb46be692286f
0xf67a0882da676db032c4fe70589ac73e1e583d81,0x3b612a5b49e025a6e4ba4ee4fb1ef46d13588059,1,0x4f0a9445b9b2d5a2c27814cdd92cf6da0e42dff8
0xaf20fea14a342cf5e5fb599f10c1eb92b3f34ef2,0xbfeb1377abb1b487bd7cfde4b751445923249e9c,0,0xbfeb1377abb1b487bd7cfde4b751445923249e9c
0x039ad6000d8ec1081c4c57fe9d6b791ffb36cf8a,0xea968e6ac95a95c68bf66decc803a1b2848cdc4a,1,0x61da99e5dd832f57ab1ff9a5c1a6e5d7f0dccf62
0x277f448a4d43318ea626fd224b3bf77295387d68,0x003a324f92f3da19f1816c7449bab8d02ffffde9,0,0x003a324f92f3da19f1816c7449bab8d02ffffde9
0x86cc280d0bac0bd4ea38ba7d31e895aa20cceb4b,0x164e0d92eed7c397c675fede671b49ce2b289d1f,0,0x164e0d92eed7c397c675fede671b49ce2b289d1f
0x675847d7b8b5b196a2ac461e35fb544e1967e619,0x1e364eb88cbbabec80bcd7688f7059274f54a39a,0,0x1e364eb88cbbabec80bcd7688f7059274f54a39a
0x54e0395cfb4f39bef66dbcd5bd93cca4e9273d56,0xf1ba76d490183a10b29f4dfc89d84c1f9b41dd3d,0,0xf1ba76d490183a10b29f4dfc89d84c1f9b41dd3d
0x0f89ee5d8208656911fe64d1c1f7f1a9b91025a0,0x3b612a5b49e025a6e4ba4ee4fb1ef46d13588059,1,0xad91a7c4052eda333e981f701d6b56158e57b961
0x80cc9bd27b949daa510c2392c13c1847cae80bc9,0x61b262695b5637a5367a153ed4168d2689f41bbe,0,0x61b262695b5637a5367a153ed4168d2689f41bbe
0xc29f534013a5d9566c206ec0060c192e57741a7d,0xf00f2b96410d027ca2cfc9df6ed029a82fea47bf,0,0xf00f2b96410d027ca2cfc9df6ed029a82fea47bf
0x8c4d7a4c8940dc477a27dcb395d9152aa28ecb93,0x0f7b881d71ef1996d090b5e59a4645d3e35a002d,0,0x0f7b881d71ef1996d090b5e59a4645d3e35a002d
0x07ca8eefcba6e9a3d775c1ea3253401f53c14889,0x317f13cd5d21455dbc938648496a4d90049d01ca,0,0x317f13cd5d21455dbc938648496a4d90049d01ca
0x3db032ef2e0b62261665f757d98e1379e5806163,0x76f948e5f13b9a84a81e5681df8682bbf524805e,1,0x8aea808e4ab3621ff6b32740d3a9d60dffadefd6
0xb98858fea8cca33993c8e765309cc042bcca6848,0x91f2edc3290867931d9d6ce97648bd0558c4a3aa,0,0x91f2edc3290867931d9d6ce97648bd0558c4a3aa
0xa1cf615003464ab30c1c6a7c926f52788e64077d,0xf9e30ba8df802eef5a0fb239d59dee05f18b2e49,0,0xf9e30ba8df802eef5a0fb239d59dee05f18b2e49
0x44466d62d75bc460a2f4396903947c1408d1c95f,0x612e2daddc89d91409e40f946f9f7cfe422e777e,1,0xa32dac7aafa867bf2fb8a9d450b5815828bbbe1a
0x302d024b52017888e9cfa1b33585ea2e06032f2a,0x000000f20032b9e171844b00ea507e11960bd94a,1,0x3861bbc0f3c714d871fb1b4be2b34992fa9efe00
0x81b4f82634e32b4e143da3ea049c03d44e3f6b39,0x000000f20032b9e171844b00ea507e11960bd94a,1,0x7fc2f7554539dbfb9f16259e2cd2368be9c6a7dd
0x2719d21f94dd42888e2200c8e03274515103ed91,0x76f948e5f13b9a84a81e5681df8682bbf524805e,1,0xde517bb751a7215c67dc57541f927c2bcfc0143f
0x0f7f747204f1cd489edf5f01ddbd875c1a0b732d,0x612e2daddc89d91409e40f946f9f7cfe422e777e,1,0xf62a4d788febc809e81f4deaea9a80cc2d5d6a16
0xe200691bc8777a103273e01f24e896cc18fe2b65,0x4ecdced738239467a361034bb29c489793a7d3f8,0,0x4ecdced738239467a361034bb29c489793a7d3f8
0xc2899468d67cf08683affa8034560ab782efe536,0x36b2310e0ab8a149e3f4b1d87a644869aba3bfd9,0,0x36b2310e0ab8a149e3f4b1d87a644869aba3bfd9
0x2df2f8c9a991ddeeafc9d7d9b8ffa736a6565df5,0x55788a8a818e16938d84851b790759c29b337bb2,1,0x14b015a7a4de3b306b34cfde194949530f32c6f2
0xcaae9b09a4ed99b4bee7235474a3656ce4056dfa,0x000000f20032b9e171844b00ea507e11960bd94a,1,0xc7e50969dc94db8fa5af5c90a2d317b0453ac129
0x5bf2419a33f82f4c1f075b4006d7fc4104c43868,0xe8ea8990643a0431e4b28f7f7f6878aab88fe424,0,0xe8ea8990643a0431e4b28f7f7f6878aab88fe424
0x0eebc89b2d62a8325da0f95c32a7fb022d001cf2,0x612e2daddc89d91409e40f946f9f7cfe422e777e,1,0x7866d20529ab2d70fe3c5a8384905fa5e811b813
0x21468e63abf3783020750f7b2e57d4b34afafba6,0x4d7921c911c9880813cf7f553cc8832320174a11,0,0x4d7921c911c9880813cf7f553cc8832320174a11
0x59f0f9b11d9ddd42123cecc7d606247c578e4d46,0xf4f58f634a53f02c23f07dc2c04d5e1d9c9d4391,0,0xf4f58f634a53f02c23f07dc2c04d5e1d9c9d4391
0xe038a152f1e298193c6e2dd5f7d28cb80e807614,0x612e2daddc89d91409e40f946f9f7cfe422e777e,1,0xa29c27b6d3fa227bf421754cc11a92d4694b154a
0xcff7ea4f3a708f5eac952079ac0d79de9ad825a1,0x612e2daddc89d91409e40f946f9f7cfe422e777e,1,0xdd25d356505f1848441f329354be174f7e4ac7fc
0x102c527714ab7e652630cac7a30abb482b041fd0,0x3f8c962eb167ad2f80c72b5f933511ccdf0719d4,0,0x3f8c962eb167ad2f80c72b5f933511ccdf0719d4
0x0c33d83158f44f9af37a3b68a256c792fe554be0,0x0c9e725902f2eeec063c16d253f38684e3192001,0,0x0c9e725902f2eeec063c16d253f38684e3192001
0xa3f2f7289538ee1b9f94f88834e1b35b519d2015,0x6a4631279ccce80f7625b0434447f000f5a406cf,0,0x6a4631279ccce80f7625b0434447f000f5a406cf
0x5df89cc648a6bd179bb4db68c7cbf8533e8d796e,0xd29922843a9d20a9ad2cf59bdddbfcd5e1a1d44b,0,0xd29922843a9d20a9ad2cf59bdddbfcd5e1a1d44b
0xcf3d707e2b3b3c76aa08f20afb7887c4114f5703,0x139c8919ce2b7fb8a04f929d83b8c54c116c692b,0,0x139c8919ce2b7fb8a04f929d83b8c54c116c692b
0x3badda62fe3ee137548eb5ca0df1be0b2f960418,0x139c8919ce2b7fb8a04f929d83b8c54c116c692b,0,0x139c8919ce2b7fb8a04f929d83b8c54c116c692b
0xda34cb1e8f9e5616b4d0ff3cc5716d8aca7ae66f,0x139c8919ce2b7fb8a04f929d83b8c54c116c692b,0,0x139c8919ce2b7fb8a04f929d83b8c54c116c692b
0x07887ee0bd24e774903963d50cf4ec6a0a16977d,0xe8cbd9ac7c7988ad4119707c8b6ce5844125d246,0,0xe8cbd9ac7c7988ad4119707c8b6ce5844125d246
0x0865a889183039689034da55c1fd12af5083eabf,0x1c11be636415973520dddf1b03822b4e2930d94a,0,0x1c11be636415973520dddf1b03822b4e2930d94a
0xe6baa507865b0d1b08a43aea8c3f9057e784a696,0x3b612a5b49e025a6e4ba4ee4fb1ef46d13588059,1,0xcae6e0ecb95b9ed410c71a6aff1e35497fd3b387
0xbac489f0ea3d8ec96d52d3663390706587aa9556,0x6b9375e448542a0b508bc62e0b30407ba325dc46,0,0x6b9375e448542a0b508bc62e0b30407ba325dc46
0x33cf98b8a4ecfcaac56c7c7190ad0667aa12ee44,0x3b612a5b49e025a6e4ba4ee4fb1ef46d13588059,1,0x2ca58ba551c2566980a9b53687309c2ef6088435
0x19ba17ff8738cec920f2939ee39e6fac1a6785dd,0x2284f2d1d3cc5b7be2752408c432e53002f21731,0,0x2284f2d1d3cc5b7be2752408c432e53002f21731
0xef72ce27cdfb62382f0e38f7a0aa84d9f4b32d70,0x3b612a5b49e025a6e4ba4ee4fb1ef46d13588059,1,0xf8c7bd04f1986f5c94665bc609fb981be367972a
0xf3f8257fbcfdeff9354b6a0e1a948f7a5ff135a2,0xa4679059bf5ffbf9595b215382a652b61dc15436,0,0xa4679059bf5ffbf9595b215382a652b61dc15436
0x8067753263b68cc321bafdb024c32c664eca1110,0xc8df9af1e99cbadd4c3dd71c01044d87c88180c1,0,0xc8df9af1e99cbadd4c3dd71c01044d87c88180c1
0xe8edf88eb4dc19ef6dcb72f89dc3404bde3dfe75,0x612e2daddc89d91409e40f946f9f7cfe422e777e,1,0x872e5925d1fb3a63176129d9b576dd7c196a05ff
0x449f661c53ae0611a24c2883a910a563a7e42489,0xb812f503607ee2259e9607cb5e5836b550ac6492,1,0x1d8298b03e96ca6294a22ff9f1139eb6d13d11eb
0xda8bfad34515da78346e4016335109fd0a1712c8,0x612e2daddc89d91409e40f946f9f7cfe422e777e,1,0xa6aac7290bf8a62461f35119163587e0ea48a4bf
0xdde9456b45c44e79ab7306201e7f515578cb6872,0xf8928bbd7c7a46a9738f7da213e30bbfe8764388,0,0xf8928bbd7c7a46a9738f7da213e30bbfe8764388
0xd375cfb50297f956954b1d51a2ff6976dc232ada,0x612e2daddc89d91409e40f946f9f7cfe422e777e,1,0xa05261931f3ad03a49a8a14004d8eb9a797af43b
0x66fc8151ebc0d3a9d58b47c80f910485403c07a0,0x7f243bc585dc218d6b33949c02d01ac3b007aaa5,0,0x7f243bc585dc218d6b33949c02d01ac3b007aaa5
0xbf7cb5b7c2acedce184bb5bf8d0bf2b13fb726d5,0x10844a040d1c3eebb76286e9916f421aa3f27514,0,0x10844a040d1c3eebb76286e9916f421aa3f27514
0x8d2a86924d260b3702ea4215ac0b10ab83dbecc4,0x8b375c1488cf58524bacc962a2be732189906739,0,0x8b375c1488cf58524bacc962a2be732189906739
0xd5ba5b6c85727633528716472494fc0015429426,0x5970c59bc7d265b990b66d69f4eb90c28b08e547,0,0x5970c59bc7d265b990b66d69f4eb90c28b08e547
0x088a3f7bc522e903748fc9e93779bd01a50460fe,0x617a5f1ac3c9e3fc8720a5573255005806eb3523,0,0x617a5f1ac3c9e3fc8720a5573255005806eb3523
0xd0d3b1a3801925bf01c41bef3f831e1cb6b44fd5,0x612e2daddc89d91409e40f946f9f7cfe422e777e,1,0x49ed1afe35b048c51e74f88985192d12693d2c10
0x70268df87bf044e8eb9a22d4487b1f3bc65c5166,0x612e2daddc89d91409e40f946f9f7cfe422e777e,1,0x5c87758be1ebe8e18b82a535290b0e8525258a43
0x6327f5874dddc6ef71125ce00698c330c20c25d8,0x2c325156416cc7b701151dafb6d4c0bdf0d398f0,1,0xc00d315682a2173a6e13469027b83f02d86632f1
0x0f76d801863d58315f2820964e7e4358d8cebf12,0x1257400e85b69c4efc4de33170ca11bec259bc7e,0,0x1257400e85b69c4efc4de33170ca11bec259bc7e
0xcf42b202d2193cc929b693d663b098a93ba6b0e6,0x8d8a4b045e3aacf46e2ad3a404f00d5cf058cdea,0,0x8d8a4b045e3aacf46e2ad3a404f00d5cf058cdea
0x795d300855069f602862c5e23814bdeeb25dca6b,0xd310a3041dfcf14def5ccbc508668974b5da7174,1,0x9112bdcbad48e7603e8d79f67c6fb4692858f5f9
0xfc33826280fb5c363c6994ed9f5d9c6cdd492144,0xe588a2b38f24c72e30535885d645ceba44480d1b,0,0xe588a2b38f24c72e30535885d645ceba44480d1b
0x3ce21e3572242c441dfe9a860521dfa69e32de34,0xff1989eef3a78db2f55f485423de00b8f282e128,0,0xff1989eef3a78db2f55f485423de00b8f282e128
0xa639e3bc85d0b414ef1d3e6776e9f2783fb4081d,0x612e2daddc89d91409e40f946f9f7cfe422e777e,1,0xda96448f912223920e9306553337232534b7c0a2
0xed335464f61c7d21b0de6f6d072e03074a538dc8,0x612e2daddc89d91409e40f946f9f7cfe422e777e,1,0x307a9ed60faabde3c98eabd2903fcf59f4ec16f9
0x5239d8d634c11b0e96267a7e33b828705507678f,0x612e2daddc89d91409e40f946f9f7cfe422e777e,1,0xa702ff4a128e03ae776613a1758ffaa34069c53c
0xfd2e6ca89ccb2856b08604e1272b5c581a6b69d3,0xe73e3dd1e2d81b9e0101e449a3a3aa839fbc4615,0,0xe73e3dd1e2d81b9e0101e449a3a3aa839fbc4615
0xc54c6c76e7c68de2546e0f4d4115b91afb9a2bc9,0xaef3e8c8723d9c31863be8de54df2668ef7c4b89,1,0xe0036fb4b5a3b232acfc01fec3bd1d787a93da75
0xc149b933df9c68b1e4cb0656958c66e80bf3858d,0xe12f957a0ff5757ac4312b9879b889d0488c8730,0,0xe12f957a0ff5757ac4312b9879b889d0488c8730
0xc32702f154b6411c278653ddcf9aa2fa53a6bd5f,0x19478179ef8bb7c4792a4041903080e097d137dd,1,0x48fc45c6af14a1a155a9d3d4dd5b82f28587a164
0x974a4582b86c68d7c03874a253be058801fb7c01,0xdbdd8330c7590cda7301d9fb867f86f854884407,0,0xdbdd8330c7590cda7301d9fb867f86f854884407
0xa1f98e19d9e06b878f0202020c192c944db24dc8,0xf257abd1081c50a136eb1e586109a3da30394be8,0,0xf257abd1081c50a136eb1e586109a3da30394be8
0xc6b597e492989741f6a15a7ea04ca2d076fea711,0x15a6c020637e66a385ab87a8f710682affc17b1a,0,0x15a6c020637e66a385ab87a8f710682affc17b1a
0x37b6cb7a58b7e96ea7d4876cec121068dbc0182a,0x7cbde99be5f20b36d28aad3d6e96d742ca6a35d5,0,0x7cbde99be5f20b36d28aad3d6e96d742ca6a35d5
0x39efdc3dbb57b2388ccc4bb40ac4cb1226bc9e44,0x4e59b44847b379578588920ca78fbf26c0b4956c,1,0xd427d37b5f6d33f7d42c4125979361e011ffbfd9
0x6e70b792467d7e3a459ae6e28754ce87402ddffc,0xbfd90a5fa214a5e868bca65fd37b2acd7643ec85,0,0xbfd90a5fa214a5e868bca65fd37b2acd7643ec85
0xea834000b987dba43d5f41274733337c9a3cd226,0x2a4d27abf7ebbce29131c9e8fefd3ab335aa4cce,0,0x2a4d27abf7ebbce29131c9e8fefd3ab335aa4cce
0xac9d42fb07af38fdf7be2590751db59cd2863030,0x612e2daddc89d91409e40f946f9f7cfe422e777e,1,0xddd2a4139166a4d0ca21251ef9533ef88bf3b0a1
0x5c59c8e6bb29a1b6a9d70af79336082d4412d923,0x7354936bc7a72c8baf5a2f9262e70a52c427be4a,1,0xfd14591a493e0101a01f1545099e06d933a3818d
0xb49e4420ea6e35f98060cd133842dbea9c27e479,0xf8a86ea1ac39ec529814c377bd484387d395421e,0,0xf8a86ea1ac39ec529814c377bd484387d395421e
0xb7abbddbeb0b6bd3e2f136cb534051b6950da8d0,0x000000008924d42d98026c656545c3c1fb3ad31c,1,0x4f30a2c1192f54ea8d8b6fe9ee382945f45abe2a
0x58a337cdddfc9d2aa71fd65977efb8763684ea1d,0x7354936bc7a72c8baf5a2f9262e70a52c427be4a,1,0x6d76f4f4c061590905453a2be2ccd3a7335ab9c8
0x37fb80ef28008704288087831464058a4a3940ae,0xf74b146ce44cc162b601dec3be331784db111dc1,1,0xd7029bdea1c17493893aafe29aad69ef892b8ff2
0x2c4bd4e25d83285f417e26a44069f41d1a8ad0e7,0x4f92ae4960a6ac49fa88bcf9d6d4b8c53f626a55,1,0xbe8759eef9323e10e37c38a5b89944a699778629
0x9053b40eeb5c64dd4899c5c3f7a348d823fbcf84,0x000000008924d42d98026c656545c3c1fb3ad31c,1,0x3d3602331d7e813373ceec8aca754d896c76e1d0
0x7a8dad194da6d5ac955bc7bc45b36618acd3d688,0x430c9405e64d0a0a9e7ddaeb4660a598949cfe47,0,0x430c9405e64d0a0a9e7ddaeb4660a598949cfe47
0x3659fbccb3a63f59636375f42a6170a6081cb1b2,0x241da099df27e6dbf3880fcddc090f3c5d36c808,0,0x241da099df27e6dbf3880fcddc090f3c5d36c808
0xe61b40fae0c3000b2657a596c126fb7eaff088f8,0x54050b20120520dcbf9f94e4921525d31f7408ae,0,0x54050b20120520dcbf9f94e4921525d31f7408ae
0xa1705bb0648e17203805cd53a9e8eb3e818e0068,0x733cf2b788daf29b9095763c78bc0aa4147aceb7,1,0x02eb61c67498c99c5fdee72e992f256371e41307
0x76b14583e638098fccf881c507d56fbed7745d50,0x35a87150afa8ac5e85516d21129ac9fae9b2d777,1,0x7d5dd2ae6e6a8c994a3215a76db7f15f93a8eb0d
0xfa4b44100e0350542a865c78e959c7ca982cb462,0x904a819e486d4af2653eec8e424599335e2f190e,0,0x904a819e486d4af2653eec8e424599335e2f190e
0x95cd39449576d104d95901229624ddab31159b8b,0x568f524ee5e14ba0485cc1fa3ebf6de48bd7bfae,0,0x568f524ee5e14ba0485cc1fa3ebf6de48bd7bfae
0xfdec7f597b901c7eb905b509d33763f07f6b2d68,0x612e2daddc89d91409e40f946f9f7cfe422e777e,1,0xa04611ac0438bdada004680628704151c8db044f
0x14ea200e78ea2cd501d7119e4c3c4389ac7c6ba7,0x8902939cd9f4c44a5ababd7a2f00b90ac5731238,0,0x8902939cd9f4c44a5ababd7a2f00b90ac5731238
0x9a0c05728b448c23738ae4d278e5fb4247fb87d9,0x000000f20032b9e171844b00ea507e11960bd94a,1,0x5c7dd17435b64031a8c215bb6a2c7249db8db3bd
0x3564952c0d86daa3527579b34508faa0dd4d8399,0x612e2daddc89d91409e40f946f9f7cfe422e777e,1,0x4580aeeda8dd0785004ac1f2b34d6c97c1100f61
0x5cb69657ff18a73842f4550a24a48dcc998992ac,0xf0196a54695377c009ea13a4800b3cee4e9c5a17,0,0xf0196a54695377c009ea13a4800b3cee4e9c5a17
0xa4ed7e4bcc80f29d15e7b570e5f770786dd77d99,0xf0196a54695377c009ea13a4800b3cee4e9c5a17,0,0xf0196a54695377c009ea13a4800b3cee4e9c5a17
0xb6b0964731cc821a12000e53107b63d3ad66c676,0x612e2daddc89d91409e40f946f9f7cfe422e777e,1,0x077829fd20cce1f05a3782039fd509d82476ec15
0xb5f1d5bdc574e7a9a2576b9105c08876c53e3079,0xce52a9e95941e15878b9f61f96fc006542871fb9,0,0xce52a9e95941e15878b9f61f96fc006542871fb9
0xa752d1ab7f234f7f0ad6a89a3ecaf1f198a5adf9,0x86901878b47f2347a6f30caf87ab4658c2cc5e2e,0,0x86901878b47f2347a6f30caf87ab4658c2cc5e2e
0x8a1668463e9e2ca1a7642dd80600a3d9083fc94a,0xd4543f9f357598e92f45325e6f2f760dc8dbe556,0,0xd4543f9f357598e92f45325e6f2f760dc8dbe556
0x5d5e28988ce49118f936c61a936edd2f1daa5f36,0x612e2daddc89d91409e40f946f9f7cfe422e777e,1,0x41238e4fc13ad5b2aa2cca906027bf6058a9fbd0
0x45453875f30bee20f2af863abcbefc278131fb06,0x000000f20032b9e171844b00ea507e11960bd94a,1,0x8c4cbbed1679ec428f44779b89f0fcdacdc59faf
0x51ef8299bb02b6a70a5ba5fb76e97ee8f5a2e890,0x612e2daddc89d91409e40f946f9f7cfe422e777e,1,0x2ddc8a0c1ea2a70f45f247a944773d677ce1f140
0xb340d0cb70eb4614c67b252105c44e31edcb140b,0x000000f20032b9e171844b00ea507e11960bd94a,1,0xf9dbfdd5d0d1fa021e89ab1bc54f6351be63b50b
0xb2ffcc4d40d8eaccf9d1552502aa35eb6de1cc18,0x612e2daddc89d91409e40f946f9f7cfe422e777e,1,0x4d90a27893191953b7a94fc82094551d8aa1004a
0x15823a4df9967d0b4440e4183b4c931afd85dace,0xf1864c19d06fc678189e6cb2796e30485c2ba275,0,0xf1864c19d06fc678189e6cb2796e30485c2ba275
0xd340ac18f6ed092ae2e1d6ea54d540f01a9c8b76,0x3f19ef86498fb8f5ca555a3b5ab6b25f3eab406c,0,0x3f19ef86498fb8f5ca555a3b5ab6b25f3eab406c
0xcc736cc269fae86e71dd222358c91f4ede6f3e36,0x612e2daddc89d91409e40f946f9f7cfe422e777e,1,0x09d1cb7855685cb1ea3ff49d6e089bb028cf89f1
0x089e889ae8a8a11473d2e9cd3b51217075872a0c,0x612e2daddc89d91409e40f946f9f7cfe422e777e,1,0x6ca6a072c5bde79838301f20cb9dafcca754aab6
0x47a4e0331ce58293ab084b537df333c246bf25ce,0x07f0fc7677752d71e4c1e56b8320373ee6c1693c,0,0x07f0fc7677752d71e4c1e56b8320373ee6c1693c
0x5eb18707042b1455ad0aeb7de71966f6fd4ee79f,0x000000f20032b9e171844b00ea507e11960bd94a,1,0xc51dff577e405d693931cc066003a0cd44f171ca
0x6b3e29bf728b9da369f8d09aa08a439058221f69,0xa6c5f2de915240270dac655152c3f6a91748cb85,1,0x6a4aa35badeb1417811edb4d005384678f4da79e
0x4ebd870ab4f1a446c8ca0bed981e088593cce250,0x92c159895901439caa212997d505083a2fe88885,1,0xc150603899ae3b858981172b2db9fcf766d496c6
0xcfd158d858c28b1aa613e3690713b567126610b5,0x612e2daddc89d91409e40f946f9f7cfe422e777e,1,0xa5195567bd108718b80673cb6c5c6ba96f110a01
0x0532ce9f2d7c3d4ebd11e8ea5cdd84f7742c805f,0x7354936bc7a72c8baf5a2f9262e70a52c427be4a,1,0xb4656eb1e2a205301e27e88e8b57eaf7ea13ebad
0xf5bfd5054ea9411fc85c7a4205d2a70561a52ad2,0x1ca2007d4f2bc0ec2a56ecb890e56e05f36182df,1,0x29a52ab7b5546f40dbd414d1f623ce3d610167a7
0x802713b26750b5b649189345b978bfade755fa89,0x2b182989e29f146ce9ef28fbedb526dd9f57956c,0,0x2b182989e29f146ce9ef28fbedb526dd9f57956c
0x5a57ed460bd0368bfcf48dd3dd246a56b4bbb891,0x27db757e0596c0bcc624809cc5d202271354b605,0,0x27db757e0596c0bcc624809cc5d202271354b605
0x7d7737f72b9403b73056af28ce7e1d345469de85,0x4b87a2728f68952b0f62d5d244a429e8e4d251a3,0,0x4b87a2728f68952b0f62d5d244a429e8e4d251a3
0xb6feb7bc182418928dd1cd2d44ac94d4184f5181,0x85e5514fc67b6a2c228330cdcae543783a440947,0,0x85e5514fc67b6a2c228330cdcae543783a440947
0x4b8725fae8a900569a358e3e27d544aa82d784aa,0x6fb78d9c19d3b0ef9cc4e134c82b77a5beeae401,0,0x6fb78d9c19d3b0ef9cc4e134c82b77a5beeae401
0x35fe4aa6b016c520f0d4a65ed53ee72c8b5b699b,0xa00ea6fd8d35da75effbd5da65ac00983cd6841e,0,0xa00ea6fd8d35da75effbd5da65ac00983cd6841e
0x07cdd617c53b07208b0371c93a02deb8d8d49c6e,0x8ba230c8b7c6b4c5d6a1bfc53b4d992cd0963661,1,0x790c2c860ddc993f3da92b19cb440cf8338c59a6
0x17d9fa23288d1f8112054b69c828eb161e2a6eb9,0xf478e51cb48069fc7dac13a18d780614a36fb75f,0,0xf478e51cb48069fc7dac13a18d780614a36fb75f
0x282bdd42f4eb70e7a9d9f40c8fea0825b7f68c5d,0xf40fd88ac59a206d009a07f8c09828a01e2acc0d,0,0xf40fd88ac59a206d009a07f8c09828a01e2acc0d
0x204a879975378ac0b1f8f378f8cceadc75422f97,0x775ecef1c70ed299e37006f6820d6252b0e90bd6,1,0x10bbad85b0d79f279edbb10b3db5444c2e222c80
0x52e4c6f472f9b701ee5080e9f7f227f63dd6064c,0xdb0e997c2c2dd181f92225707d5e487699863b98,0,0xdb0e997c2c2dd181f92225707d5e487699863b98
0x359e5ff6e9646d874d03c56dbbfb3af00ca82af4,0x0b9e91ac92460886cd69e8e2561f2b8185beaade,0,0x0b9e91ac92460886cd69e8e2561f2b8185beaade
0x83ed602111c15a082af9ffe208aef324385bd310,0x612e2daddc89d91409e40f946f9f7cfe422e777e,1,0xf860a11c7ce44f5ad948007ca022a54665835fc0
0x88204c6374ce294ccf425cdb377d2f8e4dfcd9f5,0x612e2daddc89d91409e40f946f9f7cfe422e777e,1,0x35b7b7c40de5cff2f89a6648b88c1c9c0257742c
0xf572f1234da6a3b3851746bb4608dd673386d7c2,0x000000f20032b9e171844b00ea507e11960bd94a,1,0x73376ebd348e8d62e20753aea1fd176ed937bf4b
0xfbabf444bae74e033aa749111bb39407a0cf23a8,0x000000f20032b9e171844b00ea507e11960bd94a,1,0xea71de55a491162decd5a2528b0ad171a4ed611a
0x42d3641255c946cc451474295d29d3505173f22a,0x76f948e5f13b9a84a81e5681df8682bbf524805e,1,0x86f2ad57b59bb5be8091a0a5fdbecb168b63ca17
0xba9d2ff3b7762093c7bd86791604a35019d1805f,0x612e2daddc89d91409e40f946f9f7cfe422e777e,1,0x465e8eaaf4a114cb01ab0cac197482c7d035b586
0xd918b5f9bd3f665f9e3b1e1cf28dd2172bcdf7bd,0x000000f20032b9e171844b00ea507e11960bd94a,1,0x9ecfb5c7ce44f8f1beff36fd7af0db5b32df377e
0xcd66d9246adcf06756cbd206266d90974d553421,0x000000f20032b9e171844b00ea507e11960bd94a,1,0xb2e1d5ef1e419b608a04921766ba4e82c430d3d5
0x99e76762e457084b88196398b86c9d5f9fe533b7,0x612e2daddc89d91409e40f946f9f7cfe422e777e,1,0xa782a4f0e24c750772cc22d586cd82439656d63b
0xc640ec20e6b7149b13d2e816d08679ad6a1f43f6,0x7286c8e0e28a2ff9351486d56195f7ea55aa9046,0,0x7286c8e0e28a2ff9351486d56195f7ea55aa9046
0x32ba50604168ccbaf90979e731c63a566b723e8b,0x612e2daddc89d91409e40f946f9f7cfe422e777e,1,0xe46efb683e83c9ca6e1e4e72057a27691c41fa90
0xfc8ace0deb30496f3ca3c623aacb4fdc21b3c708,0x000000008924d42d98026c656545c3c1fb3ad31c,1,0xbdd321be0aa92f964e0d6937fa53c61857ef2871
0xc2c3e738a47d1fd9cbaefc520180f7d6beadca24,0x612e2daddc89d91409e40f946f9f7cfe422e777e,1,0x1185104a4690d3e6d1cf09fdd0a0673c75a1df34
0x9c237e7aaa77bca410b00e5b6655a1790b55f697,0x612e2daddc89d91409e40f946f9f7cfe422e777e,1,0x5e17284027dcbe0ca4cf737bf2878a7d497e740a
0x7a58c277d4cd0f18612a05e17b8b0e914f3205a2,0x000000f20032b9e171844b00ea507e11960bd94a,1,0x1d0467f60355ac9f1c004b386ed7943d3ee35ea4
0x81ffc95a0773af5e0e29c78c1974e14bbbf55f18,0x4369cea3ea6b07fac2a506e5954d1511a2936042,1,0xfbc3b76a206f03f1edbf411f280444cd3fd9c7c8
0xb30fc2d754c88c451275b743b6f530f19f643683,0xc7f99e64abd418ff6de8465217f5d25319f30d0d,0,0xc7f99e64abd418ff6de8465217f5d25319f30d0d
0xbdcbd7b7c07091d8f8ffdd2bdf99019058f82346,0xb8b2e20110558cb84a6f64ebd9e58b496fb56865,0,0xb8b2e20110558cb84a6f64ebd9e58b496fb56865
0x8eaaabe11896bd09fb852d3a5248004ec44bc793,0x24ce338baf5659bacb1bb92aa3a0ce9dd36f31b0,0,0x24ce338baf5659bacb1bb92aa3a0ce9dd36f31b0
0x3eaf3d0e21f452adf632744b5608e6c02e88827a,0x0ce51da7f31b56ecbd310db54a2aa32e058ac3a2,0,0x0ce51da7f31b56ecbd310db54a2aa32e058ac3a2
0xd5b0f341cb6db2a8022e1e1c13dc4404870a510c,0x123459dfbb2bcf19e463e3c5a039c1c291b4ed57,0,0x123459dfbb2bcf19e463e3c5a039c1c291b4ed57
0x836bf46520c373fdc4dc7e5a3bae735d13bd44e3,0x433baf6c9dab45201d53fb99b88392c0bb20db3f,0,0x433baf6c9dab45201d53fb99b88392c0bb20db3f
0x7d19607411df2596d9d1f36385dcf58c9886af31,0xbaca88029d2b4c3e7e06af8e5d7df2e3ac8c46c9,0,0xbaca88029d2b4c3e7e06af8e5d7df2e3ac8c46c9
0x9113915be97fc034eb45c85a21b221a0a592931f,0x3b612a5b49e025a6e4ba4ee4fb1ef46d13588059,1,0x7ecf613b0350b0f47cadf85396a98ccd1b0e8d55
0xa6095fad82df2c4b9affca08856ea3e0e9963003,0x3b612a5b49e025a6e4ba4ee4fb1ef46d13588059,1,0x536403976c1cc6ae962299cff6d5d6f74d4793da
0x1c49c6b68aa41a72731d43040080e6722cf46685,0x7c838b25092925d0155a8358475bfe6c19921d9e,1,0xacf187d8ddc9cce42d55aebdf967dbde61794542
0xad0db7368cdfbd3153f7dfaca51a78eeb39f6d71,0x89e629faa18f8f0ee2031f875289cdb6a7d37dce,0,0x89e629faa18f8f0ee2031f875289cdb6a7d37dce
0x7f137308d128d164aafdb2b99fec8f43920496b2,0xff691744e6a0d736c3c0d7cd7b52d2a4b2b3bdd7,0,0xff691744e6a0d736c3c0d7cd7b52d2a4b2b3bdd7
0x0bf6cf1bd7910027871d1a79ca0863962186be8e,0xb54a407b18e5f36d15e7208d27752db68d4085ea,0,0xb54a407b18e5f36d15e7208d27752db68d4085ea
0xc0eb7632b3f2312ffe6a45ea4e8fa298bc42d4cd,0x438ca90202f5bbbbd7f1730072886dbf9579057c,0,0x438ca90202f5bbbbd7f1730072886dbf9579057c
0x21541bf2cb10e58b5ac859e6ab71b4b37f054f53,0x3b612a5b49e025a6e4ba4ee4fb1ef46d13588059,1,0x0308e69fb26a3f02e4134e3f81d4e76d7b0d4591
0x7957acfae47695c341c40f5a3f7474f1af13397c,0xb21b7d5b3f348930ec6aa2d4135217bb6d08e860,0,0xb21b7d5b3f348930ec6aa2d4135217bb6d08e860
0xcecfec83af058bcf0dbb599cfbb6ffb97feef91a,0x4b6816c3b0aeb2c1c4bf86261a3b2151965d42cc,1,0xcfbf34d385ea2d5eb947063b67ea226dcda3dc38
0x3f9ea485c7b53e091966e6ee80b98b9aeddca47e,0x612e2daddc89d91409e40f946f9f7cfe422e777e,1,0xc83e83677dd95618686ac9af2cd48972f1b72c22
0xb302050f4e8c50be83ccfdedb6fc33348ec1e9eb,0x612e2daddc89d91409e40f946f9f7cfe422e777e,1,0xcf26d32a6559b564cc1e741958330e78b8d6c4ca
0x7107120c92be9c5bd31d09d36abb3c13328857e3,0x50ac6197debb7c60e1629dd845ce9016880d6002,0,0x50ac6197debb7c60e1629dd845ce9016880d6002
0xdd1ea1a777e1e0040b4416fa467bc9f961c1179b,0xaa060b1cdde1e12b090c1d73cb2cde3fe5354aff,0,0xaa060b1cdde1e12b090c1d73cb2cde3fe5354aff
0x147d8d904f9b384a0deb750028d214caba029156,0x1256fca49f5c813e3401443625d47de298513766,0,0x1256fca49f5c813e3401443625d47de298513766
0x16c9e5fb5479a2d94e74d3c24a60a15e2a85ddf9,0x447b0cbb11943ba6cc80d97dc54da3092a9d1f23,0,0x447b0cbb11943ba6cc80d97dc54da3092a9d1f23
0xa65bfc77cca76584e994cb575582e1bd33888e3c,0xefb9d0f98bc9a909873158c0f832fa5a60fcf0eb,0,0xefb9d0f98bc9a909873158c0f832fa5a60fcf0eb
0x354634c4621cdfb7a25e6486cca1e019777d841b,0x476b535cf58dbdb440fcd4e8bc21c847b70a5314,0,0x476b535cf58dbdb440fcd4e8bc21c847b70a5314
0x147476f820a3eb7931bf179fa47ebbfefc1f478d,0x5dbc7b840baa9dabcbe9d2492e45d7244b54a2a0,1,0x5bc1227ce82fd5a792031eab4756074140601dea
0xa72465a9cf8d56c57a94a25f7af0fd5a575fd0db,0x390ee2f50ce16972e3ffc8ef2a0b47e500f5ca46,0,0x390ee2f50ce16972e3ffc8ef2a0b47e500f5ca46
0xc992820483b034c7dbfdba5f574486738c071123,0xe19a6c81be025dddc209764a18a3fdcd71253d7d,0,0xe19a6c81be025dddc209764a18a3fdcd71253d7d
0xc44959d40227d97439e639b20f4bbf6524fc25aa,0x612e2daddc89d91409e40f946f9f7cfe422e777e,1,0xc67529f846344225fc2afba3ac9ad0fdde4933b3
0xa183d34e8bab4690229db65ebb14b1e6cd14aff6,0x612e2daddc89d91409e40f946f9f7cfe422e777e,1,0x4ceffe861ad4acd75c0cb908e28cc140750efab3
0xc4b53cd1d97062ea692cf490988afbdc519bb82d,0x6fd6afe08202d7aefdf533ee44dc0e62941c4b22,0,0x6fd6afe08202d7aefdf533ee44dc0e62941c4b22
0xd2fdfb3aae284f9f7308c596aa2eb6dc8af599ee,0x98b6c82566a3d73899dcd9eed99bffba9655c780,0,0x98b6c82566a3d73899dcd9eed99bffba9655c780
0xba7b81717ece26237d400552c27fd172b48cd959,0x612e2daddc89d91409e40f946f9f7cfe422e777e,1,0xe78c9ea5243769bfbf1c22c3292adb529f8c279f
0xee9e6146e635e5da5c3885b2a641321c5a50da7e,0x8426cc3b81cf17e0a1cc54b8d849dd780baac5e3,0,0x8426cc3b81cf17e0a1cc54b8d849dd780baac5e3
0x4628d36cad85d3dbf1eceb19123385fd2461d3cb,0xf74b146ce44cc162b601dec3be331784db111dc1,1,0x0a8a8556e3000c395189b02802e7a8105c0458a5
0xca20888a6f99ef8691e04d7e75f7b5fae8fa7591,0x6b5e838e2b15aee68eb41f509101f956c4f2811f,0,0x6b5e838e2b15aee68eb41f509101f956c4f2811f
0x284e0f93e2f9f07755b193c35b0c889780b318e1,0x0b4a2875bd7f68b81e650a4833291098b811362c,0,0x0b4a2875bd7f68b81e650a4833291098b811362c
0xf2fff50c01747e40a5e45253b8cdda0554f200c1,0xa728da5f229b59fc8df19af2f1bcece8ef7a5bf9,0,0xa728da5f229b59fc8df19af2f1bcece8ef7a5bf9
0x77b8969c6c2b11e485a1ba1de9ee2f3b0c85fc28,0x9c60985696fb9156ba6b387466d427e4a19c2550,0,0x9c60985696fb9156ba6b387466d427e4a19c2550
0xc13c2cf786bdd3e23e229df39393696b46cccf91,0x612e2daddc89d91409e40f946f9f7cfe422e777e,1,0xd72166111abc841ca922755e730244ea8ade27a2
0x5750184a7f3f168112df100fd52ca362eb8a22a3,0x612e2daddc89d91409e40f946f9f7cfe422e777e,1,0xba3fd2cbdbf15afa98f9c42562e953f5f5cd60b8
0xd293ce97d24715642befa29636872672f18590e4,0x612e2daddc89d91409e40f946f9f7cfe422e777e,1,0x23b60de9500218c67b83c8d7662ca55d85f25306
0xca91cd9db50002427c0280f3482efbb33b822429,0x5dbc7b840baa9dabcbe9d2492e45d7244b54a2a0,1,0xa4ca007e44122e4fc10a3d14e285e25bd383dc09
0x52ba0cf3fa7c052d96671f9435c7476aff70b2df,0xee9be9846abb49532a03c05fc27a0e4dbc84e857,0,0xee9be9846abb49532a03c05fc27a0e4dbc84e857
0x75c671c8d98b0a3a9cff932e6ec69a6b835483a4,0xa53175eb657ded0e92b05e8603775ab4fe649e15,0,0xa53175eb657ded0e92b05e8603775ab4fe649e15
0x19187469436735186ae245b536853010d57faf77,0xb938c34934351af556b61a0cea9ec5f0908c0330,0,0xb938c34934351af556b61a0cea9ec5f0908c0330
0x2358693f4faec9d658bb97fc9cd8885f62105dc1,0x8fda7f45b1427f2d4444f4c6d44d2b5d1cb46b53,0,0x8fda7f45b1427f2d4444f4c6d44d2b5d1cb46b53
0x39778ab72312b2876f0ba08634bdc7b3ba769f3a,0x3e52531da35868993865c76e2851918c925d40c9,0,0x3e52531da35868993865c76e2851918c925d40c9
0x3dc368441e0cce5bbea4b511d8e7d1cbd384e0c3,0x91f6404dac4e86f69248ee437456730228af816a,0,0x91f6404dac4e86f69248ee437456730228af816a
0x793b64d592cdaec41c5afeaddbaef036ecfca0a4,0x612e2daddc89d91409e40f946f9f7cfe422e777e,1,0x66808200f61310dc3b9285997746b7808b704ac8
0x10e385c99039819da36bded956c04dddccd59c6a,0x612e2daddc89d91409e40f946f9f7cfe422e777e,1,0x80399f0ea2644839dc5f581fd3a021b0951a2fbc
0x078e8d594d159d9e5eb481fe0079384ac0f89570,0xe0b53e699dea0d911a45b7ed0fa32310c49c0ba4,0,0xe0b53e699dea0d911a45b7ed0fa32310c49c0ba4
0xb467d7c0991542ed69c5e7ee0b32c5eb091bea05,0x612e2daddc89d91409e40f946f9f7cfe422e777e,1,0xfc92b5faa50350d8dd1aef8573c50faa51eb9260
0xdf3d6cd30580bf6c517750534a7750826807dc27,0x612e2daddc89d91409e40f946f9f7cfe422e777e,1,0xe3cc26b9c823fd6499cb017cc0ffd881bf005db7
0x56b047ab24a9139382aa5e5a09f035f40a6a53df,0x48c323447baaf17e8b36fccee9285129743b6d58,0,0x48c323447baaf17e8b36fccee9285129743b6d58
0xf137049b240bafea8e42d578ef243d64206d23c7,0x612e2daddc89d91409e40f946f9f7cfe422e777e,1,0x7a58fd2726974038115ed3f4f097bbe7b419374c
0xd8ebbad83792c9f57b37e5e142b4f7b8c4fddc09,0x48c323447baaf17e8b36fccee9285129743b6d58,0,0x48c323447baaf17e8b36fccee9285129743b6d58
0x869fb8a354a565f7576009a88f2e8b7159a20010,0x6c32f9a454c71627b109ba9abeaf8b2abbc1ae37,0,0x6c32f9a454c71627b109ba9abeaf8b2abbc1ae37
0xe1191631707f377ac0d7e42aa9ad46f027a7c4a8,0x612e2daddc89d91409e40f946f9f7cfe422e777e,1,0x71a02224c6498eac75b03dcb1205aeda4db2c886
0xd32cb5f76989a27782e44c5297aaba728ad61669,0xc254eacfff0ef2c9eed7d2fb796219e3bcd7ea82,0,0xc254eacfff0ef2c9eed7d2fb796219e3bcd7ea82
0xc7e1f9ff7d7dd272a1b3f47eb9d58e5663bb98c7,0x630f461cf7aab18c5b7a7e16083b49a1ea93a10b,0,0x630f461cf7aab18c5b7a7e16083b49a1ea93a10b
0xc7ab418857dc6cfbb239c8715401d1b9625beadf,0x4870f8f80b1c17b530d00a822e11262d9ef6def2,0,0x4870f8f80b1c17b530d00a822e11262d9ef6def2
0xfe1da7edc4c5e5d18746d29e64be2bdf9c9f0d51,0x612e2daddc89d91409e40f946f9f7cfe422e777e,1,0x2ec8d4d01a8dbc227fcee4438a32590cb3e2b2a7
0x7832ddb105bbe3a747f32d81ae5028d63faab646,0x612e2daddc89d91409e40f946f9f7cfe422e777e,1,0xb99172161b5edfb4e01f7ee5feb4264d684541f1
0x96b7bdd2f7cbc159e291a044989c9d04ccf90da4,0x000000f20032b9e171844b00ea507e11960bd94a,1,0x0e41ad00ea985369fc90a8cb5b09f53cf61cae07
0x881dc9f60b4dec6196d9368520f458cdaa8f245c,0x6a213cddb2f5ed08ef3d27c66e7f6493970e9426,1,0x985ec7d924fc4e18ab99c2c7f1bb83f7898ca146
0x3e68a8ffa8bf37a630865a71edaf402b5931c1d6,0xd4b9a909ba1947860b37b153f54808bb5d5d34db,0,0xd4b9a909ba1947860b37b153f54808bb5d5d34db
0xe54f123821c50b7d7bed7aa179ddf5f178dc91e4,0x7354936bc7a72c8baf5a2f9262e70a52c427be4a,1,0x2f5bf48294a40657c3e0b61527141ccbb0db5f98
0x20a8f9e87906dd7767bddb7b614fd51c9f0d7f91,0x612e2daddc89d91409e40f946f9f7cfe422e777e,1,0xbcaeaf759ab555ffa4d46e47a777d5c0a9712ded
0xddb99cce7f0845b67a5fdfeecdd194741b53b695,0xd21cbd75b32364dfce39181407b6ac0bc4828309,0,0xd21cbd75b32364dfce39181407b6ac0bc4828309
0x3c9eab7168443e4c962a2bcfa983501b8894547e,0x7354936bc7a72c8baf5a2f9262e70a52c427be4a,1,0x88289ac519efb1cba5f522970e63264a969bed06
0xab08c918d63d7e29f73e505624fea5976e74dc76,0x000000f20032b9e171844b00ea507e11960bd94a,1,0x7db6462d26f64b4beff8ac7a08ae23118640950a
0x96dc22d25198d975c6eb67f5c7bc6c494df126e1,0x000000f20032b9e171844b00ea507e11960bd94a,1,0x25449b2f1920bef191852f9343b3c87284e75c12
0x54c191f9dc2ecdf97714cc1d0bb82b86baf7dbcd,0x000000f20032b9e171844b00ea507e11960bd94a,1,0xb270d0fcf0b462a17d90ba33fc3d7942610f68a2
0x8362764db17d0d176ef886956bb74fa94f83bf77,0x000000f20032b9e171844b00ea507e11960bd94a,1,0xa0832eeaeb74296b82a7ec933dc9f17ce697e4d5
0x2654e79bcc77a2508ae1e2f13febe05a4b91d50e,0xd5731972225ff976b8c05f7cf8b2a05af409813b,0,0xd5731972225ff976b8c05f7cf8b2a05af409813b
0x895e8b90d59458931ea75b39aab1e6ac5cd9f298,0x0000000000aec84f5bfc2af15eafb943bf4e3522,1,0x988f38dbf6baa565cce5c225bdf12d21327cf6c1
0x886a4fbb46a39c0af6c0e769d4f8c2e02499dbf8,0x76f948e5f13b9a84a81e5681df8682bbf524805e,1,0x7fc9ba2a34b82fb487a69890a0d209c052309f5d
0x1a1cda8578eaf860f1d3a691589ecdf161a77792,0x612e2daddc89d91409e40f946f9f7cfe422e777e,1,0x72ece83a97e73bb56f3ec628f38e80b6d2e766c9
0xfdb72d905880b0c9d1900b74d887ad968799f656,0x612e2daddc89d91409e40f946f9f7cfe422e777e,1,0x34c7a1520935270cfe3180a3017b1ee518509bd0
0x8d55e7d5706e7254a79c3ad6e353e64363ac6c84,0x000000008924d42d98026c656545c3c1fb3ad31c,1,0x0fe1674e3b5bc72b3512ea71fd5eef2befad8bb6
0xc11e99f9fe7a31f1333176331b7629ef06307fdb,0x000000f20032b9e171844b00ea507e11960bd94a,1,0x2fd60342a40298fb11472d3557a123eb68344f57
0x4fbd05abd7a3b9c97b4dd504ed58b7dd873f0b75,0x7b7b96b27a251c0879a4d9f858408ab47e983ae6,0,0x7b7b96b27a251c0879a4d9f858408ab47e983ae6
0xcd3f716acdbe6017ae4d991ae777be1c4d5e467c,0x19e3afefddc414cd8bac88c65305e0c08126b1f2,0,0x19e3afefddc414cd8bac88c65305e0c08126b1f2
0x3b7b5067ccb83387a470bdeca4fc55ce5bd98acb,0x8049fc710d4a1deea6a6bcef772c166ced7a82f5,1,0x9ace9a649bb66e3ef47bafcfa00a83ead67cb6dd
0x35f5d00fed82003f6ec236008949027d3224fbd3,0xccf6a30248cc8acc934a3e8c41129117c4c2811a,0,0xccf6a30248cc8acc934a3e8c41129117c4c2811a
0xf0cd0a3091af1268f1a73a3c30123fb4f863eee8,0x60ce8a44497dda69d90212c25d37828eca6a53f1,0,0x60ce8a44497dda69d90212c25d37828eca6a53f1
0xb441417e6ff3acf60b9f0216d8c3179913080daa,0xbeaee712741c7f99b64b798ca127fe776d491fb4,0,0xbeaee712741c7f99b64b798ca127fe776d491fb4
0x02f04cc66cf28283e64dab1276286cfec1efc3ce,0xea968e6ac95a95c68bf66decc803a1b2848cdc4a,1,0xce4c71c5c91c6fae4d5adfea9b0beac98d9d8a27
0xc65b858846aeacd53750e8a7aa40a941154f28b3,0x3b612a5b49e025a6e4ba4ee4fb1ef46d13588059,1,0x1cb29757ff2da2ebb9389e8474d6f5b5260ae122
0x537cb63ddaa2d3a35facd229f7403d51d6c82687,0xbb8581ca92b0ae839837cf7165d0d1bac3e5501a,0,0xbb8581ca92b0ae839837cf7165d0d1bac3e5501a
0xb16fc3484974a9b6c8750859a1e5f29d06354527,0x3b612a5b49e025a6e4ba4ee4fb1ef46d13588059,1,0x8392146da2ebf35fa8bf516fc51f0e59693ce5da
0xd53f6c83c2374158d7148affd81c1a1540d39167,0x01b46034b61dc2550aa65adc6f612a6b8d7b5d23,0,0x01b46034b61dc2550aa65adc6f612a6b8d7b5d23
0xb8c9c674df76ad5aeb1ce139ce60cbc517ae207e,0x2f0607aa5d12743aef4e8c642b5d94374588558c,0,0x2f0607aa5d12743aef4e8c642b5d94374588558c
0xb16980de684c8cbabb9ed9a87111f44406fce84e,0x8c6574363921d98718d69b3b7a3033e9bfdf0f75,0,0x8c6574363921d98718d69b3b7a3033e9bfdf0f75
0x28959cf125ccb051e70711d0924a62fb28eaf186,0xd94add50f8edd5c1973643c151a071c690c8fcb3,0,0xd94add50f8edd5c1973643c151a071c690c8fcb3
0x9794a9894e24f37e4072f206cfb6a6700fdefbf2,0xfded90a3b1348425577688866f798f94d77a0d02,0,0xfded90a3b1348425577688866f798f94d77a0d02
0xa08c745dec76765ba66262425065ab038112058a,0x65a92e44d58ed6e4049e157f1d99bee98bf595f7,0,0x65a92e44d58ed6e4049e157f1d99bee98bf595f7
0x0f4c167b711f4eddf2014f3144e8a24ab2f961eb,0x0ebbac9817029d4b302734b15b97be1a02eb9b60,0,0x0ebbac9817029d4b302734b15b97be1a02eb9b60
0xfb64bc4f186e12a94bab0b95f46cfeee1598b9b6,0x3b612a5b49e025a6e4ba4ee4fb1ef46d13588059,1,0x556632aed5593e20ba148a4bfbbb449559b1b0c1
0x32d70fb4597c17def811cc1a1e006f05a16c924f,0x3aec3113a09627af7c9039954d8592ff0bc20c25,1,0x22a15393ec07b9cb2e80334f085a00b4769c71df
0xb7596d46d43fe59a43b4d2b64a564897ae6a6bf6,0x57c7df5e7193e9cb281b1be84905c998c8d0c302,0,0x57c7df5e7193e9cb281b1be84905c998c8d0c302
0xd0900857d15e9ed50820753b58c5708755983898,0x09c100f56790858e3cdfde3546af5eb4ac0e82c7,0,0x09c100f56790858e3cdfde3546af5eb4ac0e82c7
0x6ec6dc279931b879455747f3429be94aadd3ae77,0x7d84bbce0ba8e90354abf1722b58df829d684df9,0,0x7d84bbce0ba8e90354abf1722b58df829d684df9
0x458e93eceb9a2e8fb3c656c5aed55fc3729101e3,0xb4f67420b0d5c579f60af6fd5991d1e17d1128e5,0,0xb4f67420b0d5c579f60af6fd5991d1e17d1128e5
0xec0080d33cd791e5f8b1dffd7784e7c6946f9b7a,0xecd85f15adbc6967d48419a93b9866f85b0ae58b,0,0xecd85f15adbc6967d48419a93b9866f85b0ae58b
0x3bcba729eee9e4a065c2acb0184073b464e8a7a6,0x5732801675e33891255132b0c999a308280b8744,0,0x5732801675e33891255132b0c999a308280b8744
0x7a04f5ed6351110485e08e101d0f03671452b9d1,0x7354936bc7a72c8baf5a2f9262e70a52c427be4a,1,0x4fce80044143d6c7c44fea741bf91b9aaa8b152c
0x9a621d821982c81765132bd2ae1ce6ec4f5a677e,0x612e2daddc89d91409e40f946f9f7cfe422e777e,1,0x7e6703c029ae899e6ebf722db9c3832f1e8f6fcf
0x70b7ae50e3ece5ac338e3c25f18b572ecc9a4213,0x000000f20032b9e171844b00ea507e11960bd94a,1,0xcd27372e715eae02f2388a38e9bb2ac06606bab8
0xdd478105e3445128c882cc9183bff7664989abed,0x612e2daddc89d91409e40f946f9f7cfe422e777e,1,0xb547783bf954019f67e900213c03be40d7dc59be
0x30f95cd1a541c681f6a4e5a9ece87588373d09ac,0x000000f20032b9e171844b00ea507e11960bd94a,1,0xb6c13548e11a5adfc0b6904228e939d6384bdd16
0xc950b55548fce08c7693d091441b6906bcaa641e,0x8473cbb2116ae8d5901ce2c23c0a107602563963,0,0x8473cbb2116ae8d5901ce2c23c0a107602563963
0xabce67942c4894811acdf4865dedd2024aa155bb,0x000000f20032b9e171844b00ea507e11960bd94a,1,0x19b61207de58c6d2af0d7e128c837273bd8547cf
0xd2e8c0188ec7b66c38ece2dc816502fd4094656d,0x000000008924d42d98026c656545c3c1fb3ad31c,1,0x15a3f94b11eaa8709a0d32c12fd61fd1270629fd
0x4b6b0d450676b77d302d9546213aeaa5d7a41f1a,0xfd36bb730095ab0f37073236706c035059e3d8e5,0,0xfd36bb730095ab0f37073236706c035059e3d8e5
0x922dc160f2ab743312a6bb19dd5152c1d3ecca33,0xa4a236d97a2afa4b37693e5df8aa5afc68c42cd1,0,0xa4a236d97a2afa4b37693e5df8aa5afc68c42cd1
0xf4da069c1eb871923416b499adab024737f2f742,0x996787308cdd691f36bbd4064c81babb56081e58,0,0x996787308cdd691f36bbd4064c81babb56081e58
0x47f75e8dd28df8d6e7c39ccda47026b0dca99043,0x72847c8bdc54b338e787352bcec33ba90cd7afe0,0,0x72847c8bdc54b338e787352bcec33ba90cd7afe0
0x187e2a4494412f4678a13394a2871a63587f9eb7,0x3b612a5b49e025a6e4ba4ee4fb1ef46d13588059,1,0x78177c4b53677e6605340b1425d74f3c115efc44
0x3680f4b8af191b542cfb1c467708f43f43952fb0,0x2c325156416cc7b701151dafb6d4c0bdf0d398f0,1,0x3433c2753da24df566ea14c40584179e97396cf3
0xaf09c694f37df83439ccf08d35bf7fdc605a902e,0x3b612a5b49e025a6e4ba4ee4fb1ef46d13588059,1,0xde1da096a49e503906bd83ab8d10b2c5026df1fa
0xc6599c7139eb5931d2d5da72e60078a7806162f3,0x3b612a5b49e025a6e4ba4ee4fb1ef46d13588059,1,0x0c7a1bcbe39e1fbbc9b29a15272c0cdabcb5572d
0x69aac272cc1eec4ab39dd1cb7b6a68761fb543a8,0xa4faa7b5c82c21db689d7d88487d201d0f1fc4d4,1,0xaa30a2c68f37f8d855501e36b2e69ee2f8f9dc31
0xa03e357a09e761e8d486a1419c74bf42e8d1b064,0x7edac4f0251a484a28f757d8f6e83783a1f38285,0,0x7edac4f0251a484a28f757d8f6e83783a1f38285
0x767be428d8bf8fa99bc0b84d96d6f135845a11ff,0x32047ac688997feb8fbf1d5d4aee39ec0202086d,0,0x32047ac688997feb8fbf1d5d4aee39ec0202086d
0x19e3293196aee99bb3080f28b9d3b4ea7f232b8d,0x1eaa0f4d9b62611032fa75b8f109fc5ef1a5ac79,0,0x1eaa0f4d9b62611032fa75b8f109fc5ef1a5ac79
0xb1af24a72cae4d90efe1fae0696ce28e40ace7d2,0x573bc03f18f41b200b949a973d67b453a7ef11a4,0,0x573bc03f18f41b200b949a973d67b453a7ef11a4
0xe348d6ade651ef5bfcae7eefea537bdbcd69cdfd,0x2c325156416cc7b701151dafb6d4c0bdf0d398f0,1,0x432d71ba14d2602b566dd9e3e098e24859d166c9
0xa1e948e5db97dec79ada25dbff1fcb3e50a84853,0x3aec3113a09627af7c9039954d8592ff0bc20c25,1,0x22a15393ec07b9cb2e80334f085a00b4769c71df
0x2c9855b507703faaccd6c7845e0c6581fd843d3a,0x612e2daddc89d91409e40f946f9f7cfe422e777e,1,0x56d99f6ccfab68fc9f0de1bbd132439436475a6f
0xc43259a3c4c8fc792c2fbe795d4dc0e4ee18f60c,0x685403a926846d4fd11ab93b75d5fff5a7187190,0,0x685403a926846d4fd11ab93b75d5fff5a7187190
0xfaf8f2c1428adb9f007d652759b2d8da406e54af,0x830f459f98514e306cdab5380799a69fe2db2a7b,0,0x830f459f98514e306cdab5380799a69fe2db2a7b
0x65d252ec59ccbdae0512a43c9cf3e44b3f4344ca,0xca31e53aa808fe22bf0a0100d6b2fe5e12250cac,0,0xca31e53aa808fe22bf0a0100d6b2fe5e12250cac
0xb74aeb5c12d6785bed970a0cc0dadbc013acf406,0x75a473c33bffb61e945d86b37113c0859965a789,0,0x75a473c33bffb61e945d86b37113c0859965a789
0xe20ca80168c48a7f31596ee89f7b5f0681e2d65f,0xad45eccc22f7bf6d017f0a2a1b390e2f48dfe38d,0,0xad45eccc22f7bf6d017f0a2a1b390e2f48dfe38d
0x6a75f484ad1804c5b1534c476070ef21cf5c2bce,0x300f853db9879696621fd02fb02ca21f24d6512f,0,0x300f853db9879696621fd02fb02ca21f24d6512f
0xd308d38a221f38ff18d18e290c0cdd63b6b809fd,0x43022fb8cd87f7fe5b9cf7d646a5680afdd108bb,0,0x43022fb8cd87f7fe5b9cf7d646a5680afdd108bb
0xb1f19ef9bcb7cfd0dbfe54fadee1a3f02f850d0c,0x923dee1d701eb1cac2d122824d1272241a642ffc,0,0x923dee1d701eb1cac2d122824d1272241a642ffc
0x8680db891ff8c34f2ffcefac43d55059d010a821,0x3379ecae0f83cc9ffad89ce25b17d7414408bee8,0,0x3379ecae0f83cc9ffad89ce25b17d7414408bee8
0x7116964f1b4ec253f5a010ac61ac74e983d152c5,0x612e2daddc89d91409e40f946f9f7cfe422e777e,1,0x1a0450d457d7fe8045323f0643942d0e33633b69
0xf831444a52553117f1d27daa7fd38e2a4a434b89,0x1cbdefe3391f10824dcabaeae3e9dca59ccc236f,0,0x1cbdefe3391f10824dcabaeae3e9dca59ccc236f
0xad364bde2420d8d49ecf276b80d2b2f1f5b3a80e,0x81e341e426fe56119adbe2111dd7d523a5ac12ba,0,0x81e341e426fe56119adbe2111dd7d523a5ac12ba
0x14e6acd9a726db4210d5773d759d7bd9c7ff4b51,0x76de050980cbedbca6bec638637016ea5d467d7e,0,0x76de050980cbedbca6bec638637016ea5d467d7e
0xadad1e9037f10616774a95b4521401f6f592f820,0x195fce941ae0c972b8dc814d2059537b67f14038,0,0x195fce941ae0c972b8dc814d2059537b67f14038
0x8c312b8fd8d46ef27d0fa1467f069c2f5ceff291,0xbf5984b49dac0bcaa2168ee24e253f0e7ba4b45d,0,0xbf5984b49dac0bcaa2168ee24e253f0e7ba4b45d
0x0f4129e27b759f7ca4ad854dd41b961a073fe089,0xa045e31c6e363eee76fbf2be34017878d496b3a9,0,0xa045e31c6e363eee76fbf2be34017878d496b3a9
0x9b6cc258f830f4b228820f79f6c7e32658ae963c,0x612e2daddc89d91409e40f946f9f7cfe422e777e,1,0xb3eaf12a04d9e9df7efa681a92043ef4371ed6fe
0xbfd74758dcc14db68848e5d455d5e37ce41cc9b0,0x300ce9685e00c7b6b0d6ed5889b728eaa60c923e,0,0x300ce9685e00c7b6b0d6ed5889b728eaa60c923e
0x5010f02e6a1ed408ba2f22a77f2d220ba9268fd2,0x1e8f9fbdec078c38589c5a9128a5eca1d123f9fb,0,0x1e8f9fbdec078c38589c5a9128a5eca1d123f9fb
0x4ddb6c17f462f718f856ecc7d89ac6727c87cca2,0xf74b146ce44cc162b601dec3be331784db111dc1,1,0xf3f71b3c0932880f333c6bf7be4ff18815be1e40
0xa7b97ca94ab393731e442aaf0ba1fca5b14327c1,0x853cb0f3fe7558c441841ec72968a8c517f2daf7,0,0x853cb0f3fe7558c441841ec72968a8c517f2daf7
0x6f4e6c2c482d4c8b2115764a6772faa0bd282a31,0x612e2daddc89d91409e40f946f9f7cfe422e777e,1,0x8fcb277d4b318865345a70ae912d8949e94e0cfb
0xcae6c836d5e491e3d8fe9a15cdd2d407071bde98,0x612e2daddc89d91409e40f946f9f7cfe422e777e,1,0x50d890c3c7f2cb40ce0beb81d83b97419f7bb1f3
0x31e17d005dbb817ebbd944431711f03be0fdbf43,0xd310a3041dfcf14def5ccbc508668974b5da7174,1,0x857db08b8c1e203d474b54b7f477f223b0987cb5
0xd3765ceffab71a32b1d61ddd698d47476969030a,0x94d036bd10d1bf7358e44aa2b435e6b77bdf3b3c,0,0x94d036bd10d1bf7358e44aa2b435e6b77bdf3b3c
0x00396a23e204f3cf9e3a768c0218525501f45af1,0xaef3e8c8723d9c31863be8de54df2668ef7c4b89,1,0x2acccdabc0acf92d670d430aaec6b440311cc7a5
0x47349783794ed9339ab6415c7591b9b48e53904d,0x490552d3770cdd0912deacd8bbc05bbbed0c300a,1,0x3ee7fc9065f3efe3b6ab1894845e41146cb77385
0xa5753c0a98f85d35eb51d962bfea79c0d8be82f1,0x612e2daddc89d91409e40f946f9f7cfe422e777e,1,0xf8ff5350c55d2e40f3123fc51d21ff6f2ac8c7bb
0x4ebc86aded9380e7ca941347c680c2ab66b529b3,0xb7ed7a3ca7eb95a643ef2ee93f8fe17908f659fc,0,0xb7ed7a3ca7eb95a643ef2ee93f8fe17908f659fc
0xa9050b8484bf796e3f0b4fa251ced8e889eb8ca5,0x7e68c1adf83a1967aeafcd0bbdd9f7c83f237494,0,0x7e68c1adf83a1967aeafcd0bbdd9f7c83f237494
0xcabb22e216b9212e1ec62fc7960c2e9718db6fca,0x5007a615f339355411c85c261d4dbcc514db557d,0,0x5007a615f339355411c85c261d4dbcc514db557d
0xee5ab3b322d748d07c70f98469f32948a37d4dcd,0xcfcc6e6190deeb4b1df47be6c2423223f238f4f5,0,0xcfcc6e6190deeb4b1df47be6c2423223f238f4f5
0x9b6268cb0fd765f74ea078d37606f7eb07463719,0x612e2daddc89d91409e40f946f9f7cfe422e777e,1,0x349c3a94254ff5ace5aebab874b429d4d340e1ac
0x0bbe1d2c0bb0a2b7f2e3c3d59358193c9d2b0301,0xd8743095007b6d98c43c797dc9ac618c56a0cfb7,0,0xd8743095007b6d98c43c797dc9ac618c56a0cfb7
0xb0d3a3dce1bb661953c22786c0d935133529aa17,0xa8d91b3972b8381338fe07a8fd3369e7925647a8,0,0xa8d91b3972b8381338fe07a8fd3369e7925647a8
0xd3349d6219541620d727a14d5e6dbfbdb6386295,0x612e2daddc89d91409e40f946f9f7cfe422e777e,1,0x3251f95f596bf1e607c2ffc57a44615b4a966625
0xfc634bfc0f00a2d3dcc93ceb4558da9de840fdbc,0x9cbd96550b5bd4d1c16b54b09b84feb594d4a6aa,0,0x9cbd96550b5bd4d1c16b54b09b84feb594d4a6aa
0x8dfd8220976a0445b1779e5e9d6cb0bfe7b5dadc,0x460fd5059e7301680fa53e63bbbf7272e643e89c,0,0x460fd5059e7301680fa53e63bbbf7272e643e89c
0x947cce6ebdbf58c5ff1e68d15620d420da447fb5,0x4c5a86e3ffbd300629108e00fe7528fae7e34aa0,0,0x4c5a86e3ffbd300629108e00fe7528fae7e34aa0
0xb365e53b64655476e3c3b7a3e225d8bf2e95f71d,0xfa61b6e35613f014bd4387898790e89572f63b57,0,0xfa61b6e35613f014bd4387898790e89572f63b57
0x763397803d6a9e2c483117ff14cbdff664d33164,0x52f7c1c2e69e2049e23cce0e2a7e3bf8393c3581,0,0x52f7c1c2e69e2049e23cce0e2a7e3bf8393c3581
0xe18c4b077886e766194814cec1d1842d1d08b57a,0x1ca2007d4f2bc0ec2a56ecb890e56e05f36182df,1,0xa734439d26ce4dbf43ed7eb364ec409d949bb369
0x13f9ef0e72f2db4c48831bc6d2a38c934a7aa68c,0x612e2daddc89d91409e40f946f9f7cfe422e777e,1,0x55206268c0daec618c42f04539516a0e43acf31b
0xd99a522614b15f717a768a2c3288a759352f844a,0x1ca2007d4f2bc0ec2a56ecb890e56e05f36182df,1,0x67bce70bfa6803e39a84562eea1632df3d8a2df2
0xede3e72db26626be0223f3f6387785874f90221b,0xcc37599913d0b59a9b4bc1b10e41c621151cd57e,0,0xcc37599913d0b59a9b4bc1b10e41c621151cd57e
0x5295ab248168b9a41810331b9d8031ca7237505d,0x612e2daddc89d91409e40f946f9f7cfe422e777e,1,0xb71b50ed3cd27588888ab40062d11be71f19088e
0xc25fa07997d0c5c1605a56e8b476f7e22c6b1f3f,0x0000000000aec84f5bfc2af15eafb943bf4e3522,1,0xd9e1da631da9b9bd061f47725fa624f407e51dd6
0xe8cac6b6d2f6c2d04115f80aaf2d92d1cc728ae3,0x612e2daddc89d91409e40f946f9f7cfe422e777e,1,0xd5a904c0ee3b7b2f1ea56c55d8b90c713f719575
0xae37c56808b35985b4b1f9c0010f87ef9e435758,0x2269bceb3f4e0aa53d2fc43b1b7c5c5d13b119a5,1,0x0b41ca9dd8cf98910c6dc48bfc8af924c4f1268d
0x318bdba5011ad8e1494975875a98006a8a312547,0x612e2daddc89d91409e40f946f9f7cfe422e777e,1,0xf40fb06cbd73cb499d1ca7a83cfecdf92cd32070
0xb626de69a3585dc73dfe94263b577902963165b4,0x3e52531da35868993865c76e2851918c925d40c9,0,0x3e52531da35868993865c76e2851918c925d40c9
0xed66ffc73e9169f376cbd539fab1cb5c81acd5fa,0x3e52531da35868993865c76e2851918c925d40c9,0,0x3e52531da35868993865c76e2851918c925d40c9
0x4b1864ffef1c8c76673a413fc998abb29e73727d,0xef34f7aec356432ca98a973bb0e7ec22c515f8d8,0,0xef34f7aec356432ca98a973bb0e7ec22c515f8d8
0x2cd7a0aa0464cbe64a09885daac17a64a6ede2bd,0xf74b146ce44cc162b601dec3be331784db111dc1,1,0xdd69f2e3ef29e61244324657823affc20527093b
0x555375820649cd094d235a86ff0a51d67426d61c,0x2269bceb3f4e0aa53d2fc43b1b7c5c5d13b119a5,1,0x99344b575b83360410a0e4dce75189edecacc824
0x2f25e18c5d0fbe611bd048b057108ccc024475f9,0x612e2daddc89d91409e40f946f9f7cfe422e777e,1,0x8c3bb3dfa925eeb309244724e162976ffbe07a98
0xec62754222197912652f0e17551e621ae9621fc6,0x612e2daddc89d91409e40f946f9f7cfe422e777e,1,0xde70d9dd03673091437b76e388b4eceda8eb40d7
0xe7061488ce937012dadee6f82608cb5becaff8d9,0x28dca5ff7ac78bab442c04bc8fbbf9c768b125c9,0,0x28dca5ff7ac78bab442c04bc8fbbf9c768b125c9
0xa3aae76de21e7817c652683eddd7de616cad519f,0x612e2daddc89d91409e40f946f9f7cfe422e777e,1,0x52996406a77bce1a45290061bebe31a842ca5618
0xa0b762a1472709cbb6ef1f16f6e25d2143423106,0x612e2daddc89d91409e40f946f9f7cfe422e777e,1,0x65e3f233ddcbfba3bd8a2cadbb44f7101d1662e4
0x89adf658642b0183ffafec8d3b29d78773bbf12a,0x612e2daddc89d91409e40f946f9f7cfe422e777e,1,0x9f218c1380ad55e4a40b4da89795bd56e93e90ea
0x01d1a4a8927e4e9cd574e5416d4ba644d3a32f31,0x612e2daddc89d91409e40f946f9f7cfe422e777e,1,0x5e4b41b770a8e2bec9d6dc294f09ce10c444a2b0
0xaff053ff8061203ddb6f7b788df58b0088c9c5f0,0x612e2daddc89d91409e40f946f9f7cfe422e777e,1,0x7981ca320ea54cf5e2cf35032d2789795c4289ff
0x53b147a03c7fdf0a90e307196655368166cb79dd,0x612e2daddc89d91409e40f946f9f7cfe422e777e,1,0xa0f6ce829aea4a96de3eeaa695ad61085dba5c82
0x9e027595b55b688c4b4aac41f995c8930ff530ad,0x612e2daddc89d91409e40f946f9f7cfe422e777e,1,0x3297369811d4c33d36296cb334c6bd1acfef736d
0x7e292c5d5db0c869c9f32aa6b039ea47b6651351,0x6b001a79ce5710d1299e2a1a49c050302223f578,0,0x6b001a79ce5710d1299e2a1a49c050302223f578
0x26fc1947decb9d0715fb5cf5ec28e5ed7ad1da23,0x612e2daddc89d91409e40f946f9f7cfe422e777e,1,0x2910553429cabad45b22ab18c03a6e2e1116e7ec
0x1e29efb176e977032e5e5a780f5452f8cc2bc33b,0xf6e92ec9525e6292e6ee00673c45bb5e9f5cc29f,0,0xf6e92ec9525e6292e6ee00673c45bb5e9f5cc29f
0x370f40c4774863b1b16c5b090593a519511af88c,0x000000f20032b9e171844b00ea507e11960bd94a,1,0xc00e9ab9cf034433b95ee086c72c86f82b80b30e
0x3a9f6497ea3d42d7579d1059ff998e890362ae5e,0x612e2daddc89d91409e40f946f9f7cfe422e777e,1,0x6fe81ae17f45d6fa79e382c9237e7cc153c586a3
0xb0d79432bb6d163d3832157cff61a918d38aab81,0x40b78f96eb5ea3fedb2c343efdbacdfb1a48da28,0,0x40b78f96eb5ea3fedb2c343efdbacdfb1a48da28
0x3c793e85674f9a3de547f63b0fc06f986ac00dca,0x612e2daddc89d91409e40f946f9f7cfe422e777e,1,0xc9c9b085e8eec56a2e8c00619f94e6f0e488b50c
0x5d0a1d13e1a61b834a00e83ee4e46c354049b013,0x612e2daddc89d91409e40f946f9f7cfe422e777e,1,0x7253c3e1fdeb778f32602ec92dc2b8a01656c9f0
0xf5de4342a4579545a7c2f6c58d80fe093427ac85,0x5c9f2fd6ce9e600dd9c4ca4cd67e777cbab6353b,1,0xc02ffb0e123aeae9ad930b0db104bd6fe3995430
0x80825c93a9e7c9fbf05ee32d629636e4bfb2c9fe,0xaa294e0d4e090d7b56781322da3202cfd747cbea,0,0xaa294e0d4e090d7b56781322da3202cfd747cbea
0x64aa2ad7589182652e5b9a801eef30d41cd1fcc8,0x43fe7a5f421f306303e456a1a1e171f272f1ce79,0,0x43fe7a5f421f306303e456a1a1e171f272f1ce79
0x666f4951a3855b1b4cfbe0fcab074e40e187aa9a,0x6a4631279ccce80f7625b0434447f000f5a406cf,0,0x6a4631279ccce80f7625b0434447f000f5a406cf
0xb10bface5bb225b04b0fce0ddb2f6f1075af13a2,0x66ad6c887d52dfe5029354d49e0faa5b97cf57f5,0,0x66ad6c887d52dfe5029354d49e0faa5b97cf57f5
0x5d6a3585d581a438a3fdad23796ab97692297a22,0x590f4ca9b70860d1b89be8a7e69f22e59f6dcf6f,0,0x590f4ca9b70860d1b89be8a7e69f22e59f6dcf6f
0xcb8d245a0d1550ede0ef1d6de654408031cdc68b,0x68ec4f1abba7f0e028d73b0b795e074f2e171f55,0,0x68ec4f1abba7f0e028d73b0b795e074f2e171f55
0x11b0fa20f25750abeb7120543cf53885c5549573,0x370a695f879b665db5745de917105208a1dc61fd,1,0x8f5b15a4c708423659e39c87cbed51d68abe3ea9
0x5ba27d17821f9ac041b648fe9f90ec40abb8c3c2,0x02eb75be1e72e988de64f0088d654d8ea1081e87,0,0x02eb75be1e72e988de64f0088d654d8ea1081e87
0x513ac47320798fb6d74543242a9c0f686682998d,0x1d05cf6c6beb0c869851bfdb9510d4e44e855ad6,0,0x1d05cf6c6beb0c869851bfdb9510d4e44e855ad6
0xf3f7f7443136434e5cd1cd266cfa2c9082c6e871,0x612e2daddc89d91409e40f946f9f7cfe422e777e,1,0x4ceffe861ad4acd75c0cb908e28cc140750efab3
0xed22793614b663d03a932845303f863bc225d295,0x19478179ef8bb7c4792a4041903080e097d137dd,1,0x9a2afebe6ba07e31fdf57d258fed38cef943e3bd
0xf220ad7a39e859b311cd3d58a88ce88f419ae015,0x000000f20032b9e171844b00ea507e11960bd94a,1,0xff7249cb0df3cd41e3aaef5ecf8ac9e54fd53879
0x1c919b30e1aef8e84ec9b3e999ecdc37a8e2aaee,0xc0b4fc09b224ab456d49a2891647cd9376edb7cf,0,0xc0b4fc09b224ab456d49a2891647cd9376edb7cf
0x222aa00fec712f18a98a332204a1508fa996ee46,0x00c6abcd020bb975906b866b2babb8b27356febe,0,0x00c6abcd020bb975906b866b2babb8b27356febe
0x2cb984669066bd1b57d5b3c58254a86d7b20fd1e,0x9523183432407ad8cc75f5b30a2be3ab035511b2,0,0x9523183432407ad8cc75f5b30a2be3ab035511b2
0x1a602e9950916eb554df33b3e99919e42fcaf1a6,0x000000f20032b9e171844b00ea507e11960bd94a,1,0xc0c70c4c54263fe95742c61e40f7e7c0a33d4bba
0xa9d016a34e9698e4533e98a53794dc7716bb5a9c,0x31e1720f35f84b8c1f9eb86a11cad823dee71d41,0,0x31e1720f35f84b8c1f9eb86a11cad823dee71d41
0x2a0164722a56e04e2b5603670e0a76fcbeedeef3,0x612e2daddc89d91409e40f946f9f7cfe422e777e,1,0x09404fc75de1417895f6f6ab74f56f0ffc1f221b
0x77d0a18fdd77a2da2942824e8b2c8b8f6ca72da9,0x612e2daddc89d91409e40f946f9f7cfe422e777e,1,0xba3fd2cbdbf15afa98f9c42562e953f5f5cd60b8
0xa6caceddfaeee40729623c9c355e4cf48964de76,0x8a9f5998368f8229378fce88d67958a8d1e45b7d,0,0x8a9f5998368f8229378fce88d67958a8d1e45b7d
0x6b2a52e8009e22d755e5e7f1bb6e734e67b66c83,0x612e2daddc89d91409e40f946f9f7cfe422e777e,1,0xab9841ad4556613c6998a43ccb5d0670aebcf236
0x8940aa79b73771842e54d0278c302f1719ff4c63,0x612e2daddc89d91409e40f946f9f7cfe422e777e,1,0x3ddc49998c0b143272c80f3d1ca63b096a093bfc
0x285728e548dee8f65a3444c24a892dfa128b0ce5,0x76f948e5f13b9a84a81e5681df8682bbf524805e,1,0x10c0451d04580625305058493ddb63e0f38c5dca
0xc73f72fd4c5e90180e033bb63eb10377f18d0b72,0x000000f20032b9e171844b00ea507e11960bd94a,1,0x832bd637748ec1defc57220b36ca1d6c1d2fcf2e
0x04d999a92d0469169edfc0d585c54c5eec5bbde9,0x45faddea1c17a97cf61dd605226d511fd09dff7f,0,0x45faddea1c17a97cf61dd605226d511fd09dff7f
0x7108a568fe77ce91871caeb2d0c194dff886fee4,0xba798bd606d86d207ca2751510173532899117a1,1,0x643e96d2b21ddeb2e1610e0bd4669d13ae1b20f3
0x32887799ba0d479fa9495c4f1dd28178b37068e5,0x5e080d8b14c1da5936509c2c9ef0168a19304202,0,0x5e080d8b14c1da5936509c2c9ef0168a19304202
0x29c9e04e05c5d261836e458bc5b779a7de3c58d6,0x1d05cf6c6beb0c869851bfdb9510d4e44e855ad6,0,0x1d05cf6c6beb0c869851bfdb9510d4e44e855ad6
0xf3f6810541e497ef36759ded5480511ac2abb379,0x3b612a5b49e025a6e4ba4ee4fb1ef46d13588059,1,0x491888d80ef743e814bf70e37bd919874f2671c0
0x9c21573d2cd8885a9221206dc3e7cf1d18d39998,0x77a6be2dd110a230764744acb87bc4a05e5d3212,0,0x77a6be2dd110a230764744acb87bc4a05e5d3212
0x77e163280f551f861e82142ca48fd0b76f458c71,0x8205d31088645970ab947592b294990e7b92bab7,0,0x8205d31088645970ab947592b294990e7b92bab7
0x3852111f45c49f5076aae16c68755cd8f17fcba0,0x3b612a5b49e025a6e4ba4ee4fb1ef46d13588059,1,0x98175fcafcbd021769431b29bcc8fa7d7408e5fa
0x42286371a693594f4cafb88bfe63faecf81830db,0x1540e43159a2aa4fe9ca219f50123905200d1959,0,0x1540e43159a2aa4fe9ca219f50123905200d1959
0xd5d09fd496a5d73a7a6a73d432b066592d733f5c,0xea968e6ac95a95c68bf66decc803a1b2848cdc4a,1,0x2132786e2db0aba5e02e9df691a6008935032b8b
0x2269bceb3f4e0aa53d2fc43b1b7c5c5d13b119a5,0xc5557771673109cab9d05358e1d280fab5225977,0,0xc5557771673109cab9d05358e1d280fab5225977
0xfc16c273c3827811547e007a6d41666ce20a9081,0x7ff609abcb65ad6ca4c30e89e440b00c157ded8c,0,0x7ff609abcb65ad6ca4c30e89e440b00c157ded8c
0x6832d2151c559156692f07f84a00887d06bf79df,0xae5651c5d4a5af279f32888d351df72e31954279,0,0xae5651c5d4a5af279f32888d351df72e31954279
0x0ca8830c0ee69d417277dd8bb92ce5a6d5dc1cb8,0x37b0e438a14a4f6d7d54d52c7c3017921c25eb4f,0,0x37b0e438a14a4f6d7d54d52c7c3017921c25eb4f
0xdc0fff510dbc6685ee66a056e60ecdd68e882b73,0xfba2e38af8ea72b6bae8ca7c02c5c14a96781c18,0,0xfba2e38af8ea72b6bae8ca7c02c5c14a96781c18
0x016675743ab608f7aac2ecd876b228e4c0575b88,0x85e5514fc67b6a2c228330cdcae543783a440947,0,0x85e5514fc67b6a2c228330cdcae543783a440947
0xc6634919514c6326d774d3de1ddcbf3463615765,0xe19f5f6f3019ca6cdcf56d439221ce05447016de,0,0xe19f5f6f3019ca6cdcf56d439221ce05447016de
0xed1663f749a6c914e0ba6b7d449b870ebce0ece2,0x775ecef1c70ed299e37006f6820d6252b0e90bd6,1,0x5d525863d7c290cb60bd6344f74692f0f05707b7
0x58e5342bcc64607ebf52a7117c2980515a299c75,0xfaca3ff0b46746e98a4129827927617b0fe2f0ef,0,0xfaca3ff0b46746e98a4129827927617b0fe2f0ef
0xd7a09820f085160b9248292c9cb77b398816090a,0x22686dd69eb930e2be8cb329ad6b31b9d4cac0c7,0,0x22686dd69eb930e2be8cb329ad6b31b9d4cac0c7
0xe717ac97ddb948ddd3ab7cdce6894c3bf13f172c,0xeb7273e57db530c6f22bb4d1b8a725dc0596258e,0,0xeb7273e57db530c6f22bb4d1b8a725dc0596258e
0xee1dac3802b7df286f6a560748555e3db91c030d,0xc8f8e2f59dd95ff67c3d39109eca2e2a017d4c8a,0,0xc8f8e2f59dd95ff67c3d39109eca2e2a017d4c8a
0x2355839b2757880d08b978fc5ba73fdc6159b832,0x1a53358bf7d39db2e381b8f04897ba8b1878a1c3,0,0x1a53358bf7d39db2e381b8f04897ba8b1878a1c3
0xff992945955a0dfe070672f8c4e8a1509c62479f,0x612e2daddc89d91409e40f946f9f7cfe422e777e,1,0x8caefbe7059c5db7f246df8ce5d08942c831437e
0x75a9819a42f76715728ba4fca751128a4a534ccf,0x1215e924fe790bae7d59a37b7d3a44291bfad4e4,0,0x1215e924fe790bae7d59a37b7d3a44291bfad4e4
0x4556f89ef99459a85db15c40b9681d6a07d388aa,0xd9b8703b6cf2251253624d024c6e5239398eff44,0,0xd9b8703b6cf2251253624d024c6e5239398eff44
0x61c20c9eadf79601cfbf3e91bbe8fcb935839397,0xd735db175fb7cc284ed04f220d21d0cafa7ba1ef,0,0xd735db175fb7cc284ed04f220d21d0cafa7ba1ef
0x79e77fef841c2acdf506980144d07157b20effd1,0x9ce83b5525643bcc2e33fe61113ea5a1169a83e7,0,0x9ce83b5525643bcc2e33fe61113ea5a1169a83e7
0x6c56099bd81054f2b80063b4286c7596fd843bc7,0x2c325156416cc7b701151dafb6d4c0bdf0d398f0,1,0x10cfd6263d33428b9a87ada54284d6a5dccc1080
0x22318dc6db1ba94a7a1b32437e7867cc415286a1,0xd19601dc9565b80863a6a52b5285ac212d36175c,0,0xd19601dc9565b80863a6a52b5285ac212d36175c
0xcb6ed97320d0ef42891721d4c55f8b587e84181e,0x612e2daddc89d91409e40f946f9f7cfe422e777e,1,0x2e661ced4c1a7e0fdf018fd7125237754f4ea2f8
0x382c1f291bc02c93bb23c97f305444e5ab22eb45,0x5c26f9bec27fed63b101cef21085b404973cbe75,0,0x5c26f9bec27fed63b101cef21085b404973cbe75
0x249174ce31681c4c1b74b2871933571b2c3a930a,0xf62728efa22f4be214a3f340b54f0b1a9f1102f1,0,0xf62728efa22f4be214a3f340b54f0b1a9f1102f1
0x0b8fd842bffd1d63e510b3252c64ce8df1b45888,0x211313600d22750d6ffcab17574c22b980d5001f,0,0x211313600d22750d6ffcab17574c22b980d5001f
0x526936466211af60b703b054726a759ff8fea195,0x79d922dd382e42a156bc0a354861cdbc4f09110d,1,0x868964fa49a6fd6e116fe82c8f4165904406f479
0xa628771efd79f05e6568c129717fc6edac68afb0,0x7354936bc7a72c8baf5a2f9262e70a52c427be4a,1,0x1cf46e7b0d0e983b6647338552fb125f925d204c
0x06a63cd394f7b9a03b04e38ba271a88afef66c96,0x7354936bc7a72c8baf5a2f9262e70a52c427be4a,1,0xa218d6a3ad14cfbfc96017d5d7bceee1484bd6a5
0xe5325804d68033edf65a86403b2592a99e1f06de,0x4f92ae4960a6ac49fa88bcf9d6d4b8c53f626a55,1,0xf740a4d6b0d35e3289af8f3a6767836744c3377a
0xdb4fa56ad7c11f33c0abc7c974f9c03cfd21b623,0x612e2daddc89d91409e40f946f9f7cfe422e777e,1,0x0be73dab7e5cd54f1f77eeb1147af3e1049fcd47
0x2e32b5a1d10b978f285721979e31b35cb483961c,0x8426cc3b81cf17e0a1cc54b8d849dd780baac5e3,0,0x8426cc3b81cf17e0a1cc54b8d849dd780baac5e3
0x69491b875b2da3ca3e02ae7b4a08827ce3198ad4,0x7354936bc7a72c8baf5a2f9262e70a52c427be4a,1,0x8662b4a72d5544ba34c307a771ea2853af9778eb
0xc4427cd8020d519b4e0950ae4c61ac587aea7a21,0x5d39c53df12cbc3d3f5f5b41db4aacdca52f53c0,1,0x85d1df1f554d577ca08d46ae256da25bc8c1e6b3
0xd0d82b01a4ba145cfa57686b4044efc8a62e5851,0x57bc0746128d4e66c16a7e7fdc69001fa0d75451,0,0x57bc0746128d4e66c16a7e7fdc69001fa0d75451
0x95a2963c3320182c035caac80994fecd1f98987f,0x1ed826b8d24570db1a991c3e170177dcd1459a2d,1,0x1a2be848d7958570966cc20b1c521d8945cda8c1
0xc70f17cf60963379ce16cd8918095bd3c9e3e28a,0x0c125c3f8939075d5b3f5695b4022bdd8b399d4d,0,0x0c125c3f8939075d5b3f5695b4022bdd8b399d4d
0x568d65f3fe78571caad0fd6b25f19930e8a5214a,0x87690be28b65f13394741c2c2be5a6bdb0505039,0,0x87690be28b65f13394741c2c2be5a6bdb0505039
0x125ba30d3557722540595c6a797d1cb7630c96c3,0x3b81babf4faec56bc60423e20f60a5da5617fcd1,0,0x3b81babf4faec56bc60423e20f60a5da5617fcd1
0x107e5a030e884f1cebaadbb4d86c29a775a132ab,0x612e2daddc89d91409e40f946f9f7cfe422e777e,1,0x63aca79298884a520776b5be662230a37de4a327
0x625582b27a5346eae862a4c6b199d16a2f0cfe4f,0xea3ec1629b32a127fbba120fc5479d175333343c,0,0xea3ec1629b32a127fbba120fc5479d175333343c
0x915427a24c1762e7c9e404344e4cf674327a5cdf,0x612e2daddc89d91409e40f946f9f7cfe422e777e,1,0xfc2d838543fc4389791c1f083256407110ae0294
0x580dcbb8cb1eb58317e312f3146b67a2897dc69f,0x80d6f8c9807054a82a5437212d6f80c00a958117,0,0x80d6f8c9807054a82a5437212d6f80c00a958117
0xdbe426325e2846200561bd6674d86338d1c42467,0x7354936bc7a72c8baf5a2f9262e70a52c427be4a,1,0x6427e12a5bb9a48556999030f0bc89f868a5b134
0xffffffffb9059a7285849bafddf324e2c308c164,0x4e59b44847b379578588920ca78fbf26c0b4956c,1,0x56d7303fb0d0781c2fbef962d7f9461bf416916f
0xc1eb9b085736b5265750a435e3940f0dd7b5eeea,0xdafeb4f8084fed235d0ad234f460f0f36ecf23c5,0,0xdafeb4f8084fed235d0ad234f460f0f36ecf23c5
0x07aaa4ec2c6bff0dde8c0a17c5b5ec63ab10dbc9,0xbec6a21b15b234735bc37d948d57edd74a2435be,0,0xbec6a21b15b234735bc37d948d57edd74a2435be
0x5df22fb343fcc0ea855bbf10a09c35d436141e9e,0x612e2daddc89d91409e40f946f9f7cfe422e777e,1,0x7f484af42b87536adbeff4a12c36053b40b2a7a1
0x7e88bbc843d57b2ea016afd8b717a81a925a30c3,0x3c60fb9eae0e5d83e2ed8b1104302e38a51007dc,0,0x3c60fb9eae0e5d83e2ed8b1104302e38a51007dc
0xcebdb45336ac427c6099e807af1bafce82c9bc68,0x71d6c3823bbbce39af789d2b063ad33b2ecda7d3,0,0x71d6c3823bbbce39af789d2b063ad33b2ecda7d3
0x7088e6fd32fe9b64ff33b783d285e10ebb95e403,0xa71d3c1947168b05cfb8fe0e9143b49bfbbccbb7,0,0xa71d3c1947168b05cfb8fe0e9143b49bfbbccbb7
0x11f70322920ac177cf413f9d6128462395314506,0x612e2daddc89d91409e40f946f9f7cfe422e777e,1,0xe347e862fb4942191bb0a4f347214e5cdf24cb55
0xb70ba294590211b23fa7b11cbf1a56998cd802b4,0x66808200f61310dc3b9285997746b7808b704ac8,0,0x66808200f61310dc3b9285997746b7808b704ac8
0xdd82823b58d279ccf0c5458d732c951a987b158f,0x612e2daddc89d91409e40f946f9f7cfe422e777e,1,0x3263eccdfdb1ccccf51f02806fc013f3b725bf89
0xaf3d9c4d414596307ef8f4df9d7b5dc03c6d4731,0x612e2daddc89d91409e40f946f9f7cfe422e777e,1,0xa7071299be9de85a7ac0c170e7f129856b7adc9f
0xeef7433b2079c055cd099a7143143ba5a41f8cd4,0x12458f85a2f5edba82d9c4abe66db3c6803443a9,0,0x12458f85a2f5edba82d9c4abe66db3c6803443a9
0xacbc81fe1f56e4138aa1bc1cf0745d5b52bacab5,0x3fd6492fcf4f45c89228dd61b8a1f86844ef1c9c,0,0x3fd6492fcf4f45c89228dd61b8a1f86844ef1c9c
0x3f9869f02e033646b4f43885e4ef49d76d52f760,0x612e2daddc89d91409e40f946f9f7cfe422e777e,1,0xf9f7ae25e92e3573c5c2e3c97d2658bd2c06ddf6
0x6ad99febc8569b435b2f5b40c6b5c68e7c0b44d6,0xcef397cff890e226e1f672f6d4aa2268030a3ee7,0,0xcef397cff890e226e1f672f6d4aa2268030a3ee7
0x9293522a630f776c81ed9eb6d0ad3a1b6dcd26a6,0x6c0425869e7d549135d8c0e5ea5ecdebb4a448f0,0,0x6c0425869e7d549135d8c0e5ea5ecdebb4a448f0
0x274b09e60a4ce665e051023f63957a0ce2e72a4d,0x000000f20032b9e171844b00ea507e11960bd94a,1,0xfdd931c3218a381750ad33c736f4cbb6e2899caf
0x7a9ea7c036f6aab113e2563096ef1e0e56375a39,0x1d05cf6c6beb0c869851bfdb9510d4e44e855ad6,0,0x1d05cf6c6beb0c869851bfdb9510d4e44e855ad6
0xd5cbec659e3518a220a56f1ef2425975aa39d657,0x3b612a5b49e025a6e4ba4ee4fb1ef46d13588059,1,0xe5865e421c2bb71d371a3734237c00251b30c9fd
0x7e9b9ba1a3b4873279857056279cef6a4fcdf340,0x1fd8df37b360d7366db649703014e637ee214f4a,0,0x1fd8df37b360d7366db649703014e637ee214f4a
0x39add507f61fb2853074bfcba42ac3b5c14c2f8c,0x3b612a5b49e025a6e4ba4ee4fb1ef46d13588059,1,0x65f44ea76ebfb836a0770af0afd4f3b0e5f87c58
0x5593827c0878e411e144f1f0675ed645b79e6982,0x4ee1f9da5028d1dd85aca765f405180186572e81,0,0x4ee1f9da5028d1dd85aca765f405180186572e81
0x41f20599e9e049004c4d169046eb7023117a6244,0x87191ad9eb37a4289fd3f427ceca0f60a8b16e46,0,0x87191ad9eb37a4289fd3f427ceca0f60a8b16e46
0xf7132047876bc4c34599308004726bd5cafe724f,0xcd6232c5de1d74fce905a2c8df8a941f480732fc,0,0xcd6232c5de1d74fce905a2c8df8a941f480732fc
0xd2d6b889468e261aa7e1586ffceca338f1d7d104,0x6e3b535ae8a6b3a10e2f5d9feb1516e76b43244c,0,0x6e3b535ae8a6b3a10e2f5d9feb1516e76b43244c
0xc5bca7aa36876a2d4713dbb6841d71f41fcd1050,0x7354936bc7a72c8baf5a2f9262e70a52c427be4a,1,0x01de7ae42699be3b3adff1778750e5fedf0064d8
0xb6b6aefcfd56242ba4c300c5fa0d43072eb835a3,0x612e2daddc89d91409e40f946f9f7cfe422e777e,1,0xad847adde6d4ff896e00b04d6657ac0b730b07b6
0xe1aee333baa2641cbe0fa5271180d2339883e252,0xfa1e3b383ce51310492056a038770cac39506124,0,0xfa1e3b383ce51310492056a038770cac39506124
0x277db55ad76ff0d0f4ef165fa52cf6aeb7669d57,0x000000f20032b9e171844b00ea507e11960bd94a,1,0x783b94c2935f03d886d95f30e186047e5719fa71
0x4792960dff34a9be8b68367713e90712a172ef8e,0x000000008924d42d98026c656545c3c1fb3ad31c,1,0x59490f725990e1e8fcc09b71779b829b86439a46
0xef946c770498618cfca4a1b81f8c592155d6ae02,0x3acf4eb191960c49860503f628a6f7c300b0e7b4,1,0x6b216a545ba93fcec51e2ce255f6248f57ea980d
0x3928ddf070fd509b1ac6def1f2142783ce013a50,0x76f948e5f13b9a84a81e5681df8682bbf524805e,1,0x765a9f2f9e5d2f8aa3d6bb275705c6e2ebe39850
0xc2f273071404359af72076e6178c54c53791f0da,0x442295de8a31d65026dbc09c29d469f6854f188a,1,0x4bf6ae441d0dcb587e85b0dd135947c5adbbb401
0x90351af8a2ad6ba56ca99de89f96a8ef5885345b,0x612e2daddc89d91409e40f946f9f7cfe422e777e,1,0x7dd51b0247b288cb17ba8a581ed33aef6271f04d
0x063284ef115c70b7b00336fe314da5b4c5117355,0x1edc0949b53e1a66f532a5cefb0f3909c4df83e3,0,0x1edc0949b53e1a66f532a5cefb0f3909c4df83e3
0x20ca9c9814c22d9d157679b734ac179eb538702c,0x000000f20032b9e171844b00ea507e11960bd94a,1,0xae70acd6e759415cad556bb8851fa93ef8adca66
0x3f590aa1d6805a1079dbc067804bd87061e4ef5a,0x000000f20032b9e171844b00ea507e11960bd94a,1,0x4275b6f2503d1b980b2e7f90499de211807a6f5b
0x14fc5fd89a5911f4bca3672640bbf18c65e10973,0x000000f20032b9e171844b00ea507e11960bd94a,1,0x409e67a661a347ce2eab842454c7fd80f47414a6
0x68d17ecdb33bb83dc8a65cd97048b9502f37cd81,0x21d0a9b4da510e3eb55c0229ee8f0ed2e268c34e,0,0x21d0a9b4da510e3eb55c0229ee8f0ed2e268c34e
0x254d4a2ec63ae34b82011b819166ba5cb69634cc,0x000000f20032b9e171844b00ea507e11960bd94a,1,0x8774ab12fd76516a2561ae164e1bfe71d57a6ade
0xf996e6cb28c019602d53760ee4b4e0c5c3e500f5,0x000000f20032b9e171844b00ea507e11960bd94a,1,0x842456174dfe5a05e4d3ee6179b7ab111ed95dd8
0xdf284759f3689ee82a42c9565003ed0c44444444,0xbbb5c32c221b5c83da42fba4148857979aa7a18a,0,0xbbb5c32c221b5c83da42fba4148857979aa7a18a
0x32f6b15d43adaf56d43c885c6f3c60795e5d66c4,0x612e2daddc89d91409e40f946f9f7cfe422e777e,1,0x55490d2fb00604fb0739d078b6e7ff4055624868
0xc2f48a54595fc59a8a7d5e7556a921197d0b76b2,0x0000000000aec84f5bfc2af15eafb943bf4e3522,1,0xa4c8b4784ed48e05c6566250d6d153d20f5dec07
0x27fbc607a35cf87ea4148da04acf2f0a0b85a8cf,0x81c2f938611257754201119248251e295ae28ea0,0,0x81c2f938611257754201119248251e295ae28ea0
0xbc3efba928ff1d47aa8c927a213d6c1bbbe4a146,0x000000008924d42d98026c656545c3c1fb3ad31c,1,0xa0c63ac317030f985c65cb345748d5b2ce459fe7
0xe68751b874cfe3de276401b914d542e2c64b0150,0x1ed826b8d24570db1a991c3e170177dcd1459a2d,1,0x30119e6da1578f721cf5e9945b148ae2e512ca01
0x8503f22a8c8c293cb387467c3b9fdb61865148d8,0x4b1060b4a34a45ac489ee55c96655a489cbba4d3,0,0x4b1060b4a34a45ac489ee55c96655a489cbba4d3
0x4471b0180fbcc096f297842015d834c5438c5d2e,0x612e2daddc89d91409e40f946f9f7cfe422e777e,1,0x0684f8267252b800105f392d7399a7ce7243aff8
0xac4d0e4a3152790796508c3fb8389d8a24294105,0x000000f20032b9e171844b00ea507e11960bd94a,1,0xf57c8225041d45eacd82ca0fcb40953cd592368b
0x19752231d6c7b23e6c0e713c269ecbe74ef4ed79,0x000000f20032b9e171844b00ea507e11960bd94a,1,0xc78d8894c880e21fa73649cd349cbcac14bcabb3
0x05126e5fa75463b26dd9ae2dc4167019799a8cae,0x000000f20032b9e171844b00ea507e11960bd94a,1,0x9385b5005ddffaa86b68d3cb01138806964cf6ae
0x3bfa74aa4fe25fe59ba1f639c1ad95d5143aef06,0x2dfa21a5ebf5ccbe62566458a1baec6b1f33f292,1,0x568f75efcd7acb2a3cfd19654104077c6ead9ea2
0xb4972f5d1f62b9550cd11bb063e020fb8a5d93a8,0x000000f20032b9e171844b00ea507e11960bd94a,1,0x025a1ae7f37543cf4ebfa0effdcb08001059ccae
0x105dffba782a274bbc7f48d876f80e56eff45730,0x000000f20032b9e171844b00ea507e11960bd94a,1,0x3c2ed8a9f77f9141ed851e479e19d175f8b7d7f7
0x0024b96d2ea6226fac0987524074f520c244fe83,0xa3a940eb0495f326c64793943ce97ad0edf2c0f6,0,0xa3a940eb0495f326c64793943ce97ad0edf2c0f6
0x2be8ce39a8f902c9190b672bba4d1db2f163a235,0x000000f20032b9e171844b00ea507e11960bd94a,1,0x5b79fc550e3f3d3bccd825175a9a9f728ac8ea90
0x2edd329c021d6b17f869800ab6bd8313d0559ff5,0x612e2daddc89d91409e40f946f9f7cfe422e777e,1,0x025075bdb5eb2a21f03c7b9ef2c4160c42378719
0xdd6d4968051a997bd10e29fc9dd851ee675be7a0,0x612e2daddc89d91409e40f946f9f7cfe422e777e,1,0xbc9ca263a8a6872ddf808478ae9e0be14832e5b7
0x898b756acd4db490e9484bb5755ba9cc4ecb59e5,0x612e2daddc89d91409e40f946f9f7cfe422e777e,1,0xf17d5c1b436d9fabcc5911e2dd2bc0f56190ae3c
0xf818df1607bb0e22b4bc4a542943ae8c20f5d3d7,0x000000f20032b9e171844b00ea507e11960bd94a,1,0x4955360be5af666e1f9fe3e44d523e418575c00b
0x920cdd1db3a38d5202901419fe321a9fcd027c1c,0x000000f20032b9e171844b00ea507e11960bd94a,1,0x8c1f1c4978a0c1c98a20a56c5203cc023caed184
0x344578567e1476555e6618964fbbf828c171f140,0xcf6410333a9219728125ce45f20cfd1e09c42aaa,0,0xcf6410333a9219728125ce45f20cfd1e09c42aaa
0xeb8f2391ae68b51103eae31be2b76b1fbee8839d,0x612e2daddc89d91409e40f946f9f7cfe422e777e,1,0x8324e4839f8fce20a0c7298c87bca19addaf4065
0x3a989009c1d281e9bf5b4d50bb0e371ed6cc0a53,0x71a0496f59c0e2bb91e48bedd97dc233fe76319f,0,0x71a0496f59c0e2bb91e48bedd97dc233fe76319f
0xb3b93e924b922775371cce57d3e737b55536f4e8,0x000000f20032b9e171844b00ea507e11960bd94a,1,0xfa918b6b7796b12df63168dd49a9b50327170ce0
0xba15ab4c5b27917e19f772c9718095e248feff35,0xedb67ee1b171c4ec66e6c10ec43edbba20fae8e9,1,0x2d407ddb06311396fe14d4b49da5f0471447d45c
0x50489ff5f879a44c87bba85287729d663b18ced5,0x1dcb85efea6a3fb528d19b9174e88ee35bff540a,0,0x1dcb85efea6a3fb528d19b9174e88ee35bff540a
0xaa02cc02f4531ee75d1b78cb5a155d4f3b54f830,0x1d05cf6c6beb0c869851bfdb9510d4e44e855ad6,0,0x1d05cf6c6beb0c869851bfdb9510d4e44e855ad6
0xc740c25ba7b1dbde28be879c68ca7ddd34bc8880,0xa49c0d9a786e659a0557281b4fa72cf8cf08f6cf,1,0xfbc3b76a206f03f1edbf411f280444cd3fd9c7c8
0x4cbcc45c3d24610cbfa4884f4d16085b590f3354,0x0380f420c0dc17b1fcdb124dc2b126bfb6ce09ff,0,0x0380f420c0dc17b1fcdb124dc2b126bfb6ce09ff
0x38065291fdce1a752afd725e96ff75e1c38ad6aa,0xfe4aab053fed3cfbb7e5f6434e1585b4f17cc207,0,0xfe4aab053fed3cfbb7e5f6434e1585b4f17cc207
0x7aac6868e24e5b385744bd11f9b684d6152e6510,0x3b612a5b49e025a6e4ba4ee4fb1ef46d13588059,1,0x7a9c55a0c4d0e88f18615bbdedad5a1dccee8527
0xbcbb7ecc35f5016b7798774d8f7c805095c89ab0,0x3b612a5b49e025a6e4ba4ee4fb1ef46d13588059,1,0xb64d5e45bd16373b9e286c79eb25ff9aa3d225ab
0x9294c5787f5bc7462e991fe8b6feac75f433ac39,0x1d05cf6c6beb0c869851bfdb9510d4e44e855ad6,0,0x1d05cf6c6beb0c869851bfdb9510d4e44e855ad6
0xaf9defa926831807a33460f20b812600c77cce83,0xedc94ecf2469747881f2a17f63947328e4af158a,0,0xedc94ecf2469747881f2a17f63947328e4af158a
0xea3a82c8fdd0f7e7fd36a58900ff9aa39995c9ce,0xcf02e25a8789b92a250b67069fe57325bead42ee,0,0xcf02e25a8789b92a250b67069fe57325bead42ee
0xaaee5699a46bf805801de819cc8d47910cfa7439,0x2bb037e3b8cfe03e1527ca8ee57f82b005fd9a8d,0,0x2bb037e3b8cfe03e1527ca8ee57f82b005fd9a8d
0xc34581c4bdf1f0838580b99de36b1be86a95ee2a,0xcca0cca2ea9141ab67a4538849250704b613ed8d,0,0xcca0cca2ea9141ab67a4538849250704b613ed8d
0x06125d4520f5bcd64048f3d4cb15cb6e16093217,0x6a171ff0b5ea7edfa2b4ee9385a4f888f8bb8e02,0,0x6a171ff0b5ea7edfa2b4ee9385a4f888f8bb8e02
0xafb4ea0df7eaf50dc9da3c0ec8bd4ed961c92b53,0xfad7d46f2f44c2571260713a0154ff3ac4d0c02e,0,0xfad7d46f2f44c2571260713a0154ff3ac4d0c02e
0xbbe0bfc164ffaa7d1cc63e4819f7831a2dd81275,0x612e2daddc89d91409e40f946f9f7cfe422e777e,1,0x453af79c641195da5f6e934ef124b474f8bf97fe
0xfd342f132ca386c238217ce75f94635fe39b9cbb,0x2c8a146ed7c8f7e70049e43abc1874f0c145902f,0,0x2c8a146ed7c8f7e70049e43abc1874f0c145902f
0xbeb792926a9afa323911790bcf18b5d740ba824a,0x8e5fc669251b1cbad1d9c6403c7341a6a7c618f3,0,0x8e5fc669251b1cbad1d9c6403c7341a6a7c618f3
0xf910e7ce7ce372bea764ee3f1ac8a3dc6ebf0c1f,0x9561caecf15c739f65f104254b4059c6b53fe92b,0,0x9561caecf15c739f65f104254b4059c6b53fe92b
0xc4607bcabbb1e9acb1d8f8140093765e7255fc59,0x300f853db9879696621fd02fb02ca21f24d6512f,0,0x300f853db9879696621fd02fb02ca21f24d6512f
0x59533ee8d12877c4da0b036c588cd8fae45314c0,0x370ecb8cba1cedd44f24c8d6b0fae26e86702ac4,0,0x370ecb8cba1cedd44f24c8d6b0fae26e86702ac4
0x5acf07d83f6e905a72432f4757510be85cbadf4c,0x7c4a24c5b1c0eba323ac796b841708ca4f79feb1,0,0x7c4a24c5b1c0eba323ac796b841708ca4f79feb1
0x5347a3af02da70736bc73ff581613c0c3f411577,0xb5daecced1450c6314e511d912f80457dfba75b4,0,0xb5daecced1450c6314e511d912f80457dfba75b4
0x3b9a62c6dd4d93f8a6fa4a350da32d28fac80863,0x90b7d41884d85e3a565d4b58a8266fd021573119,0,0x90b7d41884d85e3a565d4b58a8266fd021573119
0x19eaf7fbeade0e1ea6976f1aa260e939c1c52130,0x3cc435694547cc536106fd54fd11d88d2a85b611,0,0x3cc435694547cc536106fd54fd11d88d2a85b611
0xe091774b4a6d0990d0ba7d9478de6e00f7175f7f,0x2ae3215dcdd3ad1cb6ee4c4f616fa2aea13c2393,0,0x2ae3215dcdd3ad1cb6ee4c4f616fa2aea13c2393
0x43db0265ec82e53dbc214d12aa2de7d1bf77e6fd,0x9258cf4a402d1b1f08696e0a56da233af29e4d17,0,0x9258cf4a402d1b1f08696e0a56da233af29e4d17
0x65b8fd16d39eb862a35c5a668c9e786c6b07cb14,0xae1ef77bd55540fa4a966060573a6145334d6d39,0,0xae1ef77bd55540fa4a966060573a6145334d6d39
0xfdf1f065ed5097d84cb3b36695d9d70153a8056c,0xc8e8d3e88e061742b2cd1bcb0866757b4f0fe0e9,0,0xc8e8d3e88e061742b2cd1bcb0866757b4f0fe0e9
0xf30126ca0202f6cc8c65d67b03e75d2b719674d9,0x612e2daddc89d91409e40f946f9f7cfe422e777e,1,0xe86055c91cacaca88daf63a7f12ab0a219b2e320
0x61c5521d8cfef4cb9f77ff4b3d80a3a94a0231be,0x612e2daddc89d91409e40f946f9f7cfe422e777e,1,0x7c4a24c5b1c0eba323ac796b841708ca4f79feb1
0xbb04434461a626399da6636379819c2cbb085f59,0x612e2daddc89d91409e40f946f9f7cfe422e777e,1,0x30a2e8a344ee91e0b6bfd970ecf8b7443c91d5e0
0x15816bcb7d8d7c58954add1be76e5454ce92e83b,0x5dbc7b840baa9dabcbe9d2492e45d7244b54a2a0,1,0xff1896cfc912ceda37319eba452906dea8cb343c
0xd1e9028cd11251833d8018b5d78a303218ff8c86,0xaef3e8c8723d9c31863be8de54df2668ef7c4b89,1,0x7a99f98d44a3aef69e9bdd888022e267e71d98ca
0x0290170d86ae8520a88c48a6e278497f1f853308,0xf74b146ce44cc162b601dec3be331784db111dc1,1,0x6da0a1784de1abdde1734ba37eca3d560bf044c0
0x9cba1d25dbfc829d6dcfdf3c3c25368e9de49a1a,0xdad148546841885b78d52e36c5a26a71292b5a75,0,0xdad148546841885b78d52e36c5a26a71292b5a75
0x594c7708c5e837e1968aef895888133e0541711f,0x612e2daddc89d91409e40f946f9f7cfe422e777e,1,0xcecd746bc0f17185651ff16316a14ca06784ad4b
0xdbc266f6040e1224a9661b33b38635c79d303606,0xaef3e8c8723d9c31863be8de54df2668ef7c4b89,1,0x967ddba67d15f07a4a6f77e2721cffdb6bc744cf
0xb0a79cb9cebf3bddc58ef116de6be088d733e995,0x2269bceb3f4e0aa53d2fc43b1b7c5c5d13b119a5,1,0xfab5666833206ebaee47c081857a2b9758a1044c
0x77e39fdc25f5ac843bc446a6a96d42e69b421672,0x7354936bc7a72c8baf5a2f9262e70a52c427be4a,1,0xeda9e18a6e2aa310f16d62807930c8d54e66686b
0x174b655fb71c5b595ac5186859bedb762af9004c,0x612e2daddc89d91409e40f946f9f7cfe422e777e,1,0x53d2c392e9340b12bb62dc5b3cff07c0435d461b
0xc2462f03920d47fc5b9e2c5f0ba5d2ded058fd78,0x4e59b44847b379578588920ca78fbf26c0b4956c,1,0x05950b4e68f103d5abef20364de219a247e59c23
0x03b2f188d6e290c15caf8e582a35b6485b93d133,0x000000f20032b9e171844b00ea507e11960bd94a,1,0x2f6d78391c2211a8786c4bd257084d9a370b3414
0x22667d91743a925f1e8a7b4697cffcfccf600fb4,0x270e8014a75dfc51c54349e7ebed8363a5898425,0,0x270e8014a75dfc51c54349e7ebed8363a5898425
0x42fd7000149b91cd18e43d966b46a22e29f40970,0x000000f20032b9e171844b00ea507e11960bd94a,1,0xce5ab73675c4f90711906ba767c072272a2cd7dd
0x4c0004e18f6d6f16c9c78399a439cf6503b4a99c,0xff13f9b23a16a82c3ccdd29ece6af667eeb15834,0,0xff13f9b23a16a82c3ccdd29ece6af667eeb15834
0x990827cae0063dd982482a4fca621c757aa9d175,0x000000f20032b9e171844b00ea507e11960bd94a,1,0x19ceb0e24563ac68b7a559623645e021aea2ffa3
0x1722b2fb080d2a9227e3ae7da1618ffba23ab0eb,0xf0581bea7a63b930c4e11e67d746b207e4326cd4,0,0xf0581bea7a63b930c4e11e67d746b207e4326cd4
0x5c59e6461a3dad0e3165fbc146a7f85d5539fce2,0x630f461cf7aab18c5b7a7e16083b49a1ea93a10b,0,0x630f461cf7aab18c5b7a7e16083b49a1ea93a10b
0xffda0b1f82c7321cc8888c942c6bc54b9c107072,0x4718d398dd4b0ec472700bd1f6091ed82c49c256,0,0x4718d398dd4b0ec472700bd1f6091ed82c49c256
0xd4b10e5fa38f356169e742afae5d0a9018b4266d,0x000000008924d42d98026c656545c3c1fb3ad31c,1,0x7f8a4aa58538966bad9085911c72b0de63c2ac48
0xf6acaaa05b08b185c9f587f1b84f887dcd7c5a47,0xb5292bb264b19eb7fafd054236ee2f2ee4509d8e,0,0xb5292bb264b19eb7fafd054236ee2f2ee4509d8e
0xd0d46e4a68a30ef6f2df35c4fdbcc8caed8ae216,0x612e2daddc89d91409e40f946f9f7cfe422e777e,1,0x6d31129de814c26fbdca8f98d230c1f99015781e
0xea2ce4e822c68ab5be2d5d9cc12ba250cf15c2c1,0x000000f20032b9e171844b00ea507e11960bd94a,1,0x4dd3fbadf26dfea3662a095efc3a7938d985ffd5
0xc0eb127c02dd84d60747973aea3e24b86c30ef9c,0x612e2daddc89d91409e40f946f9f7cfe422e777e,1,0xa04611ac0438bdada004680628704151c8db044f
0xf05b8e2a4a6186baccc633bbcaed020e0db3ad01,0x000000f20032b9e171844b00ea507e11960bd94a,1,0xab76327dc3414a5d4c606e49f5d5e74b43a65552
0x96faf3dec5fbf20be2c1a3d74c9506e9c8239c92,0xc7a295b1b2df1efb82aa204958b98ac30171cb85,0,0xc7a295b1b2df1efb82aa204958b98ac30171cb85
0x1021796f82bc12ecfae52881b8292403544aa56e,0x000000f20032b9e171844b00ea507e11960bd94a,1,0xc4391cf95078c86aadb67d7e163175defed3a5c8
0x418e37ba9a862bc2b605af6bd1d84cf9cb3695d7,0x19478179ef8bb7c4792a4041903080e097d137dd,1,0x99e9f9516286ce7777e6c5d95c941756adf105a4
0xd92689c88213d693db330a6a1404403f5ce3aa69,0x612e2daddc89d91409e40f946f9f7cfe422e777e,1,0xea41be885d925260ec1aaac5439ad0a39f74952d
0x1f68f051129c562d69b8b917bf3ca8075264fd14,0x000000f20032b9e171844b00ea507e11960bd94a,1,0x2cfc8e5a210c8b169d0d18daeb03d2dfbe67ad3d
0x801f119ea9f7de7ffcf1e50aeb468037165c92d1,0x612e2daddc89d91409e40f946f9f7cfe422e777e,1,0x95ebfd2ef843e8b920840bd8101a12eaaeae156d
0x6f105c13e1b415ad65e4603ec7c0b42a4d6cc5d3,0x612e2daddc89d91409e40f946f9f7cfe422e777e,1,0xfe7e4bab11eeafdb4bd5e2d262c26dd7f5942b7a
0xe305aa0fcbb55ce3c0defa9f5e050ad2accb04c9,0x612e2daddc89d91409e40f946f9f7cfe422e777e,1,0x41b3c6952298b27b942e5c25cdc0d9d9763bcb80
0x1dc4794675abf0f0a2d364e63320deef221d6933,0x612e2daddc89d91409e40f946f9f7cfe422e777e,1,0x88ceb30abc19bdd867a144922ef55fc9fb1eba72
0xa8eacef4750d61547d3da1a587a31f1e2da1e729,0x000000f20032b9e171844b00ea507e11960bd94a,1,0x5c3d52e7dd8755800d79804f426421e5bac844b2
0x69ffc720e223bfca53644c800924a8d55b9e5438,0x3b612a5b49e025a6e4ba4ee4fb1ef46d13588059,1,0x8392146da2ebf35fa8bf516fc51f0e59693ce5da
0xc6654501f4c722a442f618c14dfcbb031985d720,0x3b612a5b49e025a6e4ba4ee4fb1ef46d13588059,1,0x2299aeb4baa0b102382ae0df95660fd004bd5ffa
0x43cd6734bbd1d814cf906777089b572e5a5c9e11,0x58add5015bf447ed729893a9af6f60d8bb62504c,1,0x101419e2d84470d900c41b86974b5912c92f01fe
0x032af6bfa2397e384acbe0ae4724e6ecaea91113,0x41538872240ef02d6ed9ac45cf4ff864349d51ed,0,0x41538872240ef02d6ed9ac45cf4ff864349d51ed
0x7505e3549dcc2e68c4b4c85d0fbcf67cd76aa3d9,0xea968e6ac95a95c68bf66decc803a1b2848cdc4a,1,0xb318ec53cb3153400696e149445b57ade94a84a4
0x721b7323ca223b6f60d8184b1329f04c32f1486c,0xf85b0aaf096a15aeb73277016b002d4c59ecb4c1,0,0xf85b0aaf096a15aeb73277016b002d4c59ecb4c1
0x8419721412da63076b4556247a028e93ab51f9f4,0x6079903efe7d838e21368a5ea8c89bf26cbdbb79,0,0x6079903efe7d838e21368a5ea8c89bf26cbdbb79
0xf6dba4e6b7dc4681cfcc031ec3578376a3e53c20,0x3b612a5b49e025a6e4ba4ee4fb1ef46d13588059,1,0x2e724bff4786414d9feb0a10570e9be970392650
0x89f17a7ca806a871808362ea17f7b9beb1875080,0xfecb3d0bcd34a76c755acbf2e9d7c7ba4c12c38c,0,0xfecb3d0bcd34a76c755acbf2e9d7c7ba4c12c38c
0xb95712ac7fbf54ab3fd10c86fd1e9463c8461bf5,0xe8eee66a90270488df98ca631961b5ed60cd4db7,0,0xe8eee66a90270488df98ca631961b5ed60cd4db7
0x5762f422fec2eb15f77a186cd22ef0de74eb7d5e,0x0be403326926987f90b8177c41e481289142ad6e,0,0x0be403326926987f90b8177c41e481289142ad6e
0xa0fd1b054bff069d4f53b7b8cbd5fb148f38163f,0x3b612a5b49e025a6e4ba4ee4fb1ef46d13588059,1,0xe4612fd31f5084a7d3aa9f8be04ef0f9b4158c83
0xa7faa37411efd5b0055754f4ae317ec1ca76e8ac,0x7354936bc7a72c8baf5a2f9262e70a52c427be4a,1,0x7b434f7def58bcecb5fe1cbad983ab2da3c52c82
0x1092cd7e11630becf05701214c2b894739d10177,0x612e2daddc89d91409e40f946f9f7cfe422e777e,1,0x071642731357694b43567e961c6b99647962a8c7
0xde28676b35d2cf7121ad7d681ee13b6fd4515dc6,0x612e2daddc89d91409e40f946f9f7cfe422e777e,1,0xc01c99b2543e28eff240e90384a1fd757a484927
0x2260e7b74275cf7c7ae4bdb625414414c23fcdc6,0x612e2daddc89d91409e40f946f9f7cfe422e777e,1,0xbdb0dd845e95d2e24b77d9bef54d4df82baf8335
0x9e1c4ea902158d8f5f4585032ab4c47bebf5783e,0x612e2daddc89d91409e40f946f9f7cfe422e777e,1,0x66e3255347253e0a887b5d4d0a2f03f08f3da2ab
0x1ad335388a927f949cb4459c518364fd9341d55d,0x30ecb9ad88f90a1f52fddefe9e106d53809056af,0,0x30ecb9ad88f90a1f52fddefe9e106d53809056af
0x55f837bcfabb24371c841e5e0304f1a2cd13bc17,0x612e2daddc89d91409e40f946f9f7cfe422e777e,1,0xf3a6a6caef85ba96c4e79f258df667b5bfa0685f
0x3318662d6829f7074b1505287233d7307da2819e,0xe2b7ed92c1d3ec6730891b99558ce073189a3d51,0,0xe2b7ed92c1d3ec6730891b99558ce073189a3d51
0xb15e3327351ea46ab314f809652076f9c37ece07,0x2eb240175557a2e795abd424eb481d282317b102,0,0x2eb240175557a2e795abd424eb481d282317b102
0xd49a0a623e7dd24a89a0a2a30648fce074cd0199,0xd67f7f94ca53b6f0518d81f2a8dbcf9cd23c8b22,0,0xd67f7f94ca53b6f0518d81f2a8dbcf9cd23c8b22
0x58cc9f03fc776abc7902a39dc1d4b27764fecf90,0x05ee1ee157d9a1c62ee8a671ba2abeac0ae6f2d5,0,0x05ee1ee157d9a1c62ee8a671ba2abeac0ae6f2d5
0xf8169675b4947d4d053e72281668ecc80deb849f,0x000000f20032b9e171844b00ea507e11960bd94a,1,0xcd75b1ecd424378a855375879c6fc71d5c4b5599
0xca78beff615a86656296a6dda1aa18c71dbe2f5d,0x442295de8a31d65026dbc09c29d469f6854f188a,1,0x783dfb5811b0540875f451c48c13af6dd8d42df5
0x3f35e2518cb1df66d924cf08b5b94a73e84882ac,0xbebe33247b1947386d1f44684bb41e8712cac036,0,0xbebe33247b1947386d1f44684bb41e8712cac036
0x4eec956d717118331592b0a9079f5497bd94b251,0x000000f20032b9e171844b00ea507e11960bd94a,1,0x77b25ee63246233fc4286feb93eac2e1513d6b72
0xa0cfc0194f6fcd437da638943cb3be48c57220b9,0x612e2daddc89d91409e40f946f9f7cfe422e777e,1,0xb441f03b129f5b4950dace8e6eb696606c6d4d28
0x08492d42af8ae1e0c7fea59491e57c6b30bbdd50,0x612e2daddc89d91409e40f946f9f7cfe422e777e,1,0x631d2d9b9d1a8f8b6bebe6cbff4a01536c396194
0x8e9ae93f2d7a2d7b5842773a0b1539c19080388c,0x612e2daddc89d91409e40f946f9f7cfe422e777e,1,0x78aeb88cb08211146e61f0080d1f002dd6ff358f
0x32bbd747ba2bd76d08d556cfe29cdf9e15390c01,0x612e2daddc89d91409e40f946f9f7cfe422e777e,1,0xe3bfa1f94dd357316247e6a1d9f6b0c1d78c7621
0x7acb08cfdd620b747e2b357e2723234eb578208c,0xd3ba96203a206b877344eb2c5f10208ba99a82be,0,0xd3ba96203a206b877344eb2c5f10208ba99a82be
0x1ca007e2f92c97bda002ee3412cd31ae5864096a,0x6f94f606a9ad1fddf75a73dc42d37a5991260bb0,1,0x4774567d8e1f320bbb9765a1738c49f852855ac5
0x5ebec81b19d211885c608ba724db51f013852e50,0x000000f20032b9e171844b00ea507e11960bd94a,1,0xbd24b0c4907ea394bfc1168744ebed7529940527
0xc3db3ac10344aac9ef12117ece8faf05b4502efe,0x40d744990431fb691e82de1cfe1583ecf04e6987,1,0x6ebe7f9cda8619ab2c508ba6c8f6675836185e0c
0x8000c071712e3ed5ef54e822edeec802cb790e33,0x000000f20032b9e171844b00ea507e11960bd94a,1,0xf86743f49d0a9e767ded4abcda965eab286bcecc
0x1ff7bce058684444065d1e519904ef7a3d578b08,0xeec7689e935a0d8c440f9b1d403f0b6305935788,0,0xeec7689e935a0d8c440f9b1d403f0b6305935788
0x0647a2263a7c5ddcc2cfd9f23c206ac11f75dd4a,0xe79b93f8e22676774f2a8dad469175ebd00029fa,1,0xb255f70edfa044674fccd01c099955acc6fc7ff4
0x7225bab291c77e49c2b7c022d7cf09dc3f1a741e,0x000000f20032b9e171844b00ea507e11960bd94a,1,0xb6635910b7ceb7d9acea3ea44fe60bd7e6e7a51f
0x303e956440b2f61c7ade26e43886f03560a3c8af,0x560ebafd8db62cbdb44b50539d65b48072b98277,0,0x560ebafd8db62cbdb44b50539d65b48072b98277
0xb5c03e73bcf3ba95d2a64ad4b46f4d65c245e4f6,0x000000f20032b9e171844b00ea507e11960bd94a,1,0x256fe0a48b9dfcadfbc1d595625d32040694af07
0x79df6200600548654c2e208bb42f3737ec802c40,0x000000f20032b9e171844b00ea507e11960bd94a,1,0x60d374118c3b9109fb89f1f25c67737278b3e1ed
0x3e95408de8776ffd4b59a6ab88dfbabd6c7c981b,0x000000f20032b9e171844b00ea507e11960bd94a,1,0x6cfb36c1540bb1aab9b0986b4f5e05a6ba18d168
0x9968edfff60220d86290036dc57f7501087f1060,0x612e2daddc89d91409e40f946f9f7cfe422e777e,1,0xe32cbe7b5d7416bd432514c1bbe36a930b1d2dac
0x5082110309ea0816d4b126af02c5fdd14ae6fbe0,0x612e2daddc89d91409e40f946f9f7cfe422e777e,1,0x5b385b421b6a05ac5135e3d3da286ccc23488849
0x4ebef31712f24298aab08dd96b72c8a87c1c1a04,0x13841953eebd883735f7a73b5f3a41ba26e5462c,0,0x13841953eebd883735f7a73b5f3a41ba26e5462c
0x5ddbec3d676febdf6bbaac29590fc5b093f34383,0x612e2daddc89d91409e40f946f9f7cfe422e777e,1,0x178490cdb63884a0e712b1d48c2624a27bbecc35
0x92f414cfc87a93a702207ce958017733bb62a165,0x6f3b66dba3c318c405a0733d5d2cd67bfd57aa08,0,0x6f3b66dba3c318c405a0733d5d2cd67bfd57aa08
0x3d26d401dce3caa5491f1376c875fa1275e1b1d9,0x000000f20032b9e171844b00ea507e11960bd94a,1,0xa797338de69c4078d0317e0f04a22a9066d1d2ca
0xd4c27e73cc7850ab6ace020426107304d449fc07,0x612e2daddc89d91409e40f946f9f7cfe422e777e,1,0xd5129c3f71298fb99a4c1b08c3f95bdc630b2b86
0x8c921f7c6928c3ecaebc397f525d4ea414604296,0xea968e6ac95a95c68bf66decc803a1b2848cdc4a,1,0x5bdfe6d2acd29609986a759d830baaf84519f97a
0x481bdca8a568efe05aecf1fe1f8ca26986ce22d4,0xf239447dafa45d4ff2136f3006d445908f43e9c3,0,0xf239447dafa45d4ff2136f3006d445908f43e9c3
0x6023da5c4ed130e73cd816ec931b562db2c346bb,0xeb334a9ed800024889989eb4fbe1e16f4474dcab,0,0xeb334a9ed800024889989eb4fbe1e16f4474dcab
0xc4638af1e01720c4b5df3bc8d833db6be85d2211,0xc44a1c9e1950123ada1dd257af317fef7a71bd67,0,0xc44a1c9e1950123ada1dd257af317fef7a71bd67
0x4592fdca89c5ea194f548e6ee688156c29db01a4,0x3b2d699110aa1788b2b1cae336e0ba8ff942a390,1,0xe8dddab3edbad6d011d48d5fbae222db977b7196
0x117d99dc7eda7e71d03f7e020d1fae0231dfdaad,0x3b612a5b49e025a6e4ba4ee4fb1ef46d13588059,1,0x2926be6e9e9ee661997bfd42370eaa5147fd98b5
0x41c2563f5fdbc69e81a3d43ba4c598b1ca7a119c,0x3b612a5b49e025a6e4ba4ee4fb1ef46d13588059,1,0xdb626018c65e9a05aa67feeeb690c1cd3a3dc5bc
0xccbd572d26641cb500409092cb14a19e6430ce3d,0x3b612a5b49e025a6e4ba4ee4fb1ef46d13588059,1,0x194d85e4400ce698c397e2141e4cc478988984d0
0x5b0ebfc9f929b81780d7479bcdf722f7e3a9ac3e,0x3b612a5b49e025a6e4ba4ee4fb1ef46d13588059,1,0x3bd67c95995b06be3b678ec3d6850f60053f219e
0x30a6f0d6f137f762c9f4e310b8962a56b7bfaf08,0x373d419979862c6845e74cee5ae1e075801b6abc,0,0x373d419979862c6845e74cee5ae1e075801b6abc
0xf01a916670c09867ad9345beae4ba05ab011e2bf,0x2c325156416cc7b701151dafb6d4c0bdf0d398f0,1,0xf3b5766331f24e35dcb358305dd6cd5723dcc47f
0xcdda671ca1fca167cdc23a83f2348e3291198265,0x3b612a5b49e025a6e4ba4ee4fb1ef46d13588059,1,0xcc32f942e0b42931f9962095b2364035be9b3161
0xa6879c40f6da4caacce380faf7d388bf2712a310,0xcd43c8a3a54b60b4d1196fbc5a5fbd5801e37b38,0,0xcd43c8a3a54b60b4d1196fbc5a5fbd5801e37b38
0x0b5d355101d904cb68d740bba213414684dc00c6,0x612e2daddc89d91409e40f946f9f7cfe422e777e,1,0xcf951cacff1d2d61b6974b9d7984848d3fff4ce9
0xf5bcda7b2f6aa508f31c650abd3a3ecbcdad9daa,0x5750dbfb49dd4ef20d21049021da92c0b015da89,0,0x5750dbfb49dd4ef20d21049021da92c0b015da89
0xa8384862219188a8f03c144953cf21fc124029ee,0x9b5715c99d3a9db84caa904f9f442220651436e8,0,0x9b5715c99d3a9db84caa904f9f442220651436e8
0xdd1db284a84e0bf101def3d0fb175cc4e039a807,0xcdd370f39bcb0c5622f591a3b7b824812625ac77,0,0xcdd370f39bcb0c5622f591a3b7b824812625ac77
0xa2cd8070620450d977095590869fcc758f3f6199,0x9cfb236a0bb84579fc3b4a8208efc4e8297605cb,0,0x9cfb236a0bb84579fc3b4a8208efc4e8297605cb
0xe591b98248fa3a4898612302efcd961a25908b01,0x3476f74dbe22221330b95437915c7aa9d00d6638,0,0x3476f74dbe22221330b95437915c7aa9d00d6638
0x8d52ad8c4fd2ed2c8b14b7d5cd54b326fd4ba367,0x1e5cbd16d0e1041977fa5b7549e0c1c2e5097d0e,0,0x1e5cbd16d0e1041977fa5b7549e0c1c2e5097d0e
0x51caa19fd6f9323857363b36e1f7e6164b1b08b5,0x7938735f25c28e7dc785b198426a74075a432b67,0,0x7938735f25c28e7dc785b198426a74075a432b67
0x04d2ae4fdccaec2237fe6fbc3aa1e5b62c71f358,0x46c3165fb17127b511c9bd3c1c95c787d6601c7d,0,0x46c3165fb17127b511c9bd3c1c95c787d6601c7d
0x36fbd5591414545a61f6844c7a0c2fd192d5b251,0x174cd4cd4b023dcb812dcffc45d52d3185782e48,0,0x174cd4cd4b023dcb812dcffc45d52d3185782e48
0x4f9e2e709895cc8ae62be86c6289f7081ba048a6,0x47144372eb383466d18fc91db9cd0396aa6c87a4,0,0x47144372eb383466d18fc91db9cd0396aa6c87a4
0xf817fb8de5b8262661c3cf6cb7d27e25e7828fe5,0x0f0dee43f5d7564a282cf88b1ed61612e0e1e57e,0,0x0f0dee43f5d7564a282cf88b1ed61612e0e1e57e
0x72b3fbd5adac8c3b59248a0691e2efb566c6eef9,0x43abb041a20e7f109349050c97d92026bcd04cdb,0,0x43abb041a20e7f109349050c97d92026bcd04cdb
0xea33e60f4c28af3fd8a412aa96bedb1ee92523ff,0x4b7a8ce7d004c5c68207f355f6a838c941ff6b96,1,0x02eb75be1e72e988de64f0088d654d8ea1081e87
0xe45b6363517699496cda4bf9e19bdb049105a616,0x2c325156416cc7b701151dafb6d4c0bdf0d398f0,1,0x2bedc55ced8ad734cf09e77003fed3df641aad3c
0x1dee95a460c23c09e55ae456e80a91ee9c0731f4,0xdd4877df70d14c9a1429a227c469b50e24084ef7,0,0xdd4877df70d14c9a1429a227c469b50e24084ef7
0x1bb9a9ace2b2f344db585f1b8658c985a7f705c4,0x612e2daddc89d91409e40f946f9f7cfe422e777e,1,0xbf34a5e59b8b45e3c76407d98f0d7a88c4c4e468
0x9391a63b5e03a5d7e361538fcc6051b3e0534069,0xa787502e447f236986d898475c1f09de7a1f5c64,0,0xa787502e447f236986d898475c1f09de7a1f5c64
0xb0b901d6ebd5ab5074cfca1cb4a7d95ee039ab61,0xe9247b9814fc4098d01c74a4baa7c639b70cff59,0,0xe9247b9814fc4098d01c74a4baa7c639b70cff59
0xfb7c9c89f0f3ebee538a1c42cd655b1f9c30ce39,0x34939226ffbe06f7ad8da1ad329fc03cfe01a01a,0,0x34939226ffbe06f7ad8da1ad329fc03cfe01a01a
0xfab41b4a7f38676dcee8b811f67e68e71b5e50b6,0x7b4a9956329705510b03182d5e5afc54e01d7efd,0,0x7b4a9956329705510b03182d5e5afc54e01d7efd
0x725d33a6d7517741f98470d0530369afd0fe9b73,0x612e2daddc89d91409e40f946f9f7cfe422e777e,1,0x6011b9933d81ed2ac684a2cdde5dd596be5316c9
0x359a0dfcc110d5eac63825db1db0d037edb78337,0x612e2daddc89d91409e40f946f9f7cfe422e777e,1,0xe9080e77ad3aa97f9544d08632695284b90e51e0
0x51788e560320dfe313de04720b6f556b6d4f7c03,0x612e2daddc89d91409e40f946f9f7cfe422e777e,1,0x1b0f0f56501a46cf1b754aa73dfed5ff95e66797
0x3c2dac5c692caf0db58edc0b0e6a692f3f8c5061,0x612e2daddc89d91409e40f946f9f7cfe422e777e,1,0x780701eda98d4437967881553efe18da3be04249
0x8cfbcc5f4cd771b54e3206db55773971a124198d,0x1c6d4ba38a49d0ea20f615e44cbfcac3cd25ef01,0,0x1c6d4ba38a49d0ea20f615e44cbfcac3cd25ef01
0xcc083b51a44877706658a5c02898999e6f6a7670,0x44717729c5a44807359e759281317a1b59dd4295,1,0x3019a8f9169f2a2ff10cff76d775c8980b517c8e
0x0ea361789cf43ad0d56bbd0239cbdc7c468bb4b9,0xafaca46f253c85d4ba372f82a8a4f4b0dd5d7dfc,0,0xafaca46f253c85d4ba372f82a8a4f4b0dd5d7dfc
0x02541162ffab7ec35755f5a42366bb848d25249a,0x983e841748c71c6b3f5dab140899a88b0f39f70f,0,0x983e841748c71c6b3f5dab140899a88b0f39f70f
0x5e538368d4cc73e4477bdcb290cc7b3fc2ebd0a2,0xa6c5f2de915240270dac655152c3f6a91748cb85,1,0x415c92f5822689bcb8f29919af7e9a14a423743b
0x29160e8f9732b141b8d37412fb3275cd501230d5,0x54c8f64e743d00d159388197b956b787836f1fa3,0,0x54c8f64e743d00d159388197b956b787836f1fa3
0xdc968c02db6b9eda63e53148f278c9b2520f1906,0xdf49493bfc9f6038556057f86dfba5ca83ee233e,0,0xdf49493bfc9f6038556057f86dfba5ca83ee233e
0x6f944307a05d5ea1b0f711150a5d499edb88ff07,0x4a4bbc76d6e847e26dd48de7713dd8deceabcf0a,0,0x4a4bbc76d6e847e26dd48de7713dd8deceabcf0a
0x29ffc6e429bb488a9cf19ed026a2544eb831dd20,0x6faea455ea5309259cdfb076caaf779488ddf8de,0,0x6faea455ea5309259cdfb076caaf779488ddf8de
0xbf2fd5ccfa4b2824d9d4c305a85973fba84f7f1e,0xcf2cd68a3298bc783c49489ab7c7641208d38ef8,0,0xcf2cd68a3298bc783c49489ab7c7641208d38ef8
0x61f95b285edd0f2dcf400ac47a69ead09779fb21,0xf2558d28fd63a0051856a3b5d15bd651972712c3,1,0x4e9f821fa73aa24215b3758eddb10f15fd693b93
0xde3b2c0b95fea8f0485edb9cdae147a04f72cea1,0x7354936bc7a72c8baf5a2f9262e70a52c427be4a,1,0xa725dbddee6f0776687cf3834ab19bebd9c1c8d5
0xbda25bb2844b44f775b59554ad770138080d9f57,0x5b58aeebafe359fe5b19ae3b41048ab859f4bc87,0,0x5b58aeebafe359fe5b19ae3b41048ab859f4bc87
0x81bf2d7448859f5ff2099016d4c5c28786c83ad0,0x612e2daddc89d91409e40f946f9f7cfe422e777e,1,0x19bb7778472944f26ae93b2008659041be1106a7
0x3ccd5ca3b5f2c8ebf91372dce283c9dfa345e5af,0x612e2daddc89d91409e40f946f9f7cfe422e777e,1,0x0a6a8853b787492a5f37e435e9922ed44bf48437
0x2f62c0294440e3547bddffd7f2d52148011be871,0x188c4b3a3f2263e47316182681749b3f9ff746f1,0,0x188c4b3a3f2263e47316182681749b3f9ff746f1
0xef0cef8f9d55459dce6dcde088914a133a4b2e63,0x612e2daddc89d91409e40f946f9f7cfe422e777e,1,0x78ac3bb69c0d3000de0f4ee0ee907c60d502aa57
0x91a7ec08d84017bfd8e5730e052389bf9d50d056,0x7354936bc7a72c8baf5a2f9262e70a52c427be4a,1,0xcf7d2b8a6a5851749cca61f81259cd4d8108f0b5
0x1be21ac907ab8253518237db80f4bd9206e61daf,0x1de9d1ce8cba16c98ad50d0f902e6feacbb35df9,0,0x1de9d1ce8cba16c98ad50d0f902e6feacbb35df9
0x947183a87c6a82229498805b760dd43b4f9e0c7e,0x000000f20032b9e171844b00ea507e11960bd94a,1,0xe2ad9b510407cdc4e383c020c2962ecb0a4f5bea
0xbef686e45af96b52f59e4100995fbf44fc339b33,0x612e2daddc89d91409e40f946f9f7cfe422e777e,1,0xa92386f1e90e34b3bc4fd5ef60fae286702b48c3
0xf78d86ec098baeed37d5342ce81b6f196355e19f,0x612e2daddc89d91409e40f946f9f7cfe422e777e,1,0x5d9fc6a9dfacdda88d23ec9b95c4ac2e402d74bf
0xd4e9e9cb445422c4d85e51741179353314a47333,0x8f800cc88bffede0dbaecc76a0c15a2f5701ac1e,0,0x8f800cc88bffede0dbaecc76a0c15a2f5701ac1e
0xb0b446a116572380b2253d509d2f590c75421836,0x19478179ef8bb7c4792a4041903080e097d137dd,1,0x17fea901d676f2d22ddfa67c64ccc38ea99b7c69
0x08abd1e21fbc8ea58946b6c896434f4e9306cffc,0xb14289984581c3d8cdc24663f5d0d6035eed642c,0,0xb14289984581c3d8cdc24663f5d0d6035eed642c
0x7d2201debc59727c0ae617a47add88ec814b1e37,0x612e2daddc89d91409e40f946f9f7cfe422e777e,1,0xd1083446071de4ae9b06352279563233e1c6f0bd
0x680f50528a7f498bb3c9983c46fd6155024ea724,0xf85a4ffb066e5886aebb8eb6c9fb1f02e67ea76f,0,0xf85a4ffb066e5886aebb8eb6c9fb1f02e67ea76f
0x223656c1ff144e88c3b50a1120954f3d4579f925,0xda87136d6254d23e26fa51a6685825af857e9d75,0,0xda87136d6254d23e26fa51a6685825af857e9d75
0x679a2267d765a6832d86543f830b6b80c45fad93,0x6d4e7523218fc699c871ab0ab968b06b6100a868,0,0x6d4e7523218fc699c871ab0ab968b06b6100a868
0xc6b6ffc52142a9415f4fba5133a58d090f420909,0x76f948e5f13b9a84a81e5681df8682bbf524805e,1,0x811e7d17a9c889c51d21cc6d55d0b529aedc1df1
0x40e48111483ae2ace4c3381d872ec7770d25d229,0x612e2daddc89d91409e40f946f9f7cfe422e777e,1,0x8d5db65a41649423e31c2f9aad8e186f6475b48a
0xf86168ed03577c1a64a199dd8f3db8f3765fd9a3,0x000000008924d42d98026c656545c3c1fb3ad31c,1,0xc3d909683270f33842dd8f566f8f960ca219875d
0xd5775d9a168da00cab791190d8d359fc9de8fe8c,0x612e2daddc89d91409e40f946f9f7cfe422e777e,1,0xa697e7d803997f026b4d67abeabf548ac6849100
0x102a8e1555ad06440e18ed1d7963a259f96649c5,0x612e2daddc89d91409e40f946f9f7cfe422e777e,1,0x57bc6b3e8de08c680863b6085dc1037a739c931c
0x0c975fb23885636a7c078e45b3adc860f570f7ab,0x000000f20032b9e171844b00ea507e11960bd94a,1,0x213ed96aa6a4e47b07ae5a06d19727d5d9f8061a
0xb0711e51eef597fa03bff2cbfea3dc4d3c4f6906,0xafa6b8341e46ce32f682a5f024a8fbc914fb0701,0,0xafa6b8341e46ce32f682a5f024a8fbc914fb0701
0xe92a3fef8c41c778c80f158b00801dde4072bdd2,0x55f9f26b3d7a4459205c70994c11775629530ea5,1,0x0a3db8ec24e955ef327dc370cf502c08eed8e192
0x32e4669af022ccb935dd03f441fccb18951c3a4e,0xde9ba5f62d6047c4a9ccf24455aa733ccc5b8f41,0,0xde9ba5f62d6047c4a9ccf24455aa733ccc5b8f41
0xbd25298897faa8197f14db5f4c8bcaa5b3c51279,0x5e4b41b770a8e2bec9d6dc294f09ce10c444a2b0,0,0x5e4b41b770a8e2bec9d6dc294f09ce10c444a2b0
0xe497b15e4de9b1766ea11856f752c26ac50862ce,0xa8a849b09aa9bf62782ab572f09ff479b76ebac8,0,0xa8a849b09aa9bf62782ab572f09ff479b76ebac8
0x895554bc4f48fe1c2bf5c198bfa3513da538f86b,0x623fc4f577926c0aadaef11a243754c546c1f98c,0,0x623fc4f577926c0aadaef11a243754c546c1f98c
0x99f0495a068ba245e15ca9409e7d32de0e655ba7,0x847193a740be978b318b06aa4327e5a6058cb755,0,0x847193a740be978b318b06aa4327e5a6058cb755
0x875a48b0473cc94a1c786188ad9c4727091dc08f,0x06adf7bacdcd8aa2f70a2e3fa77d6c912d709947,0,0x06adf7bacdcd8aa2f70a2e3fa77d6c912d709947
0x29f0b2b0a6bd425c1cfbe2fcbda463463f250f0e,0xcc48857242141cc7f4f8555f8a3d5bed03556c19,0,0xcc48857242141cc7f4f8555f8a3d5bed03556c19
0x3cb42d3f9238d4b6d7a37a329706aae5dcf6eda3,0x3b612a5b49e025a6e4ba4ee4fb1ef46d13588059,1,0x2b9c89df29f08720910549a9ccec592e8a10c163
0xc934e429360e2b55d5ba95751d31d3da1e3410cd,0x269db79b1946fe112994ff628ee2358314b9c4ea,0,0x269db79b1946fe112994ff628ee2358314b9c4ea
0x233fff5f31dc468936194fdd44bb237f31095d90,0xd5fdf3c2558de6e872bbbaa876c48bdd7e030304,0,0xd5fdf3c2558de6e872bbbaa876c48bdd7e030304
0x0a1bbd57033f57e7b6743621b79fcb9eb2ce3676,0xb8559af91377e5bab052a4e9a5088cb65a9a4d63,0,0xb8559af91377e5bab052a4e9a5088cb65a9a4d63
0xea3d29218b8853d283dfc3805e5bc3d934d81c39,0x3b612a5b49e025a6e4ba4ee4fb1ef46d13588059,1,0xee193f18cc3549e1158e4b940f065d8f460c143e
0xdaeaac9b92f9dedeb3cfe125bc62b97e2fd3b951,0xec66dda0e363cf369e2e99d0eb5a8b4745e6be04,0,0xec66dda0e363cf369e2e99d0eb5a8b4745e6be04
0x032241aba1e04e83b7fba3607897d1671fbcef3d,0x3b612a5b49e025a6e4ba4ee4fb1ef46d13588059,1,0xd20bf69b592b9176e46ec229f82d7f1bf65fc9b2
0x1c20acf90f08643b922cd7db7946663ee8fcc173,0x65afd1bead7bf5b1289cf0862b8d8854fa61fabc,0,0x65afd1bead7bf5b1289cf0862b8d8854fa61fabc
0xd9b78a2f1dafc8bb9c60961790d2beefebee56f4,0xb57fd863535525b880ff7e23cdf17644a08cb448,0,0xb57fd863535525b880ff7e23cdf17644a08cb448
0xae6f9371b3187b69c9d6898214e531f8d42254fc,0x3b612a5b49e025a6e4ba4ee4fb1ef46d13588059,1,0x1a73c5d84cd77274bbd438901d6acbd7bcbe0408
0xce9ae5632ac971bf3261f8e58c7c503f0d10a7a1,0x1b5affb4b8eaca9fe27454d33e9c4e32b53f2db2,0,0x1b5affb4b8eaca9fe27454d33e9c4e32b53f2db2
0x56caa1fa8a690ed90453af46ab239d15b3d359be,0x0d177f1ae75b2cef54b1e866a365e5a903839736,0,0x0d177f1ae75b2cef54b1e866a365e5a903839736
0x8e4acee068411d82fe8d7a1ff1595deb57c50d7a,0x019c59207866cfa338545d0cbbe3a4fca5f8b366,0,0x019c59207866cfa338545d0cbbe3a4fca5f8b366
0xe6a9826e3b6638d01de95b55690bd4ee7eff9441,0x982181c76ce0b2b4ff27ce85e608e2851bf61ea4,0,0x982181c76ce0b2b4ff27ce85e608e2851bf61ea4
0x13f7fcdd4fe705d737dfa3a2335871a9c5ba6d15,0x6eafa9dae4604986c1bb4daf2b879490a0b95f43,0,0x6eafa9dae4604986c1bb4daf2b879490a0b95f43
0x7b209ac6443ca624ffed7b8ee12a1c9b16db1004,0x000000f20032b9e171844b00ea507e11960bd94a,1,0xf8a21f796a590555217dee1de7c723162e2c49b3
0x14881490d020d0bba94af6d902d026ed54a91793,0x000000008924d42d98026c656545c3c1fb3ad31c,1,0x7a88a6e99e2497c4e30521683866112474d9d04d
0x3376f41d94acadf1b7285b73850152b869bf0459,0x612e2daddc89d91409e40f946f9f7cfe422e777e,1,0xcc40e27e842bf6f19f49088938103b915f63abf9
0xd0e51f8f44c943a0a714eed2957ee7c1245d9df2,0x5da8067964412f4b703572dc18e63309cd0f3911,0,0x5da8067964412f4b703572dc18e63309cd0f3911
0x37361c010b66f8023193cbc012bb1b71c6f59ef9,0x000000f20032b9e171844b00ea507e11960bd94a,1,0x8d00fb4155bd5c300cbe3acb8a0c2ba4498af42d
0x2daa18fcb71d157c85214e0994854f6aec911253,0x76f948e5f13b9a84a81e5681df8682bbf524805e,1,0x98556b192f8304001986e0bb94e61e51049a600c
0xe5845b08f299781603625939479416f6abe777f4,0xa6c5f2de915240270dac655152c3f6a91748cb85,1,0x149d46ec060e75ae188876adb6b24024637003c7
0x814c00c141e8581365e95dac0dda33fd9231f761,0x76f948e5f13b9a84a81e5681df8682bbf524805e,1,0x6a1da9ff16c493e9927f33c45fc1035a98066517
0xfdf5acd92840e796955736b1bb9cc832740744ba,0x6bf3e2edc8ea8dd8994342abf6d1e9dcc71f075c,0,0x6bf3e2edc8ea8dd8994342abf6d1e9dcc71f075c
0x734b0a3da347fa97c97c902204cca430e2766b4a,0x612e2daddc89d91409e40f946f9f7cfe422e777e,1,0x0cf54d5740f6f87184771baf00c9338072fc4cee
0xad97a69cd068185d4a2d0af517506fa7d8e7cbbd,0x000000008924d42d98026c656545c3c1fb3ad31c,1,0xfc3d6045934890e2f59283f8f373998121725291
0x39832b6f9b3bb5394fd191791896d466d608c425,0x612e2daddc89d91409e40f946f9f7cfe422e777e,1,0x879f1329278e667c19a4d726b5a6bfede3bf58c6
0x49b086772718e5842f9c60da36460af1db713c45,0x612e2daddc89d91409e40f946f9f7cfe422e777e,1,0xd8dfe217ebfe59fbfaf4c57bda54f1476eff5ffe
0xc1f5c9fecf16a6e3e222e648a6fce6856275814c,0x3bd0deba75055aac5db91235084d4f126b98c752,0,0x3bd0deba75055aac5db91235084d4f126b98c752
0xfc03eba4bf243ca0034f1949e92d23fd8a67f992,0xf26e79e060ac5a4fea3b25c40dbccc2996ba0f4f,0,0xf26e79e060ac5a4fea3b25c40dbccc2996ba0f4f
0x5af50e733c293c01718a80ccb4d3553596707278,0x1ed826b8d24570db1a991c3e170177dcd1459a2d,1,0xbb86a6090cb3037b27b4e27f0c9c897093751b04
0xb637e10accc7e5aa1d78a93b416625bcb06cb0e5,0x44acb53375970ad801f0c3a9a8802d7920bc02a4,0,0x44acb53375970ad801f0c3a9a8802d7920bc02a4
0xb53897ba2dce5245111e3323d42a42add2f6c663,0x612e2daddc89d91409e40f946f9f7cfe422e777e,1,0xeb334a9ed800024889989eb4fbe1e16f4474dcab
0x6a9ddcbf38ac7963332665d6a17f5fba3dc71b68,0x000000f20032b9e171844b00ea507e11960bd94a,1,0x9e68003214bb9a47336039356a54ebbdbb1bd591
0x1b7f1f63d284ff264c97f1f2426b74119fecc3b1,0x4369cea3ea6b07fac2a506e5954d1511a2936042,1,0xfbc3b76a206f03f1edbf411f280444cd3fd9c7c8
0x9e96e2daf42203da6882576bbae93cb558acd168,0x9af52329437360323d4794f6f75fad4fe3b3599a,0,0x9af52329437360323d4794f6f75fad4fe3b3599a
0xa94d3450cc7a163091faf529d63037248f5964d2,0x3b612a5b49e025a6e4ba4ee4fb1ef46d13588059,1,0xc3ff5af66818a1843cdcf1c64bc5ffb7cf2902b9
0xea0acbb7449b59bccc5f3d4bc4af882e8afde148,0x77773f1e2ca26c2bd69e06e65d51800fbef1b468,0,0x77773f1e2ca26c2bd69e06e65d51800fbef1b468
0xc4664ab8e7fdf7d02241e62797152489756699d4,0x3b612a5b49e025a6e4ba4ee4fb1ef46d13588059,1,0xead21833a7c137d525e127916832a529c41dfebb
0x4a96aff34c361a490aba458cf6d5882f0204ada1,0x3b612a5b49e025a6e4ba4ee4fb1ef46d13588059,1,0x30d9057fb3ba68e0b25985b39fe5a5f13d95c5bb
0xb6584723d6a2a2c56095911a03a1bf22c2f62b9a,0x3e26603299ec18a0a59c179b92b303722c04c5d0,0,0x3e26603299ec18a0a59c179b92b303722c04c5d0
0xe2b2d91f1e02a7502eb9aabd6a8089bc91ce9216,0x735874c07646520878776ad20e7418dcd3aa48cc,0,0x735874c07646520878776ad20e7418dcd3aa48cc
0x950452b3674039f55d505fcb4fde6f50f3f1cd99,0x2c325156416cc7b701151dafb6d4c0bdf0d398f0,1,0x4de5ae339b406a8cd5037e9138a62e86aa5352ef
0x80cf916402ec71de83c075c8172cec3d1bfa04b6,0x2e9cd7641dc0e8dc6eff5a48e6d9cee3c091deaa,0,0x2e9cd7641dc0e8dc6eff5a48e6d9cee3c091deaa
0xd3293cb4d4052ba4d17afae086dca0cd9ba37fd4,0x2f0607aa5d12743aef4e8c642b5d94374588558c,0,0x2f0607aa5d12743aef4e8c642b5d94374588558c
0x0a41db66c8f994ec56b55357c92e4f1e66d8ba06,0x83cfbf713e60b0dbb093eff8659284c23c20ff27,0,0x83cfbf713e60b0dbb093eff8659284c23c20ff27
0x343f700c26a28187175f13c5106d2b14179e7300,0xe17f1ec3916df923be2882f22fa4e6e85265d4f9,0,0xe17f1ec3916df923be2882f22fa4e6e85265d4f9
0x39cc9e47cce7dc1bb18cd014ca4c460a9fc7e957,0xc8e3c99a8e7bd6a489f99bb84c2d9dabf2f028bb,0,0xc8e3c99a8e7bd6a489f99bb84c2d9dabf2f028bb
0x5dbf07decd597ed62f42a5536a21dea26686d723,0x7b73c89e1dd265e7da230df5b02b027e00a3f6ff,0,0x7b73c89e1dd265e7da230df5b02b027e00a3f6ff
0x960b983394032b41f858ad2e8cbe109342d78e80,0x612e2daddc89d91409e40f946f9f7cfe422e777e,1,0xbfa7fe04379d3a6de7a23edd76c0315b675737d7
0x9178e9596f02fcaa0f8b5c8b01e5b3e23f4a0091,0x3e0914fc2b3b67a476142020b7d6990d01ad234e,0,0x3e0914fc2b3b67a476142020b7d6990d01ad234e
0x999240b2d98c7c7cc4c7d6a53e933161fb51ae4d,0xa3d81b10e6f297bbf8dfeaf4a6daa7d191ea5c0e,0,0xa3d81b10e6f297bbf8dfeaf4a6daa7d191ea5c0e
0xf3daeb3772b00dfb3bbb1ad4fb3494ea6b9be4fe,0x2c8a146ed7c8f7e70049e43abc1874f0c145902f,0,0x2c8a146ed7c8f7e70049e43abc1874f0c145902f
0xc86dda69f66096b36e94a149a000ecba775e758e,0x612e2daddc89d91409e40f946f9f7cfe422e777e,1,0x09d1cb7855685cb1ea3ff49d6e089bb028cf89f1
0x2c5815685fde37a864aefc7f29b512e5db81a84a,0x8859cd02ac0ab8440ea558d8759679d8edc20f86,0,0x8859cd02ac0ab8440ea558d8759679d8edc20f86
0x36df2c7cb387e4ba909029d7b93f242640ec9b17,0xd42d52b709829926531c64a32f2713b4dc8ea6f6,0,0xd42d52b709829926531c64a32f2713b4dc8ea6f6
0xe49860654877938eaa88b6e74ff1d9d5731b1d53,0xdc58666f99b4c1ca36bfa6311b3b7fbdb5f08ca3,0,0xdc58666f99b4c1ca36bfa6311b3b7fbdb5f08ca3
0xbbc70d115f964dc8cc8ce4342019489cffe2e5cc,0xbc3a4c10d9c0668ecc144fe1a7ad1e3703f200da,0,0xbc3a4c10d9c0668ecc144fe1a7ad1e3703f200da
0xb3c14184eb3451d16e0fa5eb556f7671a3bfa431,0x6faea455ea5309259cdfb076caaf779488ddf8de,0,0x6faea455ea5309259cdfb076caaf779488ddf8de
0x41db27d0002fbb15cfdc466c1bd0024aa12e2daf,0xe682dcfb523fbaf3d9ffd1ed0b615076590911a8,0,0xe682dcfb523fbaf3d9ffd1ed0b615076590911a8
0xa476e26ee1522c2ef632612507c97888d7ff20b4,0xd37adbb6ca0054b78eb5c7a40799b13b7f83ced2,0,0xd37adbb6ca0054b78eb5c7a40799b13b7f83ced2
0xce37f9052e0f3f8e56887d8496fcd6cd6bec06d0,0x28f0383cd84794daa7bbbe3434517860b941d73f,0,0x28f0383cd84794daa7bbbe3434517860b941d73f
0x67ec0d7405a0bbaa17819453576744965be7c07f,0x1a3537f62b777fc468a4b0859b673e21f27bcd55,0,0x1a3537f62b777fc468a4b0859b673e21f27bcd55
0x6b33b96cc9742fef7d98e26402277b1807af0380,0x8f049f77f04b5ecdef56fe0de2ed1d1c9019e83b,0,0x8f049f77f04b5ecdef56fe0de2ed1d1c9019e83b
0x36c1005a2b5a1551225f6134df623de2db6c2a59,0x612e2daddc89d91409e40f946f9f7cfe422e777e,1,0x99bc1cd9cdaa375938ac2612972ea71919985005
0xa73d75015bb3471c234b2911418b43b079dffd41,0x2fb0e475f6d495dfdfd9176af9113f48f7687565,0,0x2fb0e475f6d495dfdfd9176af9113f48f7687565
0x14d3f903c336638071c80265ead5d5b64a15806b,0xdbdd8330c7590cda7301d9fb867f86f854884407,0,0xdbdd8330c7590cda7301d9fb867f86f854884407
0x0a791089acf48912a9cfde00e3a6afe9edbc3221,0x6666667fed25d883a07d8171e98d078258d0d5a5,0,0x6666667fed25d883a07d8171e98d078258d0d5a5
0xb803cfa0149f657044fa11f3e024eeb03f22359c,0x19478179ef8bb7c4792a4041903080e097d137dd,1,0x15719d37d81a0a490af6b143ffb3c84613d77a7b
0x6b685e81349d2cf705af24655fb9ff4395550387,0x729e4e48c623c72a2ce63047e1a4b31075154a2b,0,0x729e4e48c623c72a2ce63047e1a4b31075154a2b
0x8a1521398214a61bef23e0a2f2909a6a152f9341,0x3b2d699110aa1788b2b1cae336e0ba8ff942a390,1,0xcb8e06cb1cfa22347684441a34ec51759376907d
0x4c1d07de16e83d62b6cec5b5725f9eb9bf75c2ba,0x7354936bc7a72c8baf5a2f9262e70a52c427be4a,1,0x81f49b86ca9eb6fba015d555aae96d9309b97ba0
0x15bb07b07816de9625bb3247332c9550b3717d97,0xb2019531de3bfda451668acfe40fb3aee59975b5,1,0xb7cc6ace2414e491ad516d41986c3babfd3695b3
0xa104645df702835ef387d9aafee66362d2b3cb32,0x8c3605004f26b38f3719fab423ab17c4599a43bb,1,0x2f2d07d60ea7330dd2314f4413ccbb2dc25276ef
0x3fe168aa13f0b452bd7af2aac269cda387c80f2a,0x8c3605004f26b38f3719fab423ab17c4599a43bb,1,0x2f2d07d60ea7330dd2314f4413ccbb2dc25276ef
0x8578fc30cd5705b341b76b6c6bc78ae068f1454b,0x8c3605004f26b38f3719fab423ab17c4599a43bb,1,0x2f2d07d60ea7330dd2314f4413ccbb2dc25276ef
0x19a7ec180d492a2bf3b7216a873bcb65ac148d98,0x8c3605004f26b38f3719fab423ab17c4599a43bb,1,0x2f2d07d60ea7330dd2314f4413ccbb2dc25276ef
0x50d9090d6ce6307b7ec8904cd3dca17b4da56353,0x8c3605004f26b38f3719fab423ab17c4599a43bb,1,0x2f2d07d60ea7330dd2314f4413ccbb2dc25276ef
0x7285e8f0186a0a41e73cef7603ad7b80a2d5a793,0x8c3605004f26b38f3719fab423ab17c4599a43bb,1,0x2f2d07d60ea7330dd2314f4413ccbb2dc25276ef
0x231556741bd95f3355fde76cbe029838d57071e3,0x8c3605004f26b38f3719fab423ab17c4599a43bb,1,0x2f2d07d60ea7330dd2314f4413ccbb2dc25276ef
0x1600aac52f1272ef1fb4036a67b17c7a7e8c42df,0x000000008924d42d98026c656545c3c1fb3ad31c,1,0x699a3259b25d13d5e6ee108e6c14af96306ea0b5
0xd1b78d9c30671a8cf3a1fcc64de59d17f54a82c9,0xa1a22713946d0ec792f4e645bb40f6ce43a7b319,0,0xa1a22713946d0ec792f4e645bb40f6ce43a7b319
0x78367b6a394878f47439af7c2b9c32a17b05db5b,0x612e2daddc89d91409e40f946f9f7cfe422e777e,1,0x8daa60e0ff964bb4d1f30fae8791626229c3f63b
0x19b094c17f29a16f80be04cdc0c3e274474c7724,0x2272ecf43a7481088fa2d4ba9109804ed5a31901,0,0x2272ecf43a7481088fa2d4ba9109804ed5a31901
0x23c7178acc36d0feb0546f9cf33c1f53996e0a0d,0x9d336eca491b420b83cb47c888637035481d507f,0,0x9d336eca491b420b83cb47c888637035481d507f
0xcd9ceefbf0b789239f81850b662dc201a70fb754,0x612e2daddc89d91409e40f946f9f7cfe422e777e,1,0xc111ccc5c2a41a07b3670680367ba64c28e34079
0x14e1e96f9a42cc6364f2f3561fa06373add673bc,0xea968e6ac95a95c68bf66decc803a1b2848cdc4a,1,0x86839994cc567a8d07630ba1c4b5da86ee36403b
0xc4b6ab5b7bf7d1d7a8372363edf8785954129ea1,0x6ed8dd02b7cf82e2a3ad7bc125120887a8678a26,0,0x6ed8dd02b7cf82e2a3ad7bc125120887a8678a26
0x129e49c0399e3c932d34c3b76a598214b5b82cf9,0xc1364ad857462e1b60609d9e56b5e24c5c21a312,0,0xc1364ad857462e1b60609d9e56b5e24c5c21a312
0xec7d0a49780ef5f3b1ce90203ba838c4014d47b2,0x612e2daddc89d91409e40f946f9f7cfe422e777e,1,0xaec7b8a9513504c540bee4001e9741123ea8bb22
0x22c6c1f13895f0e6062481c4eb3bcd971d4469d1,0x000000f20032b9e171844b00ea507e11960bd94a,1,0x27e610aa47f244913fe343223517c301025d8914
0x898c34b4ddc04684be73738f326ff238db2e47c5,0xd4e36f4e9f4a7727770126e8da866c01117d3d9f,0,0xd4e36f4e9f4a7727770126e8da866c01117d3d9f
0xfc3ac50996d11a2ed63b08a92d00e5a5f896935f,0x612e2daddc89d91409e40f946f9f7cfe422e777e,1,0xd735db175fb7cc284ed04f220d21d0cafa7ba1ef
0xab6cd2f2a67db482ff64a571a1c1fae05bdc58e7,0x000000f20032b9e171844b00ea507e11960bd94a,1,0x06d46f19cb547712cee756db579d320c4c7a70c7
0x32e524477f8860151e8778804ee62ae3c55611ca,0xe0b9dea53a90b7a2986356157e2812e5335a4a1d,0,0xe0b9dea53a90b7a2986356157e2812e5335a4a1d
0xba910b30609dcaa98c0b0b3ab75d1442ea7f62a2,0x94aa50fe3c1ad32b0419004eee4f278ca3908876,0,0x94aa50fe3c1ad32b0419004eee4f278ca3908876
0x8e03c1e81a6287757837f9c7225c0d35597b95d5,0x3acf4eb191960c49860503f628a6f7c300b0e7b4,1,0x6b216a545ba93fcec51e2ce255f6248f57ea980d
0xb51c757ab7b442bfdb6ed25feb6fc043c7fb40eb,0xcb82776ffda581e002feabcc8524d83e163026f0,0,0xcb82776ffda581e002feabcc8524d83e163026f0
0xa4399837d1a433739183cd1eac9990972a3a76ac,0x945c67ce8dfeec4e51289b0438f342b3150ba79a,0,0x945c67ce8dfeec4e51289b0438f342b3150ba79a
0x3472c2f6223780448e573f122ba437348d1bb2cc,0x000000f20032b9e171844b00ea507e11960bd94a,1,0xc5d37dd7481730e941a4e3a68b84ae2ac995effa
0x1342655764980ac89a499e794511afb7fb916f49,0x000000f20032b9e171844b00ea507e11960bd94a,1,0x292e4d6ab815f410819b4472100f08423be378b8
0x788dc7d9b5c5d32f6b0f36ffedaf7e78d7effb52,0x58add5015bf447ed729893a9af6f60d8bb62504c,1,0x8ced409708005b5ae639671acbd21bbd1363f444
0x62613aa9594d0116b5ca23acd37dddac90c67e5c,0x69b1a9f37ffee30a992388a46883c6880527b818,0,0x69b1a9f37ffee30a992388a46883c6880527b818
0x3a88cf9e9ff35cd179278c43046fe0c2439ab990,0xeaa3f813e457915b678e7ae0d60676a787d290cd,0,0xeaa3f813e457915b678e7ae0d60676a787d290cd
0x2949ab45324e1e63674fc03f71152f99885fbd06,0x000000008924d42d98026c656545c3c1fb3ad31c,1,0x7f8a4aa58538966bad9085911c72b0de63c2ac48
0xefaed650f1a94801806bb110019d9b0dc79531a8,0xc7d0445ac2947760b3dd388b8586adf079972bf3,0,0xc7d0445ac2947760b3dd388b8586adf079972bf3
0x0910ec6120316daa6539643474d2087c13f0c494,0x7f45cc957b7898f3f74338cdc60e09aeae4f8337,0,0x7f45cc957b7898f3f74338cdc60e09aeae4f8337
0x821a33bcf7e7fe1a3cc8e2a5c4ceae22a5683729,0x3b612a5b49e025a6e4ba4ee4fb1ef46d13588059,1,0xe7b7cd534caa0adb4209059f3789926d549e24a6
0x111fff9a5b235f704f3cb39dbf63505bac3210d6,0x6140f00e4ff3936702e68744f2b5978885464cbb,0,0x6140f00e4ff3936702e68744f2b5978885464cbb
0xf71d3f7b66254a30f70954b68aa700cfd67a5a5c,0x3b612a5b49e025a6e4ba4ee4fb1ef46d13588059,1,0x556632aed5593e20ba148a4bfbbb449559b1b0c1
0xcc392870c78fc3ef1b682594365ccac1fae7554b,0xea968e6ac95a95c68bf66decc803a1b2848cdc4a,1,0x54bfbc2746a0dc4e4be19959a72e2ee7676394fd
0xa3b5d4f0d73d9bf24f23cab67fba2d4c74ba6a75,0x000000f20032b9e171844b00ea507e11960bd94a,1,0x526f22ac480131400356de77dce1d4e3af07b701
0x882272ed15641911b5dfd9ec5b3d246519d2e330,0x000000f20032b9e171844b00ea507e11960bd94a,1,0xf36b994f883dda9790ad6767b2676dc60f059b04
0x6bfac1c4654aabfd188deaaaf74da6d764240ccf,0x000000f20032b9e171844b00ea507e11960bd94a,1,0x1d3807236f82f228d34f0cd3c92838df24b89ea4
0x18799479e4d84b5cdc3ad7e9c5e197c90f7cfa87,0x000000f20032b9e171844b00ea507e11960bd94a,1,0xb8523e102b52894caf7c566d4910ac3038a01794
0xe07f4bafdbedc951cfef3aeb74552583cc7c802f,0x612e2daddc89d91409e40f946f9f7cfe422e777e,1,0x832d0917b83cc41d5c049493ab6fc34ff6074af0
0x917dea68f72b639b74e87826d888188fb77d2011,0x1111a5a489e70e009b7ea4e911a8297e78957ff1,0,0x1111a5a489e70e009b7ea4e911a8297e78957ff1
0x8d256baf944ee5209ac7505812f1ddbd8adc98b9,0x000000f20032b9e171844b00ea507e11960bd94a,1,0x6bc8e1b08045caaa80a5c27cf14966d2e80027fb
0x80149d49023adb763f98da71bfbfa91f11feb666,0xf0ef3657789159b2295927e8379ee8a2540d6e7c,0,0xf0ef3657789159b2295927e8379ee8a2540d6e7c
0x8418ab4525789257f10e7145a577cc2daf2c99a8,0x76f948e5f13b9a84a81e5681df8682bbf524805e,1,0x734c781b9090d84a7f0f80414087f1dc9b7f8bfe
0x1a224430ac1eed1b55415519400b9db05fff716c,0x9c335e4d8cacda86647ff4497789019c7a762a62,0,0x9c335e4d8cacda86647ff4497789019c7a762a62
0x0840f1988f799c4efbaf31fa94f2bcfc2cfadc3c,0x612e2daddc89d91409e40f946f9f7cfe422e777e,1,0xcc8b93da0c07b43e71e38b0a59d49a620a26dc18
0xc0086140f8608abb9117659e5b5900be1e7e058b,0x75342d0339ea25016e42096cd6f2af71b0e3db0f,0,0x75342d0339ea25016e42096cd6f2af71b0e3db0f
0x283aa8f76496aee03693e2e7952f0ad62e6ed8ae,0x442295de8a31d65026dbc09c29d469f6854f188a,1,0x7688d736cecb032a2f6ba054032a7dd7a9f7cde8
0x1fb2c8dd310d7162729674dc4114616b87224571,0x8274d554b8b6c8cd33d7cbe6df629775aa87f663,0,0x8274d554b8b6c8cd33d7cbe6df629775aa87f663
0x1d8748caeddcb866438c128b1f39a4686a41b52e,0x612e2daddc89d91409e40f946f9f7cfe422e777e,1,0x08a30fa2cd346658980411342d98a11b65d53eb5
0x1cc0374ac9119016a3f5a2e73d49ea77a7ba008f,0x000000f20032b9e171844b00ea507e11960bd94a,1,0x830a321feed8281bf0b357bbed12b9fd5c62d24c
0x951b699ed94465f4482d7fd2147a877787f8f9cf,0x60c5d3f036dd0b81d0476d91673aead7af3a1f2e,0,0x60c5d3f036dd0b81d0476d91673aead7af3a1f2e
0xf55820ec1b0b11a63c4fa9c1e0c38b8792663e5e,0x612e2daddc89d91409e40f946f9f7cfe422e777e,1,0xd792957b5665225a35958a9793affab1f1791a8e
0xc63eeeb8df26c1cbb1a07e01fe2eda5824d58385,0x000000f20032b9e171844b00ea507e11960bd94a,1,0xd9d98b0544e9a2e8694ce2eea41850abdc6e3435
0x3d73e0a5f9e1877fa9fcecdc10102bf3fb697653,0x000000f20032b9e171844b00ea507e11960bd94a,1,0x2f61a54f79a6f9ed1cd783d8484ce975be50981c
0x5ae077eaa2ba0f477e4a953bb49b4d4bd1ca8989,0x000000f20032b9e171844b00ea507e11960bd94a,1,0xf347c941eb19918e5d62b483746e6a7ae2e1ecc9
0xa3406931e2277b52376bf420541b4bca301c0a8f,0x612e2daddc89d91409e40f946f9f7cfe422e777e,1,0xeb334a9ed800024889989eb4fbe1e16f4474dcab
0xb61eca6bd2567c264264744246faaf232e41daba,0x000000f20032b9e171844b00ea507e11960bd94a,1,0x89d5ea61fe21b14690a0136e039a8ebb722f2f73
0xd0573932edfb49e9d225af0782c4287c0417c0cd,0x4c6fa7dfe5b22432eaa3a6be8bf0e190ce9a5681,0,0x4c6fa7dfe5b22432eaa3a6be8bf0e190ce9a5681
0x37ef980d65841c4c018e2a514a91ea07d7772ba7,0xc970fd2ec3c32e813868f20eceded4dd8db847fd,0,0xc970fd2ec3c32e813868f20eceded4dd8db847fd
0xecb729b9e1cbae9248690d356eb5e67a01e08265,0x230ce86267b87b47a69284a1bc274609a9d92852,0,0x230ce86267b87b47a69284a1bc274609a9d92852
0xe267e6f9ee2f9f14325b58bd3168ae564528c7a9,0x612e2daddc89d91409e40f946f9f7cfe422e777e,1,0xe7540b681db047fbf0e49cd5d7b213b31499f4da
0x8f5d5d5d589b0f21bd52b7348a77b5dcf32a3b1c,0x000000f20032b9e171844b00ea507e11960bd94a,1,0xe94e17886a5266a4d39193422ee1cfdc7cb46052
0xabb7ce48af149a9ad4a8e7f24c05156ee6084e93,0x7bae7241e855689c1254e7cc7d0e15ac24e1b542,0,0x7bae7241e855689c1254e7cc7d0e15ac24e1b542
0x352fcd96ab26c1a655a051afa693760634ae256e,0x000000f20032b9e171844b00ea507e11960bd94a,1,0x1b9168b4b0ef41b1d463c5d2829c88eae5ad2cd1
0x7a8466dd7f24a6b52df7944cad31cb1ad0b281c0,0x612e2daddc89d91409e40f946f9f7cfe422e777e,1,0x658884c6be7a46cc14229c7646a57c9e049f4a6a
0xf8bee8ac73719bda64f89d64c458ede0a938a577,0x65e1d85bd65e23bd4b23e09790906bb87fc90f28,0,0x65e1d85bd65e23bd4b23e09790906bb87fc90f28
0x5d022ac89ee4cc874cc526c5486e1ff9fbe8ff22,0x612e2daddc89d91409e40f946f9f7cfe422e777e,1,0xe2af30a97881da126be19575f55ac9c8f20a9538
0x472b1bc44b747adc0a6c8b795e3ae2c004e0375c,0x612e2daddc89d91409e40f946f9f7cfe422e777e,1,0xf80161f54e3a83729afc2824d4dc9891a55f2f72
0x0a7f7e09f0c4ecf6cf9c627b57989c9d1fa0c206,0x6ffd7ede62328b3af38fcd61461bbfc52f5651fe,1,0x483ab5854cab0846f401666525faa2c1c3c5c534
0xb9db5f048381275be4652e253cafb8f494a79302,0x000000f20032b9e171844b00ea507e11960bd94a,1,0xed5ed422b2b6f593be50435a267bbbe11e3486f7
0xbf566f721682d85782464fedd1ca9e89836badd6,0x000000f20032b9e171844b00ea507e11960bd94a,1,0x26d5890a444595c17bf5aba78ac8df34e5bafa96
0x2beb6a228e8301ea7c47be5401f3777455911741,0x76f948e5f13b9a84a81e5681df8682bbf524805e,1,0x2847f59635d34189b83cc279a67daed6147f6c75
0xaeffefcdbf370f7dc01a792e198eaaf46f88d063,0x000000f20032b9e171844b00ea507e11960bd94a,1,0x5d99f90b254afdb42866ca909fcb20b52340ddea
0xc2fce7d84b5664b2ba9bfd0614a2457b19227e1b,0xeb5414fd05610a72efc09c8d3f38a92a1955cf41,0,0xeb5414fd05610a72efc09c8d3f38a92a1955cf41
0xf8b37af2b5fe2ce1cc303a8472dedccca0953bb2,0x838361601f46e0d4495224b5595fe31bce087148,0,0x838361601f46e0d4495224b5595fe31bce087148
0xd62f8c84f37682204a179170d4755318fdff70aa,0x4298e663517593284ad4fe199b21815bd48a9969,0,0x4298e663517593284ad4fe199b21815bd48a9969
0x7310f8f72918de618faf3b6a42a33ea5a5ff5930,0x3b612a5b49e025a6e4ba4ee4fb1ef46d13588059,1,0x356a61a2fbdecae55e609549c173939bb6009837
0xbf47a7cc6f9851197b8e346347b74a1bef4a7ed0,0x3b612a5b49e025a6e4ba4ee4fb1ef46d13588059,1,0xd48db9e1548ca2fb0d4a4a9bb17c0f0d0a913cf1
0x9913196dc52ea6cdbac4e4a569561d6bba43adf9,0x7dc6655871e849a6dbe32b06e80427e76a398ef1,0,0x7dc6655871e849a6dbe32b06e80427e76a398ef1
0x42f7c45eb389645f8e2240c681422a7ecc7f2e32,0xf54fe7f5f0f8d13ce9b685b8ad167b466b637f0d,0,0xf54fe7f5f0f8d13ce9b685b8ad167b466b637f0d
0x801b68da34f227dbc611c02141965281a79c1612,0x406a3399c50adcd50d62b925fc16f84dd91439a0,0,0x406a3399c50adcd50d62b925fc16f84dd91439a0
0x20cb0ea4739d799b23fc70ceb4bf1e52ae2a2d29,0x0be23d08f9e5ca9f56c3c891f2cc3ade3a00feb0,0,0x0be23d08f9e5ca9f56c3c891f2cc3ade3a00feb0
0xfc8464703e31bd2f6551697667d7fb6c4a35b49d,0xb98725d07a882a8336aad921552f7c6179f03257,0,0xb98725d07a882a8336aad921552f7c6179f03257
0x1d16449c24e104109ad639c88b291053d317722a,0x612e2daddc89d91409e40f946f9f7cfe422e777e,1,0x1704fac2220a34943885f4dc89a0fb78c8656888
0xa6fe98aa9d86a3c3215252ecfbcc76289a37c8a2,0x1932cc6d1c780ee3c6171ac1fa6b0894cdb2de32,0,0x1932cc6d1c780ee3c6171ac1fa6b0894cdb2de32
0x3483d193a7c69aea65d182d19a18516264579fd9,0x29d7e1da8daca7a9d1edaec80255bbaf0eef594a,0,0x29d7e1da8daca7a9d1edaec80255bbaf0eef594a
0xe4953c4b751219f519e9ecadd4ba0f62e78abfd5,0x58d97151619418951010ea30623f9f89a3913403,0,0x58d97151619418951010ea30623f9f89a3913403
0xcf07fbd9835d14ccc847555075ecf7cd645bf2c3,0xc9a1217ccdc084dc23ba0a68fcc2a05c2770932c,0,0xc9a1217ccdc084dc23ba0a68fcc2a05c2770932c
0xba0924b3a0a44f86fc0db86d90a2239c847ce2d6,0x612e2daddc89d91409e40f946f9f7cfe422e777e,1,0xccb21daeda83f0ff59ace970cbc990bc29fe6dc7
0x29a30ee15ce1c299294a257dd4cd8bd4d5d9b5de,0x8c3bb3dfa925eeb309244724e162976ffbe07a98,0,0x8c3bb3dfa925eeb309244724e162976ffbe07a98
0x2af55f1fa2ac44e2f5a199ff16e5eafae37b7389,0xb9b6856efd128294a912d584366448bc3d4ea979,0,0xb9b6856efd128294a912d584366448bc3d4ea979
0x0cf1c30b2feaeffd708f088e5dcb3c082288a6a3,0x89a78858babadcc8ed7cafa77596702e93cd5b5c,0,0x89a78858babadcc8ed7cafa77596702e93cd5b5c
0x351ea1a718521f22718ae14f7d380ae345fad043,0xd310a3041dfcf14def5ccbc508668974b5da7174,1,0xeb95ff72eab9e8d8fdb545fe15587accf410b42e
0xc7e230ce8d67b2ad116208c69d616dd6bfc96a8d,0x141edb16c70307cf2f0f04af2dda75423a0e1bea,0,0x141edb16c70307cf2f0f04af2dda75423a0e1bea
0x45f72d0e7abac094e5c31580625a2d650eb4f261,0xab708e4df437bc08756ad1629bfe65236a6f854f,0,0xab708e4df437bc08756ad1629bfe65236a6f854f
0xe892f26197476693d62aae8afd55e092cb457b62,0x103bfb8b7058cdb8fb2d4cc6e4a8afa0fcc9cf77,0,0x103bfb8b7058cdb8fb2d4cc6e4a8afa0fcc9cf77
0xb05030685ef28743459f8e7ef413d62ca6e7463a,0x77b89fef8300b30806155f9c36aac4c3b5f22f8b,0,0x77b89fef8300b30806155f9c36aac4c3b5f22f8b
0x9b09645ec5ada6df0acb9ad0b9f8996759306517,0x735854c506cceb0b95c949d1acb705b31136d487,0,0x735854c506cceb0b95c949d1acb705b31136d487
0x7df8d04ecf45b751dbf9c17a66e093d0f4183fd4,0x612e2daddc89d91409e40f946f9f7cfe422e777e,1,0x604f175411792be6b6c9e0c4ee3b6ed480dcdc42
0x5a80f33098bfd52743d45ffb67d734b0ad240f0d,0xbeefa0b80f7ac1f1a5b5a81c37289532c5d85e88,0,0xbeefa0b80f7ac1f1a5b5a81c37289532c5d85e88
0x1b489201d974d37ddd2faf6756106a7651914a63,0xc9c5f7b27201ee0a462f47366f40eedf064efeda,0,0xc9c5f7b27201ee0a462f47366f40eedf064efeda
0xf1126bfbcbecaf5807378448e52ecaef23cf8a27,0xfbc784835d865c60314067d7b2ab1c465501564b,0,0xfbc784835d865c60314067d7b2ab1c465501564b
0x64649ff4b8f9426f0f5f0e5fe1c3e1db42656e01,0x7f98cea099a5485b19d82d8271090c6b5617dc6f,0,0x7f98cea099a5485b19d82d8271090c6b5617dc6f
0xb937d618c24265b13024ec8c624b2a2f1984dbc9,0xaef3e8c8723d9c31863be8de54df2668ef7c4b89,1,0x19250b770efd981c855195d0ce674f811f350f42
0xb765861a4758be356be432f89c813d39df517934,0x2a000b10f585a4101aac1a81074c31fde72578f8,0,0x2a000b10f585a4101aac1a81074c31fde72578f8
0x5908eb01497b5d8e53c339ea0186050d487c8d0c,0x784a410b891ee92612102521281a3e222a6e326d,1,0x12cc729472c036b8d47882024077f61aa463d85b
0xbfcf12e56fa2877ed3ea05c2bb67b472bafedab9,0xb6ae5bf8f611b4e5e1962451e882ce5f33daa56b,0,0xb6ae5bf8f611b4e5e1962451e882ce5f33daa56b
0x4440c069272cc34b80c7b11bee657d0349ba9c23,0x706c9f2dd328e2c01483ecf705d2d9708f4ab727,1,0x3e3290a1cf0a845bde14e842e9f2e5687f434c8b
0xba3befb4007a5a2e4ce7790c142c248e9760fdec,0x8695afa559b1ef3cef0cbc511e8bda4d5f91aad0,0,0x8695afa559b1ef3cef0cbc511e8bda4d5f91aad0
0x2fb403f5f07a418021d4cbc7cf3f64a4c431dbc1,0x01f7d9179d6b2f751c87a802809e15e3b525a340,0,0x01f7d9179d6b2f751c87a802809e15e3b525a340
0x081bdb07aaaa64df8440b608a8259d89e3dc56d6,0xb2b98e8672d4aad438f6ffec581cfe6f745496ff,0,0xb2b98e8672d4aad438f6ffec581cfe6f745496ff
0xd140e590c20290e9dc45be0665cae72ee1390f27,0x03344200c830bd3d95a248686714cf10d6ad68ca,0,0x03344200c830bd3d95a248686714cf10d6ad68ca
0x89cb0ed3b45b2c85e29ee7698816bcad3925bc5f,0xa1e43f60b75e840c1e159637c4f693eaf7206b3d,0,0xa1e43f60b75e840c1e159637c4f693eaf7206b3d
0xf2c009ca5a26abe760d128905816935b4e64a744,0xf511d47077e4090402426c90d0de5274f0f96b1a,0,0xf511d47077e4090402426c90d0de5274f0f96b1a
0x3d81b30f9730b5e939578e856dbd18d0b2d7210e,0xced1d3202c6c52fbb8b058bb2b2fa1593cab1547,0,0xced1d3202c6c52fbb8b058bb2b2fa1593cab1547
0xb4a1bab1d1cdd13b95b93445d8948aa4df664acd,0x5a2774aaff1c2877797b5e6b9773579fafeefd2b,0,0x5a2774aaff1c2877797b5e6b9773579fafeefd2b
0x6b1476664ab37e1a8695d702122258d454ec0d8c,0x612e2daddc89d91409e40f946f9f7cfe422e777e,1,0xa88544b5a4439916cee9d5d78f47fe2a2c755cea
0x7b3a470d2995fbaae9ce849246d41c7cc66fbe65,0x5cb52d943b7fd0e3771807fb84a7ea270a30af4c,0,0x5cb52d943b7fd0e3771807fb84a7ea270a30af4c
0xe26c39459f5c737659346dc8fb0be74fc118774f,0x8fe3a2a5ae6baa201c26fc7830eb713f33d6b313,0,0x8fe3a2a5ae6baa201c26fc7830eb713f33d6b313
0x43e3dc58aaf97269437751d7a3c0eb4714123ca3,0x612e2daddc89d91409e40f946f9f7cfe422e777e,1,0xc509ecaa3d2123855dcc9b1aed6b2b8a015aabc2
0x22c111d5ed271cd5efc732f6a0b50b616b9588d5,0x956ae320626349bc56e2467578d066f11482f16e,0,0x956ae320626349bc56e2467578d066f11482f16e
0x269363665dbb1582b143099a3cb467e98a476d55,0x02c845ac4bac48a6cd1e1c88a84195b7d5805b82,0,0x02c845ac4bac48a6cd1e1c88a84195b7d5805b82
0xa86fa1f4e29977ac8e86aa8773445e35e1dcff0d,0x5321cb94772499f3f250a90096b1724979a17c2d,0,0x5321cb94772499f3f250a90096b1724979a17c2d
0x428698e372cd07204211104f6e83d303552329ff,0x612e2daddc89d91409e40f946f9f7cfe422e777e,1,0xb2d625c55f73ef7162a3f75e66a95b60de2c4542
0xf8bf1f836c91959e41adc9c0ae60434fd11b020b,0x7d422cf705af9ea93919b1a6e843b2f9f387562d,0,0x7d422cf705af9ea93919b1a6e843b2f9f387562d
0x7a5ccae85863b96a670c9cf9c221d3acd3cf0363,0x596cfef54e15c6f68243218d9e11645b3fe864c2,0,0x596cfef54e15c6f68243218d9e11645b3fe864c2
0xcde13b6535f63b328a48eff2ab049b96794b7db7,0x2272ecf43a7481088fa2d4ba9109804ed5a31901,0,0x2272ecf43a7481088fa2d4ba9109804ed5a31901
0x3539ac68bc96fc1f470d7739a49bbbf3d321fd5d,0xab5cf368aa36cecbb4547c8dd7dd6b46710a380f,0,0xab5cf368aa36cecbb4547c8dd7dd6b46710a380f
0x3de26e59be0c05b3adc108e0f76dd418a57df71c,0x612e2daddc89d91409e40f946f9f7cfe422e777e,1,0x657c1f8421ae93e88fb3171f019779e87b0263ca
0x2fb8b3b5896cdc49c5f2bdbe419f18235be307b0,0x4f92ae4960a6ac49fa88bcf9d6d4b8c53f626a55,1,0x8a4edbd1a9004355038b54aec415ee797452851e
0xc0ad5b5babe71c7b1664a4b301673333ecaaf582,0xed5c41b2537f4e22060617696f9ec63204f046ec,0,0xed5c41b2537f4e22060617696f9ec63204f046ec
0x0ea21f53b935787f8f6a718d3ae71c19adcf48e5,0x6e42262978de5233c8d5b05b128c121fba110da4,1,0xd352335b25bfc6c3242d0e298d20b50cf2148c1e
0x177868ef276c62c9db640d8d6114cc5a92f96779,0xf74b146ce44cc162b601dec3be331784db111dc1,1,0x1d96fd5f2ca69bd18ef122c04de4ac853a9bd1ea
0x05c9dfbcb2e0c63a04c93648f667e51202449dda,0x8395884b62d68b108ea932edad98c8a51b10db47,0,0x8395884b62d68b108ea932edad98c8a51b10db47
0x2d51dca313d6ce63702ad60a46a6ae43c226af2b,0x6e42262978de5233c8d5b05b128c121fba110da4,1,0x1af25db5c7d2fa823a24bf382ba2ed006d30e7cb
0x8788849f6d53f15b1f1831ceb7b14dd7c5cad7a0,0x000000008924d42d98026c656545c3c1fb3ad31c,1,0x2960fab7eb6f9060016365ef5e8d20ee33813d5e
0x1286cdfcd05d99717aa04fca91cd08e9dd49f478,0x6fddfcd30b087a4db636a423a41eb14a91ff0833,0,0x6fddfcd30b087a4db636a423a41eb14a91ff0833
0xe0702321c31b85f0599e7d64387b1568b685c26a,0x612e2daddc89d91409e40f946f9f7cfe422e777e,1,0x2efc7eb62ce63d7c53e89cc3b03f7af4b245eadc
0xf313b76ee5581fc6e6cd0c324b4288a5ef4ed0e6,0x33ad94b8659bb4b2be9aa1ce71ecf853d58b48a6,0,0x33ad94b8659bb4b2be9aa1ce71ecf853d58b48a6
0x1441e12353a7f16cdf33340e0f5da1b022f45103,0x612e2daddc89d91409e40f946f9f7cfe422e777e,1,0x077829fd20cce1f05a3782039fd509d82476ec15
0xd6607301acbf38ac4cd34fe014b32a392504b915,0x000000f20032b9e171844b00ea507e11960bd94a,1,0x9092552032c25604606111462a17f54379ebb485
0xfc69a3829ba33666e3267f08d222cb3fa48bc464,0x000000f20032b9e171844b00ea507e11960bd94a,1,0x8ec5d39bc8f370a2da2d4f955c51b8b6019a8481
0x25429887835d99120ff20d4adc1ae173ae8a4e54,0x76f948e5f13b9a84a81e5681df8682bbf524805e,1,0xf1ae808b34922639dd0b6b9a69f97d041f917fb2
0x8737bd977a5615b378cdaeb7914a734351e4c906,0x3acf4eb191960c49860503f628a6f7c300b0e7b4,1,0x444367bd0662f55be64fe7c5fcaa2f184f42f118
0x10de9040a2337a8982f01006493cb26aff4abd9b,0x000000f20032b9e171844b00ea507e11960bd94a,1,0x2cdab244e436252b5178f6986b2eeb1c97915dab
0x1fc0592f9feb8a94ed0855eda7c4318afd97209e,0x000000f20032b9e171844b00ea507e11960bd94a,1,0x735874c07646520878776ad20e7418dcd3aa48cc
0xa5bf09619eb45f712970f644119a6a7e4cd9f59d,0x612e2daddc89d91409e40f946f9f7cfe422e777e,1,0x555198f9d03cfe62f6520ec1eba90c20bd997705
0x608cdfabda5aa5286acd0456986c80d42e0c2511,0x707c2091462411054104db2f8d07e38a88bfc7cc,0,0x707c2091462411054104db2f8d07e38a88bfc7cc
0x2de79eb8e5874fb7309c464e36f561280a800437,0x612e2daddc89d91409e40f946f9f7cfe422e777e,1,0x8daa60e0ff964bb4d1f30fae8791626229c3f63b
0x54244125bef8e8d37a362b0e4f912c9d252572e3,0x91f3acf393de794e7291fbf36dfc408da617cff0,0,0x91f3acf393de794e7291fbf36dfc408da617cff0
0xb48613e2817c97a85574d681c6fefcaa4bdac316,0x76f948e5f13b9a84a81e5681df8682bbf524805e,1,0x6709a4f8dd38d91da4892b974885333fb4d11359
0xb7a308d10e6a4e54fe8d1d83d7c140f2aad80620,0x2fea186baa83b62a7de8da06bd23e152a2be5eef,0,0x2fea186baa83b62a7de8da06bd23e152a2be5eef
0xbdc3dc33a0f3a902e3effa6d7bd2f58cdcdb2b65,0x000000008924d42d98026c656545c3c1fb3ad31c,1,0xf782c741ba0364574d85fd334fca1963cb4e3871
0x81f024dedfe80aca53b8f9733521fc58c33d69b2,0x92c159895901439caa212997d505083a2fe88885,1,0xe7c548a853b2fb8fbcae9761ab257b4b182d12eb
0xc6a22eef316a4aa3ae596f2fe0912b360805587a,0x4b124d3e284dfafe92cc674fcca0388d1be65ccc,0,0x4b124d3e284dfafe92cc674fcca0388d1be65ccc
0xfd8f7e91109b2b396ffa349dd8951c13f44ee6f8,0x000000f20032b9e171844b00ea507e11960bd94a,1,0xcaef89ae713ffb5a32827221d6c39e24676b8c5f
0x026177d4ee0518555ed8105d65568540883c4f11,0x000000f20032b9e171844b00ea507e11960bd94a,1,0x3f0810c515db497168b91521d697a6ce464dcd27
0xe46f57fbe8665c1976af684349ca9923781e3606,0x000000008924d42d98026c656545c3c1fb3ad31c,1,0xcd8d6cb63d5c88ea1023127e7496da51b405cbf7
0x75a89307125c7cbb9bc3530a38896ca60a1aea17,0x612e2daddc89d91409e40f946f9f7cfe422e777e,1,0x1257400e85b69c4efc4de33170ca11bec259bc7e
0x3cbbf57d6beb70739a8c2166148abd8445508de0,0x6ffd7ede62328b3af38fcd61461bbfc52f5651fe,1,0xc186ddbe837f6bfd92d7e2fb0b8e5f95fd7e90f8
0x461a5e25b41395e15ac80a523e7edf763c908982,0xa4679059bf5ffbf9595b215382a652b61dc15436,0,0xa4679059bf5ffbf9595b215382a652b61dc15436
0xe21fa99fe2ef1c93d031267f9c9efb17a4ece76d,0x3a001bf2828f121fbbf309fca3afeea52432368d,0,0x3a001bf2828f121fbbf309fca3afeea52432368d
0x48b6af7b12c71f09e2fc8af4855de4ff54e775ca,0xeb2a22b27c7ad5eee424fd90b376c745e60f914e,0,0xeb2a22b27c7ad5eee424fd90b376c745e60f914e
0xe3f40e388ce57737e7074d957189165b225367a0,0x8be5a2df6488b0937299d27f092716f4a9ab2fd8,0,0x8be5a2df6488b0937299d27f092716f4a9ab2fd8
0x42c691156b8b99de119811c92b8a953aaf9cc99e,0x96c691bd2c7c614ed7b10fd01baf29ae1d5019ba,0,0x96c691bd2c7c614ed7b10fd01baf29ae1d5019ba
0xb4ff8592c31f69997e946f53517e371e84b85d86,0x3b612a5b49e025a6e4ba4ee4fb1ef46d13588059,1,0xc2d11c0ac4ad5aa6667536d7a605f3948d97ee2a
0xec71f543cef0d96d0689b7d023a2512b39b45462,0x3b612a5b49e025a6e4ba4ee4fb1ef46d13588059,1,0x8b431c08f2da10cde2aed73e3a6602595c7615f2
0x6b1c455a629d75e4291fbe030f677043c4ca21b1,0x3b612a5b49e025a6e4ba4ee4fb1ef46d13588059,1,0x14e66025cbaaa8c86ba4fbddc10e5d7a0930b0d9
0xea377cfd0ceab570569d8d37a910071d9e9eb1d4,0x2843afe4a48277658c7841e7c90325700f42ed79,0,0x2843afe4a48277658c7841e7c90325700f42ed79
0xcf3d8a4d8999072a2ac8dc014d8391de135b1caa,0x17a45f80efd20594afe2c59d7e1ae7ab0c6954cc,0,0x17a45f80efd20594afe2c59d7e1ae7ab0c6954cc
0xe0baf030c42e88ff7edda1da43bc303939bd9470,0xed093158f3571c2a8aef230b130792e0870c8da8,0,0xed093158f3571c2a8aef230b130792e0870c8da8
0xfc2d7c0fd2d353923d47ccd2409f8ee19e86fd29,0xfa659696deb10971df4accd18014f0bac66c01a4,0,0xfa659696deb10971df4accd18014f0bac66c01a4
0xa9eab1bc411a40d35cc3eb1bc51bbbdda7af1a5d,0x76f948e5f13b9a84a81e5681df8682bbf524805e,1,0x0007b9c4d506c6be7b4a3d454d078db5899172da
0x5cd5e04da59b286482ae670b48d7e439df777e5a,0x612e2daddc89d91409e40f946f9f7cfe422e777e,1,0xc49d2210568549898a636412a9801559b828de83
0xd34d7339db8276d5d257e17c770b6a6fe202d861,0x76f948e5f13b9a84a81e5681df8682bbf524805e,1,0x905c4b8bd3ddbfdfc94921bd37a36a4707aa9a5f
0x05d3db62392c914cb7517191a51d6476728a9ebf,0x6e42262978de5233c8d5b05b128c121fba110da4,1,0x43ef2d83f807fac71ea6583bd4ed853629577f1a
0x4928510c6bf092de114534eb6301faf9af1ec42f,0x8fa49440d1f7ea95bb9e45462801648c195dc035,0,0x8fa49440d1f7ea95bb9e45462801648c195dc035
0xe841e6e68becfc54b621a23a41f8c1a829a4cf44,0xc302231c4ce765a0d63dcd53d7231d9c8e27932a,0,0xc302231c4ce765a0d63dcd53d7231d9c8e27932a
0x3758975e42c02a8cd55e5759e75fc2c9c3441d06,0xb4af0adaf103e003246b4b823b0b79b1fb48f3ae,0,0xb4af0adaf103e003246b4b823b0b79b1fb48f3ae
0x8f9b9d6b46a95b0a9b24b69c927ec1ef2e184934,0x000000f20032b9e171844b00ea507e11960bd94a,1,0xb7b9c5c19653289c9b8a8031dc79f4914c29a45d
0x6b3a80d684b1ad5f9b3ae7056d32ff4ead000c5d,0x612e2daddc89d91409e40f946f9f7cfe422e777e,1,0xb394f1aa30ba874df3ae6097bf4c2474b2d8f3ac
0x84210394eca7db1638d1baa97b0e247c293f4ca0,0x7b50b1f2634fa38d078eb067a4f8f22a666b49a2,0,0x7b50b1f2634fa38d078eb067a4f8f22a666b49a2
0xe04f790c2593a06d3078c01ed598b6184ff7217b,0x612e2daddc89d91409e40f946f9f7cfe422e777e,1,0x7866d20529ab2d70fe3c5a8384905fa5e811b813
0x4e61f06b2284679c69483a275d24666a58e62021,0x000000f20032b9e171844b00ea507e11960bd94a,1,0x15b7811c96b0adba0290d96d93ca15dd9154ac36
0x12eec80c93fce6bb5aab5bfa66d3c6e06ceb7ae1,0x22d43c43a340ebcc08e4c098079e2f0f068111cd,0,0x22d43c43a340ebcc08e4c098079e2f0f068111cd
0x303b912482a7085f7de7f0354d2b4d3428a604a9,0x000000f20032b9e171844b00ea507e11960bd94a,1,0xafcdbfa1f7946caf388247298eee26493005c43a
0x3c1de91d47a110dc1e97f1f9f24c1051acebf311,0xb6c7e7e0cd3bcc1fef4922e33743c7da2bead3e5,1,0x34d0d75b6c1226ceea5ee18ac9e44ac2d4fbc365
0x52a449ec32504d6cfd85d4bd47dc427ebe73197c,0xbd440f1465cb5133b98dc6e8f6514feba6aa8a54,0,0xbd440f1465cb5133b98dc6e8f6514feba6aa8a54
0x6675ffdcd56c0204d4454116ff4da5dcd5ca1dcf,0x76f948e5f13b9a84a81e5681df8682bbf524805e,1,0xd3b6e79e451abbb672aa17e53cc8ddeaa0265181
0xefef65a9ed7f5356f922a33568b1df5c1afa3f46,0x61b98acbfc23326cfe296f380b5aa3e5adcc5238,1,0x159df20083f0c238b70f572c133b45ce3c1f6c0c
0x1568cb176ddc431b80b580681eda5f94e67b52ca,0x000000f20032b9e171844b00ea507e11960bd94a,1,0xfc49896334097ee780b26929605a08f8b87d7b20
0xed971b4e2181f94e099a5ff95b17ced5968200ff,0x000000008924d42d98026c656545c3c1fb3ad31c,1,0x125a0f9dc1f8ec19082be7a73fd3b98ac8385a7d
0xec5931d28aab2b49fad64719bacd6f7da6e57a6a,0x000000f20032b9e171844b00ea507e11960bd94a,1,0x68b356fea8aa746b9814d170c2655fc3c9230942
0x6bf710e661c073e3e43d4ceac208ebd76bbbc27f,0x7057370f43649af862cf366984df2b5ac19a8579,0,0x7057370f43649af862cf366984df2b5ac19a8579
0x26e7af130056a7ea54cdac00954a27fe08e40349,0x640de47b2509285a15edd2f378868fb6b6fd3db4,0,0x640de47b2509285a15edd2f378868fb6b6fd3db4
0x803424f4d80ab64cfb5816c70c5c339c52108c50,0xe9c501fe1776574c33a659ca2f1453eef640a2a5,0,0xe9c501fe1776574c33a659ca2f1453eef640a2a5
0x1834d23519ee88f03dcaa9941572089a06cbec34,0xb549be2dba57d0cdf68399b8887c8398f9582ef6,0,0xb549be2dba57d0cdf68399b8887c8398f9582ef6
0xeb79d607eb0a05d69b6fbd5fea00bd8dd033d41a,0x000000f20032b9e171844b00ea507e11960bd94a,1,0xb200cd88bd3628bbce1c98d0a427280a066d9f91
0x9a9bb3c4bb4071ad572782dae78afc128a4b5f52,0xe57e4dd256258a2130936d2aefc079ffd5156a98,1,0xb0dd496ffffa300df1eff42702066aca81834404
0xe14479fa96adc0a0bc8fd8041545f257620f97c8,0xf7a517ddd202d4c8721f15e2436d1e0bb69bafb0,1,0xeeb1a28078e48cc437cae015f37cc26854003a6d
0xf15654dab586539dd6bc180de9e0de90688bc0eb,0x612e2daddc89d91409e40f946f9f7cfe422e777e,1,0x5b535c3cdcaeeb1b63c54dcc3b6dd481838722bc
0xfc3ddc9d6fcc8fa5c24248a6d2a85eac32a78fa3,0x612e2daddc89d91409e40f946f9f7cfe422e777e,1,0xcdf527c6099d4a3df3382756651535f5d950d5f1
0x31a0cfe30b521fe2fc15d406eb8cfb0d48e55511,0x000000f20032b9e171844b00ea507e11960bd94a,1,0xa1f1256757c61776bdf9eca84bfc6c7a7aef14bf
0x1351557e1b5039416babffd89f9afd59a177902b,0x000000008924d42d98026c656545c3c1fb3ad31c,1,0x751eb2848debbfb80545c9ea56ac458a9956dde7
0x6848e8c99010521427515a028371f5f71d22a2a3,0x8473cbb2116ae8d5901ce2c23c0a107602563963,0,0x8473cbb2116ae8d5901ce2c23c0a107602563963
0x701d5c517afa7fcf46ea4499758895a3e6a4b8b3,0xf8e6ce0a91fa0c697395c70cefdd03c0db08493d,0,0xf8e6ce0a91fa0c697395c70cefdd03c0db08493d
0xc99b2c1ab2c66ada693f1ba4fa9bbfe67838d75f,0x000000f20032b9e171844b00ea507e11960bd94a,1,0x8b02d01952f4728f9e9fe9c4e4c1bd3afc7cc32d
0xc002d5eb8da026a4ddb62324b73df344ccc71090,0x000000f20032b9e171844b00ea507e11960bd94a,1,0x845019a28ea01646bba5142366e2bbc0ea31394b
0xf930c400dc7e37a0940e3159def17ae16132a45d,0xb2019531de3bfda451668acfe40fb3aee59975b5,1,0xbb55eb1199ee75937a7b89a5d8d0484ac873ab11
0x4293e8fc3bad2223ad4df99552bbbf96ec5d4050,0x92bd34cd30f338e365e695813e13ca0cb932c209,0,0x92bd34cd30f338e365e695813e13ca0cb932c209
0xcfb5912e25b2f40a774e571ad87f0052cfb4f11b,0x612e2daddc89d91409e40f946f9f7cfe422e777e,1,0x582f8cebbfb2797e8a387f7d39b1673658b4598f
0x6e07923015a1a89ed0f0d9820026a8b8b3da166a,0x000000f20032b9e171844b00ea507e11960bd94a,1,0xa261734864bc26afb613ba68fcf64d241c219c64
0x2e46c4f2ad0e493e0727720bbbe08179e6aa6c08,0x000000f20032b9e171844b00ea507e11960bd94a,1,0xfa38979da4922761ea8fb71f9130731e6d5f8726
0x4b276a584447f041521427c97e2452e7faae2a5f,0x000000f20032b9e171844b00ea507e11960bd94a,1,0xb0d3bfef353f6e6a8d80bc4c0cb83bd6887351c8
0x4a3ada425a9308bfaa9610cd082b06c570884992,0x000000f20032b9e171844b00ea507e11960bd94a,1,0x1ec77eb5615b93b4eed81cbacd16c66668a357c7
0x5ce18873b59875b45ffdb82c42baf7f68804d939,0x612e2daddc89d91409e40f946f9f7cfe422e777e,1,0x79a8948aaec0e174f066c1e7b555478abeb9c595
0x54ecbad32128130e68f3dc16879a050f5652b6c5,0x000000f20032b9e171844b00ea507e11960bd94a,1,0x2e2413b91d3b60616074a8dd157256bae5236593
0xf21971f719df439efd7a3ee09b6ea726e6877ae6,0x000000f20032b9e171844b00ea507e11960bd94a,1,0xf7f2655a0133cb624e12b2f9decfd08ec64742f6
0x4fb812e16be69ad041dbe1f8968f893544466b22,0x000000f20032b9e171844b00ea507e11960bd94a,1,0x7425dae49b0cf4e9c6f4045db0f5b19744c0085d
0xcce826806190e2ee84109e4fdbd6ea2f07c85931,0x97be94250aef1df307749afaed27f9bc8ab911db,1,0x212e75bf264c4fb3133fa5ef6f47a34367020a1a
0xd42a9c64ce94205a05f4589ca90ea78c3c6fe988,0x000000f20032b9e171844b00ea507e11960bd94a,1,0x46779e392190ae048c76debb863ebe6e9aa99006
0x7ccad9f69c0a20a7a57dd263070dc5d9204c5fa8,0x000000f20032b9e171844b00ea507e11960bd94a,1,0x82e031832673702c443e028862de078b765faea1
0x23afb46eb123bab2b8ee372a4f1494471b18a9bf,0x000000f20032b9e171844b00ea507e11960bd94a,1,0x5fabd7141d67bcf46076c5fc00aeff81af7ad806
0xe2a8a1d4d07365e0b0ff58de3b363c685fe72480,0x2b21346e7eabf5ccdd88c9be1ee55dd6a44dcbe8,0,0x2b21346e7eabf5ccdd88c9be1ee55dd6a44dcbe8
0xcb3763a3ea56ebd811d4d5888332122c58a7d148,0x000000f20032b9e171844b00ea507e11960bd94a,1,0xc586c7d091d964c4586c73ef34c93e5a0135e6f2
0x6c6aca73a759cf673cd2b470c3003dec954b2321,0x000000f20032b9e171844b00ea507e11960bd94a,1,0xd24f758342e331261237a438fdfbef9dd52c7aae
0x598b8e48d1aa84167bbb5a8604e5d2d82c01b8d2,0x000000f20032b9e171844b00ea507e11960bd94a,1,0x556932215c9aa1c4c941763cc74d60f0b8938343
0xbb8d2adcbd9cf3e8154a074e8ecb384fd19cbd5e,0x240ad467a71210629d71d4de22ebde27951c83fc,0,0x240ad467a71210629d71d4de22ebde27951c83fc
0x5a0324ee2b4d990d8cefd0f8ccee049b23cef308,0x000000f20032b9e171844b00ea507e11960bd94a,1,0xc74f9fa77c55551fa6c6ce88b0c935df624099d0
0xabdd3c07db85e0501ffdce48c127b921a3ab0fbc,0x66fc92f102bb86cb4c069edd0533976fd85a98f1,0,0x66fc92f102bb86cb4c069edd0533976fd85a98f1
0xb6d14f291eb3cd51d6a385e69f558e0fabb815d9,0x000000f20032b9e171844b00ea507e11960bd94a,1,0xee7164ed1b118c7ad34fe9ce67786ce48fdedbc1
0xd7175f5fd6545ea5476f0ff03bffe5820b6dcc04,0x000000f20032b9e171844b00ea507e11960bd94a,1,0x9fe9220fa4c3e3aeec6c622d656a9a208508e510
0x2104324b8c530c7a902e0e1db17f50ac69d199ad,0x612e2daddc89d91409e40f946f9f7cfe422e777e,1,0x312079bb5c697e87af5c1571b3eee34009e2919e
0x6226355b8cf92eb668b499cc93ede9695e4b1fe0,0x2dfa21a5ebf5ccbe62566458a1baec6b1f33f292,1,0xf981e1d2d0d43ab4c37478db36e378e59fbefb82
0xc66ba8c1c8f01c45e4780ad2e54063021aa69432,0x19478179ef8bb7c4792a4041903080e097d137dd,1,0x702978513902ece88ec47a0a967796707fe7762a
0xed308d534232542e659cf23779da662553a0e3a1,0xc411d2393edd298186a2b31c0c6cc979b0e81836,0,0xc411d2393edd298186a2b31c0c6cc979b0e81836
0x0f815f6cde243aff01dc0a04c8f088ec9453c32e,0x000000f20032b9e171844b00ea507e11960bd94a,1,0x086f2de0885a2fc97a0f35ce026c7d2d3bbe83ed
0xcbf9e69494cf356b18d014bc16c4313bef493ebf,0x612e2daddc89d91409e40f946f9f7cfe422e777e,1,0x49ca2b1b1e5bf52c1e97a88d74385104041e26f0
0xcdae73fe8b8bd3419032e8c071adf7bbf5559d2e,0xf2b12aaa4410928eb8c1a61c0a7bb0447b930303,0,0xf2b12aaa4410928eb8c1a61c0a7bb0447b930303
0x472ecf53dffd68e351675aab031cdbb584be5a67,0x000000008924d42d98026c656545c3c1fb3ad31c,1,0x0ca4f8ee400d1dbbb4bda7a7801ed6211f3945c7
0x2ed2c178f8cafac1373a85acf359addc2ed990e8,0x000000f20032b9e171844b00ea507e11960bd94a,1,0x4e5b3bfc71871a6e34c4e4f70e7da2b32c12f2cb
0xfc0f195b8e7406477afd712f39358b343d9564b1,0xe7217d2560169ef3086e89f02228092667401703,0,0xe7217d2560169ef3086e89f02228092667401703
0xed1a2aed47d1b1deae011999eaccfb100279cd39,0x000000f20032b9e171844b00ea507e11960bd94a,1,0x9db3091ed266122c753ce489e1910e46b8a7239a
0xa9423aa68183a9ef1d27b8b1cc8eeb904176c6de,0x000000f20032b9e171844b00ea507e11960bd94a,1,0xed3b0498f1bd123fa8087b24fb2852f639ce2334
0xfb7fb6bb5771ea3354698d25b89bfc947e9c121f,0x6ffd7ede62328b3af38fcd61461bbfc52f5651fe,1,0xb8213bb4b22402dc2fc19a4d57d504072296894b
0x791c0990be7375b085ec4adc057ae7b09611e7a3,0x000000f20032b9e171844b00ea507e11960bd94a,1,0x072a9739d51f31660576ec403f4394ab3529e577
0x378b170004d597bbaf1e7e864d8b78cd751f8f3f,0x000000f20032b9e171844b00ea507e11960bd94a,1,0x8af2331854ee47192351b0935ef56dd8668d5f29
0x4faf2aa173dcf952cf3ec6c4b4d382930d1f446b,0x58add5015bf447ed729893a9af6f60d8bb62504c,1,0xffba9936f514654b467b5530d444088c46672fc7
0x66605c587d463401965a66e75b1ff492c546bbc1,0x1d4dd8394e7f89dbe5300412cd8d59932464b219,0,0x1d4dd8394e7f89dbe5300412cd8d59932464b219
0xa3e7af2821976d73f01934a42aa327d34896e502,0x000000f20032b9e171844b00ea507e11960bd94a,1,0x2759c7083ca50bccd57d5da12b7a091fa24c02b2
0xfc783e25648670b8851008d0e101b31f426cd66a,0xdc6795abcdc9a1a69115f806189f7955dfffd115,0,0xdc6795abcdc9a1a69115f806189f7955dfffd115
0x36722fe01028424d3abd3d2908800c6b2627e9d0,0x612e2daddc89d91409e40f946f9f7cfe422e777e,1,0x9ec2c2760505427488c5a1f53e8047c7dbe478d3
0xc9d26a857e7ef1282237945666f8a78b8a14d7b3,0x612e2daddc89d91409e40f946f9f7cfe422e777e,1,0xd6aacf8bfa0f11deb571d4f6e38f7ae2e07cb385
0xf8d1dedaee37fc9eee928e4ea1a40e48b27e4998,0x76f948e5f13b9a84a81e5681df8682bbf524805e,1,0xd7ada5e38afef6d3366e838058be56a211eb7935
0xf2204952ba2452bf590a1285bddeb339f55ceaf1,0x612e2daddc89d91409e40f946f9f7cfe422e777e,1,0x805d7d1bf6207ed2b2f76c710a235636a018faf9
0x7830043c22490f3440122f39f3e72bacc64a4911,0xfc92b5faa50350d8dd1aef8573c50faa51eb9260,0,0xfc92b5faa50350d8dd1aef8573c50faa51eb9260
0x3ca52674eb6c97be95976bead4bafe9e66893b79,0x000000f20032b9e171844b00ea507e11960bd94a,1,0x6b436a5a4b59afbdde3cb3936defae12d070c177
0x649a05e985482dc4b4e04989ad1127f680041b67,0x612e2daddc89d91409e40f946f9f7cfe422e777e,1,0xa86d808ec95c138d4f4d3bbd76c17bbb0bbf6b21
0x12f55850acdd69e79e55fb20920b88a56878b5ee,0x000000008924d42d98026c656545c3c1fb3ad31c,1,0x3bc271c467fc4d12f10d2159244d47c7def671bd
0xe5d5cf2c9e4a432d3d96c0ca73c65eb0cd0b0570,0x612e2daddc89d91409e40f946f9f7cfe422e777e,1,0xae4e31e4e7122ab148e6048e64f203fc8c8f1a97
0x1d547f6913ef26d04e9a9d57ceb957575c585ce1,0x000000f20032b9e171844b00ea507e11960bd94a,1,0xd7dcdb3729e188e4d5a03807f13a09e44a59bded
0xe5aecd268495c9e8c27c7799279598c0dabf6029,0x1b3e88c970d91f218162d4a6d457b69f8fd4c908,0,0x1b3e88c970d91f218162d4a6d457b69f8fd4c908
0xc0fcd213f2e6eb7cbdb69e55216925534037abdf,0x000000f20032b9e171844b00ea507e11960bd94a,1,0x63e1d5d6f94407a216e10d54389906614af876fb
0x6432c1ae2f6bac953e0c6399bbe7f56f4158d005,0x2fcf024ce07da6de171f15b9e74499c6520befce,0,0x2fcf024ce07da6de171f15b9e74499c6520befce
0x07d9db7a2ffe7f0101b443752b9c36dd5dfdd10a,0x000000f20032b9e171844b00ea507e11960bd94a,1,0xf64e0e1157d74e2b1c4be0bfe65cb4fc9de12c41
0x6762f2d6176f2e20ef5a6f7e08ed507b4dec6956,0x9d7c2d27555567a53825f201c0c4ebfbf4432877,0,0x9d7c2d27555567a53825f201c0c4ebfbf4432877
0x83b8be4f2fbaf3783ed874d4adc5959e53f8c584,0x612e2daddc89d91409e40f946f9f7cfe422e777e,1,0x66c1b5a53508e951faf01bca88698c6430bb5228
0x2a2ef8e4db332237a86b2edfc485ca769d0a0bdd,0x106d191714a8d918e5c17314253f289bfcb4767b,0,0x106d191714a8d918e5c17314253f289bfcb4767b
0x270d1addae8565ff1990d19abaf2b07a124ce0bc,0x000000f20032b9e171844b00ea507e11960bd94a,1,0x6407a53b5cb62a26c7cbce2ae813ba02aedce582
0x51798220b8d374d9eb42ad7bb4e9b54e15cd045b,0x4e69c6355f5c3c4daeb1e67ad2db62f65a135d65,0,0x4e69c6355f5c3c4daeb1e67ad2db62f65a135d65
0xa4bb7b15a9a3d7bc839d6d03c69b191847d5bec4,0x000000f20032b9e171844b00ea507e11960bd94a,1,0x9094cae71e20c8f71b6285c476d3edfddac6caa0
0x95c9baba1d9668676881cbd4918091d0cba8ad1a,0x3acf4eb191960c49860503f628a6f7c300b0e7b4,1,0x6b216a545ba93fcec51e2ce255f6248f57ea980d
0xdac5648f0a5cdea89db77505bae85590f6b67ae4,0x612e2daddc89d91409e40f946f9f7cfe422e777e,1,0x65e43d93c01181e7b6121ef9c260e34664ed9e16
0x8ec0d8f54f54a2d65c1fca117bbb79578bb37b7d,0x4e69c6355f5c3c4daeb1e67ad2db62f65a135d65,0,0x4e69c6355f5c3c4daeb1e67ad2db62f65a135d65
0x3d7d94fa09a1cb0e79a729c0a905f4b405eedc4c,0x4e662c534e060eb5c56efbd33538ded192f2eaa9,0,0x4e662c534e060eb5c56efbd33538ded192f2eaa9
0x389e2795fa754c86473d38fa2176669f7f9ce54f,0x000000f20032b9e171844b00ea507e11960bd94a,1,0x18a8997b89f14ac43c4ade78c847fa2e03290ba0
0xc71c011ac4433e0f1211f044b0f248d36f789b36,0x000000f20032b9e171844b00ea507e11960bd94a,1,0x3f18b3f1a98df3695fe17f9429af72f35929545f
0x77c2cc613cca5d409f78e9c0129943fba612d02b,0x228ce1cfae5f0f504017943aec71e5bb5c266654,0,0x228ce1cfae5f0f504017943aec71e5bb5c266654
0xffb3f444e0aa46f12ecbb19c034776d324efaead,0x000000f20032b9e171844b00ea507e11960bd94a,1,0x47f39add13b9785c87d5777c02793ddab88faed1
0xd3aa21e107e436923a6a733c760f096ac237cce6,0x000000f20032b9e171844b00ea507e11960bd94a,1,0xc1316fd52b52c2994c6e3b4d096cde6085d167fc
0xc01fe4e52446a0ef37d6093238b7c45eecf4abf0,0x000000f20032b9e171844b00ea507e11960bd94a,1,0xa11d2fc04c3f1c58108c914230cfa9df1a94e772
0x07088a8b6f3a9fc502db7e2584884eed04892a57,0x000000f20032b9e171844b00ea507e11960bd94a,1,0x2ad56ab45ba6f1376e7b9edcae79cfa1ca2ee0f5
0x13b7efe3832e15c5e03a0741e1c98194a87c16c0,0x000000008924d42d98026c656545c3c1fb3ad31c,1,0x76c39d8ef032db81b9cdc270f8c9bd39b2942056
0xa8b84bec6afb6997679802a89577ec3a09a419cb,0x000000f20032b9e171844b00ea507e11960bd94a,1,0x5ea24c859b9b35b0f76ade41ab15b9053b2b1d8b
0x5431c0d8f6b30d5a247e01448d0a34ab551c14e1,0x000000f20032b9e171844b00ea507e11960bd94a,1,0xf232be46bcf6a46b7a0c9fdfbcf6ee14626be37f
0x20765dd8bec138c2a2511f958bc81253564365e8,0x000000008924d42d98026c656545c3c1fb3ad31c,1,0x34fc4fcf0fa0d256d74b04d19169691ef76423e9
0x86d199c235a5e22c7d4488e142f04403c4d21788,0x000000f20032b9e171844b00ea507e11960bd94a,1,0x17dd15f27d8509be22e029bcae98db2c534903c2
0x923ecf21293a613e0ef1322e6e479ed271a597fa,0x000000f20032b9e171844b00ea507e11960bd94a,1,0x4f18e58d40b4208bda4cbbfdb9aa3d5a55aa004e
0x338d508ac8052e9b40aa86cd0b9276e5bde47609,0x0000000000003d61b3d0a96b70b9c9006947759c,1,0x974f2bfa4df68a3acde38e1b28b8804a865f01a1
0xfa61b217a773f9d9c2fe24c674394b772d0f6454,0x92c159895901439caa212997d505083a2fe88885,1,0xa456e02f76f5cca65aa342517d16b6658d8d5409
0xee25cf59ce1e92fe7912914c7bc056c9af59c4c7,0x000000f20032b9e171844b00ea507e11960bd94a,1,0x63c71c9c21324df39fc43faf6c4576569b245904
0xfcd5e14f7df558b3ca443299938924a9443c4d2b,0x000000f20032b9e171844b00ea507e11960bd94a,1,0x1cde44819cc6fb526a51e7d26a944e6aa28833de
0x1cae33ef64fd196118358d5bac2bb145512d232f,0x000000f20032b9e171844b00ea507e11960bd94a,1,0xb137f8081bc7d8f5c11f17d6bd2c1f6b1be43887
0xace2a624cc1f8a7fb436c0eeab01c5f4d37c88ca,0xaa1f672ff4250af3bf72236991e336a8057b9878,0,0xaa1f672ff4250af3bf72236991e336a8057b9878
0x02b740b57efea261a2b50d44ca88546e8ad52723,0x000000f20032b9e171844b00ea507e11960bd94a,1,0x4515d9973ea1827636eb81fe54e8af4bfb9dff2a
0xdf1cca455aed7a2381d50409b63b5564b9687161,0x000000f20032b9e171844b00ea507e11960bd94a,1,0x233499e9351021fc3eca91a18b951868849feb08
0xcd7c93f6be745918ed821db44216550608a6f3d1,0x7a8ba0fc5a84746bb580bf97121d54893325bd45,0,0x7a8ba0fc5a84746bb580bf97121d54893325bd45
0x166fc53b8a770eb837196f7de8b07d52271d8f51,0x000000f20032b9e171844b00ea507e11960bd94a,1,0x0694c658b83ea36ebfeb598708f7264aa3a04f4a
0xa18297f0a4d394466852f9fdfe4003ea189c1c57,0x000000f20032b9e171844b00ea507e11960bd94a,1,0x1adc3f1683a1b418b30839b660a4275162704576
0x51290e2eff463b46b55e139400d5980810332a90,0x000000f20032b9e171844b00ea507e11960bd94a,1,0x3dd6839ce5e05d0c7ee41233e4b9b105239e2858
0x0bc9224f7642a433992da751391cfcec9e1ca3b5,0x612e2daddc89d91409e40f946f9f7cfe422e777e,1,0x102babb5c6535631ac5c263a8750314940ab8687
0xfed23a280265feb2ad95fbe8cf4a77a73428d8e2,0x92c159895901439caa212997d505083a2fe88885,1,0x9c4fd87a4ca3d81149e966f4128717fcbe78ab4c
0xbd1c41084f95606cd6151fdb24e45f55455fab9e,0x000000f20032b9e171844b00ea507e11960bd94a,1,0x50aa936778acda39ea0731dd06a99f137e101dd4
0xb65250493b56602e478ddae347ecdcf20b959ad6,0x7354936bc7a72c8baf5a2f9262e70a52c427be4a,1,0x4adc8190e4287b55f286c0f9e7cb0398bc3c5b86
0x562a4009e381ecc92355070aa7f582594c25cf23,0x286e2c2e5f33d3de55701d583febf1632e27a7ce,0,0x286e2c2e5f33d3de55701d583febf1632e27a7ce
0xeef8dcafee8c4ce4ed72e3c0fe85b36b466b9353,0x000000f20032b9e171844b00ea507e11960bd94a,1,0xb0563dcd13f1609b750ea93853cd60e5ba76385f
0x73555f16456ed290e0e36e97bfb358e348f9eda5,0x612e2daddc89d91409e40f946f9f7cfe422e777e,1,0x0cf54d5740f6f87184771baf00c9338072fc4cee
0x09693a3a18f353db8b88df9b2c69b67a418bc151,0x612e2daddc89d91409e40f946f9f7cfe422e777e,1,0x077aca87f8ce2c3e7e1774e3ce4ff76939900cb0
0x282bde9945133d3e6d389358325739f8b30bbc20,0x612e2daddc89d91409e40f946f9f7cfe422e777e,1,0x065094af6f8e06c0f0530bcf7d589e4d17608dfd
0x29f5a17dd4a17474b350d80f78b4ff6458e2c2b5,0xf6d47763f157f42e8bd711a3b41510267eaf4ba1,0,0xf6d47763f157f42e8bd711a3b41510267eaf4ba1
0x73d089fd994a9e2706112913a06f1cc987e99f26,0x000000f20032b9e171844b00ea507e11960bd94a,1,0xf169f027b516028a0624a5a8cd3cbe25bd6ee08e
0x4d8891697d942f923f20972dd2f2313bbbf757e2,0x442295de8a31d65026dbc09c29d469f6854f188a,1,0x1c44e263714766348f4014b1fd65029531713c70
0x75df4c2393ddbfccbf945fc5397b5ffab55e1e3f,0xd789c01b275ca4c7c01d318cfe912088342a9040,0,0xd789c01b275ca4c7c01d318cfe912088342a9040
0x7e49e693281ac09415c771caf6b9462686234793,0x612e2daddc89d91409e40f946f9f7cfe422e777e,1,0x7057370f43649af862cf366984df2b5ac19a8579
0x407ad8c1e0eaa2f6c380da06fede3f830378571a,0x612e2daddc89d91409e40f946f9f7cfe422e777e,1,0xe75f55c67e70ddb36d7ef910011da6f25c30686a
0xecb87d65435c83fdfeed43fe35c0553d8d6c6177,0x000000f20032b9e171844b00ea507e11960bd94a,1,0x931d91aa0423670b6ffe185bec0b34afc68d666e
0x27e82077eac3229a361a31205fe2bea51e96ffc1,0x000000f20032b9e171844b00ea507e11960bd94a,1,0x964581dc27dfa7e21ea8021633e163d29e6ab170
0x2e1a9ed401418a60161e598d574d51f488cf8df7,0x612e2daddc89d91409e40f946f9f7cfe422e777e,1,0x41220de2a25a0991e8a5793e5aac7fedeb3f16e4
0x70ac7f95a8d29e6a2b7d6c71b3001114be156d3e,0x98d722e1963c823d06f43d4294320b47aa761041,1,0x508af7d60430dd2ef94e289206b5008902a3ec3f
0x388f65b210314c5052969b669a60c5b8a9983fdf,0x98d722e1963c823d06f43d4294320b47aa761041,1,0x508af7d60430dd2ef94e289206b5008902a3ec3f
0x66705a07fa726e19bb132c8d8becbe6713670160,0x98d722e1963c823d06f43d4294320b47aa761041,1,0x508af7d60430dd2ef94e289206b5008902a3ec3f
0xeef78a3baa3132b954f3ad73b20aff070a489e1e,0x98d722e1963c823d06f43d4294320b47aa761041,1,0x508af7d60430dd2ef94e289206b5008902a3ec3f
0x5335f23ebeef15906d348cda4fba6abcb584ac3b,0x98d722e1963c823d06f43d4294320b47aa761041,1,0x508af7d60430dd2ef94e289206b5008902a3ec3f
0xb32d95486c1260663603536e5b8b31a75357e473,0x90bc9b7afdf1cdd1a22a97bbb4b462905db0c55e,0,0x90bc9b7afdf1cdd1a22a97bbb4b462905db0c55e
0x0078fcdd891a862788a12cf347ca6e1b9319bd30,0x34d78889645c980457bcfdd8c97acad73049478b,0,0x34d78889645c980457bcfdd8c97acad73049478b
0x7915b1cfc1c11b79e2c654ab1fd3766f815413b7,0x612e2daddc89d91409e40f946f9f7cfe422e777e,1,0xa8e0d44dc92b556aa4c19bd7c29eea1c89f71b70
0xd621afaf84e8210e3532d556f01adbb70bdcaac0,0x000000f20032b9e171844b00ea507e11960bd94a,1,0x18dcc2b7b8fc3b492f748c37fee96f601580f722
0x9521e926a60f8dd882e3305af3ed9a8e1358a8e7,0x19478179ef8bb7c4792a4041903080e097d137dd,1,0x9c91cf080e43c71bafe9994457ef168ed7c0f48e
0x7ef7ee1c9ec54e5f62049fec91c72c796f61bd58,0x612e2daddc89d91409e40f946f9f7cfe422e777e,1,0xe477b7a297306d03c7aff06873a6b7ac3113a3c9
0x484e07d7861f09f5a0090c503df27f9be0ad599f,0x054a37c6554a9649a7171452d1e25901e53f647d,0,0x054a37c6554a9649a7171452d1e25901e53f647d
0x6bb6c893f9bad19971dcd5a2cccb540ad33baf7a,0x000000f20032b9e171844b00ea507e11960bd94a,1,0xbaeed5567ba0126ec1f8be1696914bf8cec7d12d
0x61867b769bb427b3696982b4fa0e16dcc5fa7077,0x612e2daddc89d91409e40f946f9f7cfe422e777e,1,0x123c6d03cc6810e35b9e396402c55bc501602b8e
0xe6edf35584253e2262a41b0c10d1c196c1a62c34,0x640de47b2509285a15edd2f378868fb6b6fd3db4,0,0x640de47b2509285a15edd2f378868fb6b6fd3db4
0x347568fd874da14d79054cb2d2f60702848b6fae,0x76f948e5f13b9a84a81e5681df8682bbf524805e,1,0x62d35af3365f76b883bc54d05ac1fdb6b5f6d694
0xeba9cec6ff1ed800177aa831450355cca20d68aa,0x612e2daddc89d91409e40f946f9f7cfe422e777e,1,0xf28ba507dbbb9a17c04ffc3da349276e9122ec9e
0x1a09bc504c1bb4cd543020d5ba430b463d5280ac,0xa6c5f2de915240270dac655152c3f6a91748cb85,1,0x8963542c515f4ffef9763cfa2cd8f547ffd92b88
0x2ef817d3118f57021b677f1c309e7e0b4f4f36b6,0x000000008924d42d98026c656545c3c1fb3ad31c,1,0x2ed502a704f3590b9eaa59ca1e88a6b457dd577c
0x467d1f5def21781cddfb21c946316bb1dc8b19b3,0x612e2daddc89d91409e40f946f9f7cfe422e777e,1,0x6d7da3b82e169efa5343f885f8ad82cc1f881be9
0x5f35a784ddea9092918d5af109df3716ed1a0478,0x000000f20032b9e171844b00ea507e11960bd94a,1,0x79fa4adf4c81088d175d612dc5bc62f922f41187
0x5f0317934694b9abcd4c9b02dbee797911e6fcb7,0x000000f20032b9e171844b00ea507e11960bd94a,1,0x580bfd672d98042bc10ec4b4c37b8d6f023c0eda
0x44fcffd75fdb72ec85fcd9be8b301a98210e9078,0x1ed826b8d24570db1a991c3e170177dcd1459a2d,1,0x48f27a6d174cd1598efe45c9961dfd78e452781d
0x8d475f86a2c6fa1fcb460e2b80ba36abc74b01d7,0x43a4ba4252b441b704553f6409bc61601ee66d64,0,0x43a4ba4252b441b704553f6409bc61601ee66d64
0x4e8a81073c3c56954228cda0910b0149cccdc46f,0x6fdf8af92bd2cef6f974fe14e5225a3bbbf5fc23,0,0x6fdf8af92bd2cef6f974fe14e5225a3bbbf5fc23
0xdb68b7707ff726debc9b7fd0cfd58caf2c693149,0x612e2daddc89d91409e40f946f9f7cfe422e777e,1,0x82ef0488ed74611ed8827ede5102f11b4ec49b4e
0xee57e653e025463a716f1bac143aa9a14e6c8659,0x000000f20032b9e171844b00ea507e11960bd94a,1,0xb3d674eff28266b9b58ce778d4b279a37924a369
0x2d4a95e9c503e20ceea7e047123a4474e7d0e4c8,0x000000f20032b9e171844b00ea507e11960bd94a,1,0x02fce6130ca4205fa3ecd73aa669c02ca0102d08
0x902a5b5183307cd12d17feb0d20a07a99c57041a,0xe79b93f8e22676774f2a8dad469175ebd00029fa,1,0x18ab31ef9134d57ec771b82b436031f154082e06
0x26d89b1a97eff04f0084bfddd5c53fe7c869d344,0xbb74d0cb9ab20107668681c58b2899638bb16229,0,0xbb74d0cb9ab20107668681c58b2899638bb16229
0x047d5b8ee9a18a0df2cd2f2209a8bb94cac33595,0x000000008924d42d98026c656545c3c1fb3ad31c,1,0x002c5c563e415ca6d0038362677bba0b64b2d3ce
0x9783273a7ab6e59efbe8d63eca0135243015a8b2,0x6e42262978de5233c8d5b05b128c121fba110da4,1,0x099445a3b18778ec44179c53a64eca83ffe91a8a
0x421ce4fcbc286f4b9df0350f5fee6534f08e910c,0x000000f20032b9e171844b00ea507e11960bd94a,1,0xce89a5e0c8d012f03c105714f6b2d9e0d25aee06
0xedf6b560b55811aa037474cf6d70b633c1fccd01,0x000000f20032b9e171844b00ea507e11960bd94a,1,0xcbdcec6559f1ba9e4e50cd370c7fa1c8dc81474e
0x8808c07d6203a71eed644c8cddd6a2bda2a390a3,0x000000f20032b9e171844b00ea507e11960bd94a,1,0x2ce890774798ca59e5861aaf508ec3def8e7aff6
0xee26b136687cfa9fd05be5d7d74bfdc9b3e22f0e,0x612e2daddc89d91409e40f946f9f7cfe422e777e,1,0x8f18345811c751070baecb956a14c89eefd887ab
0xfdf18c806fa7eb02694f0efc5c64cdadfbd82e2f,0x0416b68386035ebe8524f7f5962ee66945967010,0,0x0416b68386035ebe8524f7f5962ee66945967010
0xb2f0e455b40820b562e248acd1555a8f8f6801be,0x000000f20032b9e171844b00ea507e11960bd94a,1,0x67453a48c8b0aa0759fb1c333f840fa203f6666c
0xfe7d724763463a31d8d62e5e827ce4f9e897dd02,0x77b370628647ba922ac3b2a17c071d31de1025ba,0,0x77b370628647ba922ac3b2a17c071d31de1025ba
0xd85944f672719c6645edcf7ff0f5fe6b4b6c92c3,0x000000f20032b9e171844b00ea507e11960bd94a,1,0x622eceb8cb8662c15d40e8805e371924347feab6
0xbfb251ac6431d5bd93ba82afe604b3513b068c04,0x000000f20032b9e171844b00ea507e11960bd94a,1,0x7ad5af637ccd8c3ddd61e62d0807f6cb428175dd
0xfc28407d6829835814cf2e7a1d38cae22625da93,0x7354936bc7a72c8baf5a2f9262e70a52c427be4a,1,0x784146e93b77b739923f0c09a01b077d53d01d15
0x498a936c2a24c617424e8c9258eb096cf465c049,0xc4d3cfb90afb667cad738b49b27f87f08827d82b,0,0xc4d3cfb90afb667cad738b49b27f87f08827d82b
0x5449234c59de511f0107b2b295ded3183b4c5bf9,0x000000008924d42d98026c656545c3c1fb3ad31c,1,0x47d8937f82594166eb1e0b7be4ff80f1820309ad
0xb992b7687d30b438a51d98a0747ac2ee4d3d6623,0x000000f20032b9e171844b00ea507e11960bd94a,1,0x3a8bc39f166e10225afa1c8768da3104cb462706
0x37fcdea7d2cd2ce8ad2dc3b82001818641c86a98,0x612e2daddc89d91409e40f946f9f7cfe422e777e,1,0x31f5bc3601403496c6f4e297e044dff7dfa4ddca
0x860a7c82947702982e8bb317de10c652f8f408d2,0x000000f20032b9e171844b00ea507e11960bd94a,1,0x7d4776f07cb50d7b7e2e5c2578ee1bbcb5cf6eb5
0xbf4c7ca0462906cfff155ed7549fe38cf54bf691,0x000000f20032b9e171844b00ea507e11960bd94a,1,0xfa8f60fcdb9495ffbc96946ba809f4817cde5d02
0x267c160243a6167a3fb32289360d45d85e3ac39f,0x76f948e5f13b9a84a81e5681df8682bbf524805e,1,0x05a3676202cac4bbf0ae3571bed51ebf478bd7e4
0x080b2441712e1e010c2d1241e76d608d58f23dd3,0x0000000000aec84f5bfc2af15eafb943bf4e3522,1,0x77350e1152efd5f2d807a6124015c629a907155e
0xd2c015b764fa061ab1f52322c1afe3fc03d61a4e,0x000000f20032b9e171844b00ea507e11960bd94a,1,0x518382065f3d7d7958df7670d98953456c056f34
0xa1f07376a374f76dcad4c550788ca1b8e29f9e67,0xea968e6ac95a95c68bf66decc803a1b2848cdc4a,1,0xc9bca422a142f20707dba2edb455c64ff71854b0
0xbcd21a4d23bdb4c786aee34c9e02690e6d798486,0x000000f20032b9e171844b00ea507e11960bd94a,1,0x105aa2b8e462d8f0fc156bd22d0f1317abdc1352
0xfd2604788213c2eeb6a8c57165c8aa5ef16811ec,0x612e2daddc89d91409e40f946f9f7cfe422e777e,1,0x170fb8f8f37776dc48184686dec386d2d1c41cc9
0xdd5c902a9827e8a92f9a75f3a52fe8af8dea955d,0x612e2daddc89d91409e40f946f9f7cfe422e777e,1,0xe3b8ac3b61eaeadd69537d8fe59da7ced9d0d832
0x559b78fb4cf2261e56281c80930672c2fd3dc0c4,0x612e2daddc89d91409e40f946f9f7cfe422e777e,1,0x3a6372b2013f9876a84761187d933dee0653e377
0x96f89ed001a940d7fa43dfe410680f269fae35e8,0x612e2daddc89d91409e40f946f9f7cfe422e777e,1,0x3a069a6a9abd3c5a2473a2867df65a41952d5213
0x82340839e93e6df163716c2ef23e8088fcacc06e,0x000000f20032b9e171844b00ea507e11960bd94a,1,0xa6e5593bd660b27bc8b25a3645f0487cbb00cacc
0x8a1382d19d7ed069ab805c90c660da229d3e3fea,0xc30c575862e5c33daab9b7bf31fadaec00785357,1,0xa0151f0ef912395d0624cf485447c31b6b557ea5
0x608468300423c53616bbca67e14fff5ccb05bfa8,0x000000f20032b9e171844b00ea507e11960bd94a,1,0x2fcf3db641fe8965d88f305b93ce849e6d432f35
0xb2340b4ab8539ab07f3e4d0e9c46231cc38dd8bf,0x612e2daddc89d91409e40f946f9f7cfe422e777e,1,0x8f6d323fa9b2cc976d0aeb011a05b3e81fc14f20
0x46ad68553fbfdc7c119b82c9c750a9f5469edbf1,0x000000f20032b9e171844b00ea507e11960bd94a,1,0x16c736cde4b6afa60000803c85aaae5f98a2c16e
0x741421f6e4504c2ec31b3a4a709045e9f0201887,0x612e2daddc89d91409e40f946f9f7cfe422e777e,1,0xebe3b76c4299fe7e5737bdef7e28e645ebd24bb7
0xde81f772c27fa395ae59507f6f44316c7c72a1b5,0x000000f20032b9e171844b00ea507e11960bd94a,1,0x7c2328211106c74cb4c724b5bcf2f4b81a85a7c7
0x257ff1a6e25c96679ab4b4f8db278ee95835c31e,0x000000f20032b9e171844b00ea507e11960bd94a,1,0xd81bcbad1bcaa9dad97d084084c6bd6b5805992d
0x856a1971279068ecb81686a14a352a40158c3f63,0x000000f20032b9e171844b00ea507e11960bd94a,1,0x5d61ba79a8363f55d4a230da9d4ac5d9feab257e
0x77356f2d093cd61459f5d7a7b6bd7de885ab3526,0xdc32d194d349c8a1eab6bc14a10698f904e22963,0,0xdc32d194d349c8a1eab6bc14a10698f904e22963
0x3e9072397432fc6370c68dcc955c6692e409f3dc,0xdca92461efc399b821b09cbc8fff41eea1064d8f,0,0xdca92461efc399b821b09cbc8fff41eea1064d8f
0x409580c997c1c21899f6747ac83a0f2c20cc86c2,0x000000f20032b9e171844b00ea507e11960bd94a,1,0x62f4ebf41ca2d6327cf96ba53049341e97d0ffa2
0x5b4f1093b34d8f47a1a71b40cec96bf6af93f77a,0x76f948e5f13b9a84a81e5681df8682bbf524805e,1,0xa020855783bf09d2b7ca9c06a1d2f0c8a9a13cea
0x67660ffbcffabcf5f84b5988bd91857dc3ae0f72,0x740cf202c71bfc4da5cb8372e79ad88214df1a05,0,0x740cf202c71bfc4da5cb8372e79ad88214df1a05
0x18012fb8339000d4ff59766102ad8bda32443ecb,0x000000f20032b9e171844b00ea507e11960bd94a,1,0xc83ef20e2e55267486bf7b79736af994b721842a
0xac0ade5a775be71b27b4a83b2e025896f6cec558,0x612e2daddc89d91409e40f946f9f7cfe422e777e,1,0xccf955c9765e2d2ae092acb6f2a1bdd980373a4d
0xb6bd5798adda6efaf2e703419eb1c4ee339efb88,0x8d1fa935e5e8a5440c9efc96c0d9ff387ebb179b,1,0xbbd8e783385fc2b905c63e92d72c58de9aa1863d
0x6cf9d968c0c71dcf4762cfddf7370dd870760830,0x000000f20032b9e171844b00ea507e11960bd94a,1,0xcedcc335f137cd1af149db3caca731470f10cdbe
0x3dc1498c1ad19cc3040df4d0d79de36ce8dbb998,0x000000f20032b9e171844b00ea507e11960bd94a,1,0xb4680562cd8b6f65aad01f50412204b1d2499a5d
0x40542a4f5e80b54bfbc69f6683cfd47caf56e86d,0x6e42262978de5233c8d5b05b128c121fba110da4,1,0x140b31f84c738d93ab557180fbc1350282e6aa97
0x216ea7cb73d0b8b3da540746912842e667ad4730,0x76f948e5f13b9a84a81e5681df8682bbf524805e,1,0x26520d3030c2cc561358e432b1d6e2fb94e097ee
0x0efe48946dd583200a2d86f592caf31fc826ed07,0x000000f20032b9e171844b00ea507e11960bd94a,1,0xb0900f9ce48114c163f8293a5e83a70d5056a4e2
0x42c877e3bd92842bc44baae0391215694e729d50,0xa6c5f2de915240270dac655152c3f6a91748cb85,1,0xf814a8e1607aa1d1a33f42a4c9b3b67eadce45bd
0x39c2c35d9933c1c402f6372c29d869cd11555a81,0x90f47f6fd68300bb33489ebf0ee7885e7c2a5341,0,0x90f47f6fd68300bb33489ebf0ee7885e7c2a5341
0x4790241b3d65b043f0b036aed3f1cd63c434d644,0x000000f20032b9e171844b00ea507e11960bd94a,1,0xf225516e28fc6bff63ec65c8b04b711c49fe582a
0xdbca0f226556f61c619a738ca70a74a047e54bf4,0x000000f20032b9e171844b00ea507e11960bd94a,1,0xfe6a4d88dfc9b41c8eba16b6b922d7095d1d3054
0x1e52a90e35df9d6b6abd47d86c3b9e870bfd1c00,0x25048e19162505b5fae7b6140fcace59b389fcf9,0,0x25048e19162505b5fae7b6140fcace59b389fcf9
0x4007c338635d7fa74613dc93e284bef854b9b6cc,0x000000f20032b9e171844b00ea507e11960bd94a,1,0xd8c4ee67da79507c5ba4e2b8578537de6315b260
0x33d94515d57604c2ad858540a067d75e02b0c137,0x000000f20032b9e171844b00ea507e11960bd94a,1,0x281fb8c4e4aac9672fde8acdf483dd70feab60a3
0xd79ac8928887c9f4b28b949f33a7f6373a6a2579,0xc170b09c317e6100c2b840c555b5135d8ca68130,0,0xc170b09c317e6100c2b840c555b5135d8ca68130
0xeb6ce50bfc7878e7daa73adccbaaf9c0f6814962,0x000000008924d42d98026c656545c3c1fb3ad31c,1,0x582eae5a9f34415b07515e22c8dc9ad353d9366e
0x899ac9da721b0c5710b577559b553a51263421bf,0xfe0007134e4ca52848223fb67927099235dbf9d4,0,0xfe0007134e4ca52848223fb67927099235dbf9d4
0x4194d206ab11db15d8e67fcc75bff595abb88520,0x000000f20032b9e171844b00ea507e11960bd94a,1,0xb8e86cc85e97e6f3484466901a39ced09acb0b7c
0x0f816e0219ca557c3bd123c6160687f5a4de59de,0xd7e1bc51cd3f30e21b17bab33d77078e3fb7cc26,0,0xd7e1bc51cd3f30e21b17bab33d77078e3fb7cc26
0x94cf49ae5dd10c88ab9ec5edc8800c3400893598,0x612e2daddc89d91409e40f946f9f7cfe422e777e,1,0x51019957e06c9e8737c935058d3a2c69f40479df
0x134703ebb54f2e83326d5032f5564e7edbd51427,0x98250d9090e9db1b979ea1115e8cd15d4a414690,0,0x98250d9090e9db1b979ea1115e8cd15d4a414690
0x4c06c5c3b4a4ea644d7ac002c1210f00b33861bd,0x612e2daddc89d91409e40f946f9f7cfe422e777e,1,0x2a2362107290493efb81a077cc0cba53eb733b80
0x66f5c9ed91bc90fe66281d40559f4c09ea1d1e94,0x71ce1a400a9463c1c2e12fa0fae82c8752ee6ed1,0,0x71ce1a400a9463c1c2e12fa0fae82c8752ee6ed1
0xa687f2a947e7afd38c80502ac2e9b431891b41c0,0x000000f20032b9e171844b00ea507e11960bd94a,1,0xd0f4ddfec0ec2740d06af207f74a7911e205badb
0xb93278955fc932dfc8550694327077c8d7b4b390,0x972479eefe1ef8cf6b08dfe5100fe5f4764c4be4,0,0x972479eefe1ef8cf6b08dfe5100fe5f4764c4be4
0x9eaabf41abe6f2510f94801c8919f9a85354505d,0x000000f20032b9e171844b00ea507e11960bd94a,1,0x0556cac5a41069e30fe009391b88b32188b35078
0xa3ce6507d88e9903ac9290ea9cadf22e6bb207de,0x000000f20032b9e171844b00ea507e11960bd94a,1,0xd36bfdbcd89c82e46d4363f865e73a69d89aa787
0xbf940bafa0af101f69b7dde4f9b6ca976d299263,0x612e2daddc89d91409e40f946f9f7cfe422e777e,1,0xf9117ae62fc43605b12b98c527bac262bb517461
0x76e6536cd20ff4472089694c07480beeadadffa5,0x000000f20032b9e171844b00ea507e11960bd94a,1,0x214fcbf2848d481d2a2236eca2438cfd05fba996
0xe7a27bf738df5405d85523a6da7adb0bd53b0d0a,0x000000f20032b9e171844b00ea507e11960bd94a,1,0x9fe782563d00776f22901cf11ff70b8be8a5fc02
0xc302c3aef2f5a58b4d664d8f8f0eb205090c2928,0x3d1d4d4a396cfed05bcba2d8f5a772ab822abae3,0,0x3d1d4d4a396cfed05bcba2d8f5a772ab822abae3
0x0c1945b3cf498a070c21033f9efce5edb0b2adf3,0x612e2daddc89d91409e40f946f9f7cfe422e777e,1,0xdc68c1d1b1f2bde3d46fd590497ea572be51ad17
0xe4d61b4eb20dab53192a2a530b33d5462426060e,0xea968e6ac95a95c68bf66decc803a1b2848cdc4a,1,0x35c31fc8c7e274bd88d69c8b947efb9a6c312b92
0x293829ca23cb89abc09740cc693083a5fe1bcc32,0x612e2daddc89d91409e40f946f9f7cfe422e777e,1,0xc841fabb79c0b39bd0af850dcd5281022445eb51
0xb9924b4e1346815727ef96a03014de33c7876159,0x000000f20032b9e171844b00ea507e11960bd94a,1,0x9a477557833370d1019ee0ef763d6a0cc7aaa754
0xf438a593ce010514b544581586472748985dc8a2,0x000000f20032b9e171844b00ea507e11960bd94a,1,0x4dff5230059743b4fccbb8fcf052f6ccedd03798
0xe95bbdc4ef8626f250a87cb7d811aa0698319b4d,0x000000f20032b9e171844b00ea507e11960bd94a,1,0x6ab58e26e40821f56181a69263db1be5299150ca
0xa7d6cb9b64252f0153665a92c41861d2e5803438,0x0333c8cbbf303f2009a6d91a3113ab341b91a23c,0,0x0333c8cbbf303f2009a6d91a3113ab341b91a23c
0xda5a91552b2c9c1e544b83121d143c964b286fce,0x612e2daddc89d91409e40f946f9f7cfe422e777e,1,0x628bf5bf0baf06f2b8c61b8e684928844ba00944
0x19498adccc632563ac27c18cd422cb7d497360f7,0x612e2daddc89d91409e40f946f9f7cfe422e777e,1,0x8d1207bebfda9597f811e81d4e8ec36674607647
0x6c8c5fdb02ef662c4ff1eb751e084fa6eb2d98cb,0x612e2daddc89d91409e40f946f9f7cfe422e777e,1,0xa2bf4aeeb841414b952307c721d205e73396b50c
0x2e9aabe40ce0d9b1c5dad84bd03cc78132677fbb,0x6393d36fefb5fce9eb41643ff4352c1a88393c31,0,0x6393d36fefb5fce9eb41643ff4352c1a88393c31
0x0368cdc3dcdffae934ff96624f18f1ae1c185d92,0xe4141893b618fb3b74d88e1ed7071e228cd8a34c,0,0xe4141893b618fb3b74d88e1ed7071e228cd8a34c
0xa1253ed5c76b5dee976885e782a2cf0d846a485d,0x000000f20032b9e171844b00ea507e11960bd94a,1,0x727f317dac81204e0afd7f4b34eb710d689a5a12
0xaf53ce75fb435d59745d4cd1f125100fad904c4e,0x612e2daddc89d91409e40f946f9f7cfe422e777e,1,0xb08337cc7610f28279a939ce0a25ad6ad64c28f3
0x250de26570409e21d5099c62526cc997b61b1d0f,0x000000f20032b9e171844b00ea507e11960bd94a,1,0x0ebf6fa4d639b37848feae3b51024a11d6c1f65c
0x80378adb897ef374f98301a6db6ff8b5e0c1ee16,0x000000f20032b9e171844b00ea507e11960bd94a,1,0xbfb4450ba63d6858aaf5dd48c1516e559cfe9439
0x934f1700992ab24f0e5e6cc7015275770d25c4a3,0xf8bf0fa86c8ad5dbb44a256accbb2622ba56bd69,0,0xf8bf0fa86c8ad5dbb44a256accbb2622ba56bd69
0xfbb33a6b193b698098ff93087db15a458b3e16d3,0x612e2daddc89d91409e40f946f9f7cfe422e777e,1,0x41eccb10822603af01f96ab64da155746f4caa14
0xa5c85d724e8bc3fc502a419248da9975f5920a03,0x91ba173cb650caf9617ba18c2883d4a454a825d2,0,0x91ba173cb650caf9617ba18c2883d4a454a825d2
0x6dfa2629883eb5b0cbaade47831139ee010f41a8,0xac379456191ec7a658337c278b13d22b3ee2062e,0,0xac379456191ec7a658337c278b13d22b3ee2062e
0x77fff24191eb3596de48bb2ea7bad14da9fb08b0,0x000000f20032b9e171844b00ea507e11960bd94a,1,0xe08eca12af49b690e15a039e0114a69e6b0a3c42
0x47fc53062cdb4078da61b27d8843fe8f05e1d457,0x612e2daddc89d91409e40f946f9f7cfe422e777e,1,0xa782a4f0e24c750772cc22d586cd82439656d63b
0xb17cbf0e8116b8e7dbecfc3529149664ae7e3c33,0x000000f20032b9e171844b00ea507e11960bd94a,1,0x99e72a7f01a3555d21a852da74ff08dddb4239d5
0xf58898738b0620e645ecebc0a4347c95e8a232a1,0x000000f20032b9e171844b00ea507e11960bd94a,1,0x75989507efa466c70fb0625f24a1ba3dd0d54d6c
0x0d45b5f000bd1663810e554e657a69a84011776e,0x000000f20032b9e171844b00ea507e11960bd94a,1,0x3e3e0ebba24a2a561d81f44671209c832c4f1272
0x2a57a9727b703d5ad933d07040848b68f789ad48,0x000000f20032b9e171844b00ea507e11960bd94a,1,0x522b70e2731337dded76c4943cb81e702f00639b
0xaa930b3d78aace6e91fb51e06fca437ba3e8b555,0x000000f20032b9e171844b00ea507e11960bd94a,1,0x6d2b7f7b94021a64d491532cf6296b57f1bea94b
0xf63088b7865fc4981a131bf8b4a15324a54e9272,0x000000f20032b9e171844b00ea507e11960bd94a,1,0x00804a67c673bc3741ac5b5d40f7473127a787a3
0x7ea67b1a04b194350b3b86cae752a542132d851b,0x000000f20032b9e171844b00ea507e11960bd94a,1,0xa6c09dda63aad52f6ee635988c028f158c7d5cd9
0x4e82beec90b111d5b9cfbb733ce0f89f6f14e092,0x000000f20032b9e171844b00ea507e11960bd94a,1,0x96c55585b8583ae73cef3d0ef41c4fd4bf9d58a0
0x2d4b8d4ffd080863a5dd2b736955c81de6069756,0x000000f20032b9e171844b00ea507e11960bd94a,1,0x300b14c4a177e6c715f9d17466d64957f570ed60
0x2c44268f9f241c8f08eb701a1aa3bfc52951348b,0x000000008924d42d98026c656545c3c1fb3ad31c,1,0x751eb2848debbfb80545c9ea56ac458a9956dde7
0xbffe99b10e1aae5a7f8d1efd37a8702e9c45aea9,0x612e2daddc89d91409e40f946f9f7cfe422e777e,1,0xd91b4ca4159cfdf90453b3fdb6405a9dfee4b88c
0x18cc52482ba5300b174952b44126966d1a5a92d8,0xbf625e82ee9e47305478626c1859f05c445a73dc,0,0xbf625e82ee9e47305478626c1859f05c445a73dc
0xbe9ae60d48479f32e6900bdfe5a38286718bdab0,0x612e2daddc89d91409e40f946f9f7cfe422e777e,1,0x5e5a9a7f14f69cba1abeecd0bdea20ece7af08a1
0x00df5b64a372df9531dfcf17ff6028bb2ee4d5ee,0x612e2daddc89d91409e40f946f9f7cfe422e777e,1,0x0a0d36107e32b53c5bb74d5d633903ff56536a51
0x398633cb201cfd1f20e2990fb2c4893d208e6d0c,0x000000f20032b9e171844b00ea507e11960bd94a,1,0xc977cadda0bf3485f60f15f41b440c8025ef8e10
0x892b787a43a74a14cf1560af570ed875adf0269f,0x000000f20032b9e171844b00ea507e11960bd94a,1,0x59f0390d93e7c10830b14925c8c43d402620f1b0
0xe45ecebfd960a7e214bd9a7a2123cd668745d763,0x612e2daddc89d91409e40f946f9f7cfe422e777e,1,0x81071895780a69a7df85b1fc381d61ed4cec8aa6
0x74b2ce1439e897e10f35fb4a76c78b03a875be71,0x612e2daddc89d91409e40f946f9f7cfe422e777e,1,0x5fa831bd45f6af9af8502b0bfb91440212340749
0xcf1670996c7bb8cf5fbf0376e43c8ae5600e795d,0x000000f20032b9e171844b00ea507e11960bd94a,1,0x10534a83468f18cf18bec6c5112556c7b434ae94
0x9de5e3941189867577380a9c7732bfe8e0aaed77,0x000000f20032b9e171844b00ea507e11960bd94a,1,0x5dff153ab0aecfe0a43e75b4222933aff5fe9eab
0xb2ab47b2d93f9dbc4b9d91bcbae1df8824c6db2d,0xa6c5f2de915240270dac655152c3f6a91748cb85,1,0x3a54c983cd1090a01725f4d0349f8ffdfe4f9264
0xd3e79b72441f86477f412d00a1d1e7ea3b7d48f6,0x000000f20032b9e171844b00ea507e11960bd94a,1,0x507017060cfb9e25a43691d4a00419c6fcd19bcf
0x422dee0f75c8b18cf9d14d9d225572bf2d206bbc,0xbab5144fb9661aa52487548c92d7be56d47eedd8,0,0xbab5144fb9661aa52487548c92d7be56d47eedd8
0x795cc3e8bcef563639daea76ef973c46a92300b5,0x000000f20032b9e171844b00ea507e11960bd94a,1,0x71c29b55f6fb2c9cf9cbd68d8e0c013d27412146
0x60425f37040876a801c820447b414e23f85376d0,0x000000f20032b9e171844b00ea507e11960bd94a,1,0xf00300771bf61ef0a201033d8ff98da804a7eb4a
0xf7a83c2c137ddd91bc178b29bcba958996b854fc,0x000000f20032b9e171844b00ea507e11960bd94a,1,0xcf24d4126b197bbd6393ae84add148fbca9b8562
0x252b0271aa56695eeba3ba5312310d826b750d67,0x612e2daddc89d91409e40f946f9f7cfe422e777e,1,0x3e4cd24b712736abce76cce4c252bc83ed7086d3
0xecc34c10706157e3531b7a598249d32090e860aa,0xa2471d2abbb59111c9de49d7ce1617558aec3e2e,1,0x679529eef3031408d418536555e136fd1d5b10d7
0xa0d858d71c309a6da09478981f4ac0d6be2c2614,0x000000f20032b9e171844b00ea507e11960bd94a,1,0xcf24d4126b197bbd6393ae84add148fbca9b8562
0xafde912834c5d849a40821c8fc1442cb62b39d85,0x9066b05d8c3f584adb48610a56a35b09b53e1139,0,0x9066b05d8c3f584adb48610a56a35b09b53e1139
0xa59e34a6ce28cbda132eab9f1ca8f5f28138e32f,0x612e2daddc89d91409e40f946f9f7cfe422e777e,1,0xc122451302a1c613000ea20c003ed8d8baec1c11
0x7973b961ce7d08dc1b5999cd2c4043ce0fe97d37,0x000000f20032b9e171844b00ea507e11960bd94a,1,0x6e7b40f4bad2f7c4556663ca33db424568aff735
0x9b022b146f8fdafa8f6771de3750ecafd76467e9,0x000000f20032b9e171844b00ea507e11960bd94a,1,0x165d8c84c7e5a18232f3dc63687d40c4b4a9cffb
0xd026b14b897cdc0815ad9edceef6553d82c6c869,0x612e2daddc89d91409e40f946f9f7cfe422e777e,1,0xdf83231619556bd7627634858e559d5563d637ea
0x5436431fa9c4fb2a1798cdd405dc5faa64ebe7d3,0x000000f20032b9e171844b00ea507e11960bd94a,1,0xf979f23e69794119cd59cf0fcede0c6d70f953ea
0xf8fbddaf9570bff1ce403f42221d953943d59e1c,0x000000f20032b9e171844b00ea507e11960bd94a,1,0xa9fc09a3b876edfcaacaf77910fda14de378b121
0x867520d6fd73017ec893547dc9f8ea3775a6d67a,0x000000f20032b9e171844b00ea507e11960bd94a,1,0x1bf0f487a5399d9ccef3d75bb911c5163952d1a0
0xee5dc6c1d3917843efb98e3eddf8579530d8f331,0xdaff0e93f8614d42ae3efa26657587cd4d4bbc21,0,0xdaff0e93f8614d42ae3efa26657587cd4d4bbc21
0x97388e30a2193f12a3420c0bf665d5f158a9a886,0xc9e8ebb95921ec18e02bc0cf5d103ea59baceaeb,0,0xc9e8ebb95921ec18e02bc0cf5d103ea59baceaeb
0xf67493abfc983b0804742a5da1cc7ed4b16c45ab,0x000000f20032b9e171844b00ea507e11960bd94a,1,0xbe6b3bfe1e695ce95f12d6d72a90e945072aee2a
0x0c5938a2dc67aa6ed703f8df154ce9256bb55803,0x612e2daddc89d91409e40f946f9f7cfe422e777e,1,0x27eb2d38cf1559c14b82d323a653cfc9208baa1a
0x1c4c56fba1e480810ec10ae63b41c4ce3c73c330,0xe79b93f8e22676774f2a8dad469175ebd00029fa,1,0xb255f70edfa044674fccd01c099955acc6fc7ff4
0xe595ad59dfa291ac046015e7180f0c2b57a07bbc,0x612e2daddc89d91409e40f946f9f7cfe422e777e,1,0x55b697715dcb9eac856cef399fde6f8964a777e0
0xebfd38d8a141580c15e72ff9733a63baa02d8f83,0x000000f20032b9e171844b00ea507e11960bd94a,1,0xa11405a31e619bd0d1550cc5a4c21e819bf67017
0xad28b68e8cd67dc61eddbd45d5ac05241f7566a1,0xf0fc2a5c4a0709bc6e92e89c71061a5ffe01931e,0,0xf0fc2a5c4a0709bc6e92e89c71061a5ffe01931e
0xf002c3f63af1d8c20ec06b5c8527ddd4973d6bf1,0xc8ec9b13cc31750fd9da8d157342662d3e1baa05,0,0xc8ec9b13cc31750fd9da8d157342662d3e1baa05
0xf46d0281f8d1f47df3df77e3c1d8f2b26bd5e27a,0xe39197038be39299c25804f3e8a20425db8d11d2,0,0xe39197038be39299c25804f3e8a20425db8d11d2
0xeb199b9a9004170ae1f3657137e35127d280e163,0x000000f20032b9e171844b00ea507e11960bd94a,1,0xdfd523c29673030361f420e06901620a8768acd3
0xffc57bf8394e5920316d1457c746efd524d332ae,0x000000f20032b9e171844b00ea507e11960bd94a,1,0x62fe9008c47386b7ae0d087d3f126de8ab013d3b
0x54c18d23899294384b18a597ffe86490805fbf2f,0x57472ead4109b78ead25546248a3e5f424763065,0,0x57472ead4109b78ead25546248a3e5f424763065
0x55b3763ddcd4eaa2c51dbd0117f2a792b531bbfd,0x000000f20032b9e171844b00ea507e11960bd94a,1,0x73e374a0b2ea4087305555aa627aa70db149c537
0x57ab2d098e32e426059f23002b690e8afdfef5a9,0x612e2daddc89d91409e40f946f9f7cfe422e777e,1,0x367f4d8e482c3838980fc451926283a0feafc0f8
0x94cb161191e9fd543fa3b0c0ea73fc3d49cf68ab,0x612e2daddc89d91409e40f946f9f7cfe422e777e,1,0x7cb182a19c8b886e8aedfd797506cdf451f546e2
0x0ff260b6a859dff9e2543643148dd9bed41c280d,0x000000f20032b9e171844b00ea507e11960bd94a,1,0x23ba5da35d2edfb2ea6bdb885472ba30296c891b
0x527c5ab69aa7427f977b917c835b2b7d6b360814,0x008a4aebdb5666788f40af61fa1b4ed43024a36c,0,0x008a4aebdb5666788f40af61fa1b4ed43024a36c
0x440bb20fe2de6f635e51ad6ec439fa90cf2bb4d9,0x1ed826b8d24570db1a991c3e170177dcd1459a2d,1,0x6faab9c2aed45ae27f51a3f693cf095f40c9402f
0xfef5beca804d6c09610d8208df7ac11e929aaaec,0x612e2daddc89d91409e40f946f9f7cfe422e777e,1,0xc020388ceb7f8d10df56be8ddbcf7ab6615838ff
0x69ee551f6741ab87a1b115bd325c0a83a09b374b,0x61b98acbfc23326cfe296f380b5aa3e5adcc5238,1,0x38328514daead6120203a88afdf265198a7a5dcb
0xb03db4beb46de3f633b2d51c47c3404f6f7ce2fc,0x3f98966fbaeb9bda7393f647e0ce29cefe406fa9,0,0x3f98966fbaeb9bda7393f647e0ce29cefe406fa9
0x42eae939543665297d3d9baa70d494dae2c61988,0x612e2daddc89d91409e40f946f9f7cfe422e777e,1,0x211245dbfc5506864f3e2cbd6632b0b2002b59cb
0xb48c44b9a745777ba1b16254ed4a2305d3688771,0x000000f20032b9e171844b00ea507e11960bd94a,1,0x4412caef0b2d3fea54af0fdb6ab08c2de376e473
0x2996b6b205093d4308312c81c56f9ba3d387ccc4,0x9544d675a308c9c83b79e44f10f5424ea13244d1,0,0x9544d675a308c9c83b79e44f10f5424ea13244d1
0x61934e8990323968a521f6b9b0b0718039fba226,0x000000f20032b9e171844b00ea507e11960bd94a,1,0x17ad788059fc92f9ce049fe083554eb5af9e1268
0x7a3498820a2d615aeef27b720a5ddcd7b05bdc60,0x8902939cd9f4c44a5ababd7a2f00b90ac5731238,0,0x8902939cd9f4c44a5ababd7a2f00b90ac5731238
0x9681764c777940c0b9466c27498e897e971aa51b,0x577c58ebed517748b752252de2a7cbdb92c3a739,0,0x577c58ebed517748b752252de2a7cbdb92c3a739
0x6f78f4034c4a8c1f7926f6d5bd84de3cc06d6b4a,0x2dfa21a5ebf5ccbe62566458a1baec6b1f33f292,1,0x233a16fc506726d603cb646a60a518ca2394b090
0xd15d58a8783128097138c7157282fe970b03ad31,0x000000f20032b9e171844b00ea507e11960bd94a,1,0x78b442d69f0a50d090b5420ddd2d2017cc78f38a
0x63886408d1c82bbdddd0bb6bd4eca358dc3fccc5,0x612e2daddc89d91409e40f946f9f7cfe422e777e,1,0xe0cdf6be62ab25ae24675ca8aacd19a28349d10b
0xc37aa420d0e61cf1186a30323c77770071d8c8ea,0x000000f20032b9e171844b00ea507e11960bd94a,1,0x13e6a68584995971094a46458da26076df05aa15
0xa62682e99003412d71b238dd2ec11a3ecf334e01,0x000000f20032b9e171844b00ea507e11960bd94a,1,0xfa6678146cbed22508032d8cd049ed534eb192ed
0x941ed19b34c6d9aa6f2d598dcfc89113c91b394f,0x612e2daddc89d91409e40f946f9f7cfe422e777e,1,0x11671fc5b5ac9e12fdf9494cfbce59b626b91ab5
0x63f92ea2b2ea2fd4084cd12f0d71bce2db64542d,0x612e2daddc89d91409e40f946f9f7cfe422e777e,1,0xb52d740beb326e42fc327cb03f0147f85f21232f
0x4d4a0f29eff9091360fd475fa3db1cc966fad958,0x4e59b44847b379578588920ca78fbf26c0b4956c,1,0x48ab8adf869ba9902ad483fb1ca2efdab6eabe92
0x550b0ac1e89b10ec6969b777fdca4791ed131079,0xf0c1b70721a711664daf34c3ddccdb4bd68d94df,0,0xf0c1b70721a711664daf34c3ddccdb4bd68d94df
0x58693235480b53bb06eaa1c6b5330d3d1b618d5b,0x7354936bc7a72c8baf5a2f9262e70a52c427be4a,1,0x28a3182325a294b2f9eb021e70a5f11e9437c4c5
0xc9d5969c43987e6670d9529fbcda5e2a548427a2,0x7354936bc7a72c8baf5a2f9262e70a52c427be4a,1,0x28a3182325a294b2f9eb021e70a5f11e9437c4c5
0xf965d644c383b7e5281c2dbc62bccceb85cbaad1,0x000000f20032b9e171844b00ea507e11960bd94a,1,0x3b6ee1d21956529fee95ffe82bcb7c8ab61ded1d
0xa1f8692424f5d045cac94347e9e5bc938498574e,0x612e2daddc89d91409e40f946f9f7cfe422e777e,1,0xe588f6581329ce32e40641e20c61a96f296a763a
0x3e3351a387724545a144cc0601595e13bd2fa26f,0x000000f20032b9e171844b00ea507e11960bd94a,1,0xaff638fe88ee221e41cb27e7753c855ab4047aed
0x8b432ce25d486fb521ba33d348877bb7dc726aab,0x000000f20032b9e171844b00ea507e11960bd94a,1,0xb5f1f925d1eb96eccf56cc618a718b19a0d032b9
0x6c95d018d164f0b66b539adf02cd734d2785cd6a,0xe900bab3d67533b285891c6ddb66c63e53676a7e,0,0xe900bab3d67533b285891c6ddb66c63e53676a7e
0xc817c4356ea5a7cfc0e8e5b11586f9df635b4b5d,0x000000f20032b9e171844b00ea507e11960bd94a,1,0x3f7d3fa425cde150e4a4a47eb320fe903a32bfe6
0x40aa41cd706ac4114a799c800a30ca3d5f4cebc1,0x5812500e79c78d0525c4dd60bb50012d3969e995,0,0x5812500e79c78d0525c4dd60bb50012d3969e995
0x96c358915bb797de461e1fce2c84c9838d74fca0,0x38a4fe381fa8391f4a4854da48dd14b75307fce9,0,0x38a4fe381fa8391f4a4854da48dd14b75307fce9
0xda02426c7260ddf7d324898096446a62e3802057,0x612e2daddc89d91409e40f946f9f7cfe422e777e,1,0x8075746d700f4954ca7e0952c49729d1a1d44243
0xf936ad016c2251d760e55cf1b6d132069a5f8d89,0x612e2daddc89d91409e40f946f9f7cfe422e777e,1,0x85898fab8f22f29d4c34db01caddab1d0831a8d9
0x54a292b868e235ba5d5bb7cd83405cf953d09dec,0x5513001d0082bb40352462dd84d8ee42a4f9e1be,0,0x5513001d0082bb40352462dd84d8ee42a4f9e1be
0x218af31c4bfdda312c588abb1dac6b5c4d8ae51c,0x000000f20032b9e171844b00ea507e11960bd94a,1,0x04201115ea95240910653d77cdf4cb2e9b16a188
0xf4046c8a15d267183431ee5fa85caec04384d739,0x568a33aa237ffc284ff584a3bab17a44faef4054,0,0x568a33aa237ffc284ff584a3bab17a44faef4054
0xdb0ad294c4d50cba19fbf311bd7c8cf146a79857,0x000000f20032b9e171844b00ea507e11960bd94a,1,0xfc49896334097ee780b26929605a08f8b87d7b20
0x013939dde7ec9444223ad6e34d055a2b687ddff3,0x000000f20032b9e171844b00ea507e11960bd94a,1,0x47a84c74945ab2bbb6906e592bdcc9c8b9d33d0c
0xd9825c3de4c9e8e0c62a92690a90bd492d51d4c7,0xbd0a238036e54c2586aceebb21db70dc9f605fdf,0,0xbd0a238036e54c2586aceebb21db70dc9f605fdf
0xf1982a1abccc8d3e1d546e2f6586340919d16e3b,0x0000000000003d61b3d0a96b70b9c9006947759c,1,0xe585fb6d0032be89d7842007b408a6d97fc4d512
0xd98316369669c4ba7621321ea61355e5d46c23ac,0x45ac24f483c76df579370bfefb6f1c54df9eb096,0,0x45ac24f483c76df579370bfefb6f1c54df9eb096
0x25e23a1eef340a014cdb5481c5ad51ddc34ceee0,0x6461ceb1efa950f2c789042fe8dca90c16534dfa,0,0x6461ceb1efa950f2c789042fe8dca90c16534dfa
0xe134fbef4d87c892759d2358d4154590949d179b,0x000000f20032b9e171844b00ea507e11960bd94a,1,0x256fe0a48b9dfcadfbc1d595625d32040694af07
0x9d050e63daf5856828f3b5494ccaeb5c55604bec,0x000000f20032b9e171844b00ea507e11960bd94a,1,0x030d32b0bf51b69124ec0f7ad532ba10105a6272
0x23c3d0f620a331e85236461089d812e1cb7732ea,0xef9f5e015115b5be4da8611edcfa08fae63febc7,0,0xef9f5e015115b5be4da8611edcfa08fae63febc7
0xe2c61b085926b8f53aeee6570a5b9920242f592b,0x000000f20032b9e171844b00ea507e11960bd94a,1,0xc3d6c9657b744c2f6804402fa630d6aacb5c945a
0x594ff82c62d5875a3750e01f7a59c0d10dc180be,0x640de47b2509285a15edd2f378868fb6b6fd3db4,0,0x640de47b2509285a15edd2f378868fb6b6fd3db4
0x0c564ee3f511ea9cd3d64c7f3865b48b84c55769,0x8300dfea25da0eb744fc0d98c23283f86ab8c10c,0,0x8300dfea25da0eb744fc0d98c23283f86ab8c10c
0x9a291a1d64ae3e5381278e1131107662cbd7b6ee,0xb2019531de3bfda451668acfe40fb3aee59975b5,1,0x7a8ba0fc5a84746bb580bf97121d54893325bd45
0x4f290a719755df3b2cdb674bdb0c3e363640da7d,0x6ec7b8b5ffa77d73757a8d841175c004ef74b537,0,0x6ec7b8b5ffa77d73757a8d841175c004ef74b537
0x67a4279f0fb6c98b0163fd9ab88fa287569b2570,0x612e2daddc89d91409e40f946f9f7cfe422e777e,1,0x8f14c7a940a3b30cd188588e06f5a774478bdaf4
0x1067b71aac9e2f2b1a4e6ab6c1ed10510876924a,0xba939b2b73c7c8e23d7a96dd0100869d00f813d1,0,0xba939b2b73c7c8e23d7a96dd0100869d00f813d1
0x7b80207aad912cec83f700064676a654343b70b3,0x000000f20032b9e171844b00ea507e11960bd94a,1,0x899a747e2aa61de8d7272211959a5618ea60191e
0x36dc377ca8e0e7eb1d889b5619a60b59bc23f5b6,0x4f92ae4960a6ac49fa88bcf9d6d4b8c53f626a55,1,0x2c233b8851296829bbd01b03cd48d29e02e23101
0x8f11a56f0fda438956c68a1c053e5f2772eaa346,0x612e2daddc89d91409e40f946f9f7cfe422e777e,1,0x6d78b78fdfad5ced626117195c468f0132f3eb8f
0x6b1fb0d33793a62b5b6fa14c5307c965a2b47053,0x000000008924d42d98026c656545c3c1fb3ad31c,1,0xb407a033b5110e106637becfae2a85b971e64281
0xd894fdbb0aa141a70468e628c32e94d612f6f879,0x000000f20032b9e171844b00ea507e11960bd94a,1,0xe63c1f9873c7988ce8d1775ae710b73cad5ed58f
0x353067878f1251a01e350d920b80900bf4f683aa,0x20a7addcff685b78eb9eadeace6a7f92f745cc9e,0,0x20a7addcff685b78eb9eadeace6a7f92f745cc9e
0x5c09481a57a9d0f342acf8c80837dfe92fecf67a,0xe5748b0bc6d4381790f04b00e87f0f55bc6c93c3,0,0xe5748b0bc6d4381790f04b00e87f0f55bc6c93c3
0x545dea2c76edf67b4c30eedbd5d540b022a67dde,0x000000f20032b9e171844b00ea507e11960bd94a,1,0x0b88180f36893578b316e7561934181cb311f6d8
0x60419066754e66b9aa2077f2d92feb13fc17ee3f,0x612e2daddc89d91409e40f946f9f7cfe422e777e,1,0xcd85621837501fbdf142bdd02d52d43ac6541161
0x7f9cba276b42d84e3de4c8d3161441e7fa49a632,0x0000000000003d61b3d0a96b70b9c9006947759c,1,0x974f2bfa4df68a3acde38e1b28b8804a865f01a1
0x779166d3b47a76f45a77e1fab4edec4ff894727f,0x612e2daddc89d91409e40f946f9f7cfe422e777e,1,0xe0d1be76a99836f5ac4e0a44eec0650aabde48b2
0x3d162b710a89cda5011c3755c3b27ee720dcc9f8,0x612e2daddc89d91409e40f946f9f7cfe422e777e,1,0x7a0d37964060ba912571fc9d4910e455fd7103dd
0xc55205bb5910597a53c685790bed51a015205a8e,0x000000f20032b9e171844b00ea507e11960bd94a,1,0x7f6513d560ca491d0db95f9be5c4110a21722a2c
0xbc3738c99e4a6a72090205ccdc1598308c8fee32,0x9282c8cc7b9062e38717464fee4643f344924105,0,0x9282c8cc7b9062e38717464fee4643f344924105
0x8746e359a61f0fc0c8f750cf1a07f3129a53edfb,0x2a60a68650b80230f602c839682dcb3544740f57,0,0x2a60a68650b80230f602c839682dcb3544740f57
0xb8c91f1c22430fb5fe391837ef58f2bb986ba6cf,0x009e56e2f4521f93fced5c3e287f066f17ec97f7,0,0x009e56e2f4521f93fced5c3e287f066f17ec97f7
0xb2f0d89ce3ef4eeff73c6a17d315f784c569ddf2,0x612e2daddc89d91409e40f946f9f7cfe422e777e,1,0xac98062cdbb316bf2a796a1ccffbae4698724cd4
0x28bb8c35f23e433cdf96298d921477d9af478b38,0x000000f20032b9e171844b00ea507e11960bd94a,1,0x0db2ee427f0a9d1b7d30993ed19bba402494ecc2
0xfef52780d607fea628a183581e15551d12797bda,0x612e2daddc89d91409e40f946f9f7cfe422e777e,1,0x0fd539470dafc442287a64c557b5dedc99837f99
0x44f7b5bccc79ebfe3b009404a3a661887d0ad463,0x000000f20032b9e171844b00ea507e11960bd94a,1,0x2fa8e0f3b158a692f2c5c1560c9afc1b076c63e0
0x14a5c273958a83199d861b7d1692a1ff48f9848a,0x1eced14e1b84d90522cea575dcf11ec967f2b928,0,0x1eced14e1b84d90522cea575dcf11ec967f2b928
0xc7fac9c48df483fc895e007a7d34a1b212aa7496,0x000000f20032b9e171844b00ea507e11960bd94a,1,0x3075cfb8df09fbe17e59794878361d0d6b1ec56b
0x136d783eb863ab1d9071a18bcd1945047ad9ab64,0x612e2daddc89d91409e40f946f9f7cfe422e777e,1,0x086e502b9b67fef46223f7d8466783ca946b01ba
0x2946c52f507599ac7a755fecaa341968b9b35c8f,0x000000f20032b9e171844b00ea507e11960bd94a,1,0x994a4a91fc6be26285566f1cb901e5039bd2a50b
0x641e529710af1a376e0bb2d13abd2e543e37e77c,0x000000f20032b9e171844b00ea507e11960bd94a,1,0xa381e6e71ca170ab39186b33208895cbfb95d51f
0x0e6cd7303f58c8966ac001ca6b00d4f461ecfe0d,0x000000f20032b9e171844b00ea507e11960bd94a,1,0x17fc13b8a3fc2f5bf711878550dee0929e1248ed
0xe619819bcdb2c3906b2177f86600511f04f1ea0f,0x000000008924d42d98026c656545c3c1fb3ad31c,1,0x18dd90d900e8c890128102d2ea9f8c5c48ddae28
0x53fc26eeb369b8ea51f9f4ddb3de45b96b296471,0xc856a72aefbf85980109233074e50806687cafa6,0,0xc856a72aefbf85980109233074e50806687cafa6
0xff8acce5978a464f77a0b797e6190a4b2c0b3826,0x000000f20032b9e171844b00ea507e11960bd94a,1,0x2f870907ed65c7cc0087fccdc3784390df1a981c
0x9514eb4785bd3587f2f04dfc17d4eac0daf2769b,0x612e2daddc89d91409e40f946f9f7cfe422e777e,1,0xf59ab3a52cbd6d37ad6eab5eb19ba96f8b774076
0x94a670f95fbf5b5bf85bd77609de7b1ba90bd3bc,0x76e58b672fa0387cab6be9e3e42413ed323f967f,0,0x76e58b672fa0387cab6be9e3e42413ed323f967f
0x8cfaf63249e518a9b944f873d1388c9aaf89c596,0x000000f20032b9e171844b00ea507e11960bd94a,1,0x8db620a051227635819121471dd1c5062e482401
0xd6d53fd27fb04ca2591cee94ba93709903c6a94c,0x000000f20032b9e171844b00ea507e11960bd94a,1,0x75622a2d37ba67af0996ad339537d5c5ce2dc031
0x4238883d86e0acd9e130c2d2355e59dee48a0e69,0xbb74d0cb9ab20107668681c58b2899638bb16229,0,0xbb74d0cb9ab20107668681c58b2899638bb16229
0x5120182424e4a2aef32ff5dc3d2d02a7b96af2f9,0xaf7b868b8ac38d9bc0f008dda72a149323d4662a,0,0xaf7b868b8ac38d9bc0f008dda72a149323d4662a
0x5b25cc9e3dbacbd3f8a79d8572c5625bedefeeaa,0x000000f20032b9e171844b00ea507e11960bd94a,1,0x3402407cbb2e5f80e0a1a3373162f7b4d49388bd
0xafe3ec8711f2a3b0872239aecaa0759c47ddc071,0x612e2daddc89d91409e40f946f9f7cfe422e777e,1,0x0a3e4ab69e6e0ce87f984960ec2748486153b767
0xa31600dde45f2fc5c0f13a602790461c31d00bed,0x19478179ef8bb7c4792a4041903080e097d137dd,1,0xf1a715d1b3635af3dc4f300415bc321da187eb6f
0x7408e3858d5206e8251f734426b27f0c7ab2d92f,0x000000f20032b9e171844b00ea507e11960bd94a,1,0x349bc99e2025b97e04f079930c482bd10cab09e4
0x0bdd0a79dd76308fe9e85655eb68e6688b7873c0,0x000000f20032b9e171844b00ea507e11960bd94a,1,0xa568e86091e5245c866d3d87d2e05584e55b7e44
0xf5e383434ac98747d3a5342d35595f222e6d0dec,0x000000008924d42d98026c656545c3c1fb3ad31c,1,0xd8db2ff24abfb6887d4d81eca764dd42e1b5d2c9
0x49e61594a169275fb61473faf1d0c8642f91128f,0x000000f20032b9e171844b00ea507e11960bd94a,1,0x580cb3e4b772a04c77b49a3679285a0c9daf7e7e
0x8cd8471073ee1e0e7f0cb583c47f28855ba5e7c3,0x612e2daddc89d91409e40f946f9f7cfe422e777e,1,0x01d099a37fab7f882d868986c5a12929b326c06e
0x09732ea4c6a532ba7fe6b59920e51866ec9354f4,0xdb76d742488691ce76c1b8bc326fb0c8d397a2f1,0,0xdb76d742488691ce76c1b8bc326fb0c8d397a2f1
0x77cc97c8b260db08417744a6506e8099c1099513,0x76f948e5f13b9a84a81e5681df8682bbf524805e,1,0x6ea2bcb66bae0950bec6bfd492b080dbdbe368c8
0x8832425d42049693e4ecf50e2788e68216465d22,0x000000f20032b9e171844b00ea507e11960bd94a,1,0x414f502511e2b3e15a0b3749123105ab41147ac4
0x9bba0d4c1410588972cabbb675b3b4b089e5fecc,0x612e2daddc89d91409e40f946f9f7cfe422e777e,1,0xdf8671f53db260239e0ab0af114ac85a0f3ef028
0x1443c381825bc9f4ec7834b9f3e995341b82fcf8,0x000000f20032b9e171844b00ea507e11960bd94a,1,0xe599f1ec1592d51eebbd9393c57ab162a308ff88
0xa83edf3d52e930313640df79c4ea2fb2436bf853,0x290db6f5898a4113771be7ea36536507099e4f49,0,0x290db6f5898a4113771be7ea36536507099e4f49
0xbdb83d609579a135a96c71f87a15698116ad7e0b,0x000000f20032b9e171844b00ea507e11960bd94a,1,0x3f18b3f1a98df3695fe17f9429af72f35929545f
0xf3cc74630cee2c1c0ca8cb8eadc958add44d1c15,0x000000f20032b9e171844b00ea507e11960bd94a,1,0x04c17bc9c98c9cdeddfee8204a0153fe65997db7
0x5111ee8de9d6eb77c75e43d8a00db744848b3752,0x000000f20032b9e171844b00ea507e11960bd94a,1,0x96092399aa54e1bf44fc3bb7f14a988e48f3e9bc
0xcd9f5928dca774f3f1f81cc94ec053f2beb52451,0x000000f20032b9e171844b00ea507e11960bd94a,1,0x8cd006e73daca809a8942eabf4742da6b15005d9
0xe341ed79a7434f8cf4e028d8a73e967ba5077cb4,0x000000f20032b9e171844b00ea507e11960bd94a,1,0x9f70bcc206484d3983928fc169f97b378e2a9c63
0x4677f2c1b33c7494c7f02fe0c88705a7805bfcf2,0x000000f20032b9e171844b00ea507e11960bd94a,1,0xe60ea8b44488c1c4a83fc688c595d2667ce6bcc0
0x0fd61fea93d1c3846f41836102e4d57dab978e48,0x000000f20032b9e171844b00ea507e11960bd94a,1,0x79b7433f25cfea3485a7cd99a352fd6eb0741eb3
0x70a97248a07588fba8449a6624cfecc53ca685e5,0x000000f20032b9e171844b00ea507e11960bd94a,1,0xd9313d7944a097b6a9e3de31860e717378452923
0xd967eb1da7eee8c62d892afb78db09bdd277dc75,0x000000f20032b9e171844b00ea507e11960bd94a,1,0x65d8817745c4a5bc8e69602cc90a626df8b09332
0x17dd5621cc4228b071611137125e0930477a21c6,0x000000f20032b9e171844b00ea507e11960bd94a,1,0x0da8d14858c61a26c66280be85a0a18dbf6c47f2
0x2a8ad162f462ea1c607d41cf6f4bbd5e0ab8215e,0x000000f20032b9e171844b00ea507e11960bd94a,1,0x89aa1daa5e6e3788c8d45367567fda60503d32b8
0x28e3936484c87e6e05d31b62521cb41ad9de6612,0xec2fdd0bf73019decb3fc6dc448dbf83e4161716,0,0xec2fdd0bf73019decb3fc6dc448dbf83e4161716
0x12dc17440614af3571446ad7a503b909c8a5534e,0x681fb766860effe8f220a846b207dd5f73fd8319,0,0x681fb766860effe8f220a846b207dd5f73fd8319
0xee6d665b96fc05c1c8ca868eb6946fe7f62f14fc,0x29d7e1da8daca7a9d1edaec80255bbaf0eef594a,0,0x29d7e1da8daca7a9d1edaec80255bbaf0eef594a
0xf34a1c81d9fba84c333356668a47dac737c06673,0xff6f84ce85166396d1402d14721ac350634a5d4b,0,0xff6f84ce85166396d1402d14721ac350634a5d4b
0x5a02c4dcb547a4b16f0c3b34c1f07051213edcfc,0x000000f20032b9e171844b00ea507e11960bd94a,1,0x1b54c397aaf6654b546443ad5f0f29520101dc39
0xac414e26790715c799ea49ed98799bb45b156636,0xda5bfe0bd4443d63833c8f4e3284357299eae6bc,1,0xfc54f191df3702184ba62277c3b4281a355883dd
0x02dac62fcfc3211b8c35b9ca82976dc50850e108,0x000000f20032b9e171844b00ea507e11960bd94a,1,0x1a6e763fcf136a64b112118cbc8c9c5f77ed00c6
0xfb7e21e5ee19c4924cc1d9ca167fb2ee34d6033e,0x612e2daddc89d91409e40f946f9f7cfe422e777e,1,0x241a3446de14e89d0dcfb05cb2f7377346f0ba5c
0xddefa94538049cc13acd9f0fc15512d3f1d420a1,0x000000f20032b9e171844b00ea507e11960bd94a,1,0x96574d3aae8bc39f3311c94073146fe70f78725f
0x55ab76516d050dac8a08c2a7b7a68f2141cd139d,0x000000f20032b9e171844b00ea507e11960bd94a,1,0x8ce2a598c8ef4229c6f3f2447186d53d6a5bc299
0x47583bad9d6612c5f775f76d97fde86021b1c6f1,0x000000008924d42d98026c656545c3c1fb3ad31c,1,0xc3d909683270f33842dd8f566f8f960ca219875d
0x820af7b253cdbc5c94c08a855b2f31e537fca96b,0x000000f20032b9e171844b00ea507e11960bd94a,1,0x87cc68a5ba1cae02c75a5c4269b13db27de6e32b
0x09f00d7ac309ab159cc9ac22e822fd669e24d3cf,0xa6c5f2de915240270dac655152c3f6a91748cb85,1,0x22d8d269a083ead12e8d7f8fb9add8a38b5f4134
0xf724615173c01b8f66faa2fdf04a4bb15c02f628,0x000000f20032b9e171844b00ea507e11960bd94a,1,0x82e0a320722dfbe61c9840670b0ac0cf96e8d9c4
0x8866ec527deea5e1089475d467c4887e171a3170,0x612e2daddc89d91409e40f946f9f7cfe422e777e,1,0xfe1de65235e182c66d944aa253ce5df87f2425d4
0xbb54c46c212df9b1ee5eeee362d7f98178fa9493,0x000000f20032b9e171844b00ea507e11960bd94a,1,0x84aba75f1c5b53cf925e3d62b0bbc560bd46f411
0x08bf5ff3a1d168643f52de74f5b9f785527cfeab,0x757f87fec044860191ac135362d300c06b9f6238,0,0x757f87fec044860191ac135362d300c06b9f6238
0xc793c3e907c8ae97336306df4295ed1ed2d2f2b2,0x7f4ac1d9e06f95be2d8bc124e6879bcc9bb3cb96,0,0x7f4ac1d9e06f95be2d8bc124e6879bcc9bb3cb96
0xf2f43082778dd9161e2895692023a8b83e73b5e9,0x2c325156416cc7b701151dafb6d4c0bdf0d398f0,1,0x536403976c1cc6ae962299cff6d5d6f74d4793da
0xa75809829b4c2929f667489bc289039ffcbba233,0x612e2daddc89d91409e40f946f9f7cfe422e777e,1,0xf76fab1ae21b832858dcf86dd93d0773b84b1cb3
0x669df268af01de25b3b34c93e68320208c55b0aa,0x8d1fa935e5e8a5440c9efc96c0d9ff387ebb179b,1,0x56c6fdb88f594a9ec681f2c7579894d738bb4a3b
0x16ebd53a004e695ab3c8c2ef82d5753144958f5c,0x000000f20032b9e171844b00ea507e11960bd94a,1,0x2db7e2d8e247b520a99b93a26364f1f3c8f85abd
0x745d684b282784b0be921496826eebeb227dcd44,0x000000008924d42d98026c656545c3c1fb3ad31c,1,0x2ed502a704f3590b9eaa59ca1e88a6b457dd577c
0xb6cf8d8417eb0c89bd542ab6a24cc2adc57e5a85,0x000000f20032b9e171844b00ea507e11960bd94a,1,0xd78ed30b142f65110249ec746be981bf9958e5e7
0x5fcabd9e7e4442524f1849269369e578038b789d,0x000000008924d42d98026c656545c3c1fb3ad31c,1,0x79724eb864f97092b9e36c0fd14e41e6239bef64
0xbfa19855845147fc0ac65e2cad7e42aa708d7867,0x000000f20032b9e171844b00ea507e11960bd94a,1,0xfaabb182824f38875be4d7b91326ad8737a1a8fe
0xbfded076d174c860fcdb94adaa6d67596aab7655,0x612e2daddc89d91409e40f946f9f7cfe422e777e,1,0x205b4e6fc29d845014b2b65b0a79df705e77925e
0x85b4fe88b425d3e1d42d9b28072cfdf99e681e86,0x000000f20032b9e171844b00ea507e11960bd94a,1,0xf1408d9159a98e26494bde3f5411343b7ff73ee6
0x32cea5c4a401781de2afb02dd8a60ba5a493a5fe,0x000000f20032b9e171844b00ea507e11960bd94a,1,0x94c1976513baa9eb39489862e4850a6a3e0715cd
0x2d747b605c778eee05bda2d4e6cf736cd99b3463,0x000000f20032b9e171844b00ea507e11960bd94a,1,0x6880ae4a563543aebd131466b3cb482e245c50dc
0xbdd2d874399e272b4960358a50384cf4b58ca12d,0x612e2daddc89d91409e40f946f9f7cfe422e777e,1,0xf0c7401fb586b44d450ccf3279668173470c9c1e
0xaf0c95620c72d4697557f662dff55d574ae9fb96,0x612e2daddc89d91409e40f946f9f7cfe422e777e,1,0xe04c4caf77d348301c994fe5502b9ad2907be3ba
0x57a8d4c44c7d7e8a2f30fe1753bf1b684ac8a400,0x612e2daddc89d91409e40f946f9f7cfe422e777e,1,0x46d80a9845a1259822205f69c279d40dd4163986
0x7998f108a544785c9c6d7fe1b9a3a18b5056af3a,0x000000f20032b9e171844b00ea507e11960bd94a,1,0xaed9a34de994b20d16f76c110c2f0f4bad7e0cf1
0x91cab38621fcf5c9d21a0d27f2e24208917ff91c,0x612e2daddc89d91409e40f946f9f7cfe422e777e,1,0x32f0a2400a61076c53dcee69a29101b09f206135
0xda249548a84ef43545795779525328ab8d0d0ae8,0x8d1fa935e5e8a5440c9efc96c0d9ff387ebb179b,1,0x99b91481458997dd367ce53a04909985e231a13b
0x6f2d89ffa778bd5421842b640c90314adb08c2d2,0xc3863bc47fb3889c1b361afa3e83de5b2d389468,0,0xc3863bc47fb3889c1b361afa3e83de5b2d389468
0x0f2f7eba0c8c3c182e34b91ca0bbeb8cfd68f9a0,0x612e2daddc89d91409e40f946f9f7cfe422e777e,1,0xf30ab785b9aeee8c1002398f3c652bbbae8bf042
0x566a3d7bb0383dede440056447e41af74006f126,0x000000f20032b9e171844b00ea507e11960bd94a,1,0x9aa150d72b1826f1e65ccfdee95da91125ed5f88
0x9496c3a4d3dcdc262fcc5be79da83a2d7c3c929e,0x3716b820038954f4c3d8d4d65a40d0e8b741052c,0,0x3716b820038954f4c3d8d4d65a40d0e8b741052c
0x36e22638f2e671b92506fb9d25395f2297c8fbda,0x33e808d5378c71fc038b54eb61809712049ea903,0,0x33e808d5378c71fc038b54eb61809712049ea903
0x220fe23de616ab0d9f7b28e45d90d25c0f5a8f08,0x000000f20032b9e171844b00ea507e11960bd94a,1,0x7843862d114e579d29d60124690ab6e11b22e4a6
0x5647883630f4352a071143e7f98f11ce82a4db86,0x612e2daddc89d91409e40f946f9f7cfe422e777e,1,0x2df03775b120a966a9dc78d6c0262e20ed9697f0
0x20208624832547aa65c4707213bd204d31d7888c,0x000000f20032b9e171844b00ea507e11960bd94a,1,0xc899e46df1f1dd49e3dffa88f42b5505345219f2
0x6835d763e8ff81d0ede856c6944dd8fd054e7ecc,0x7354936bc7a72c8baf5a2f9262e70a52c427be4a,1,0x0f3a5c1e2257e4ada9cc2eb5fc17696825e01049
0xbd36330c3a32867169a0fc05d80a01320ad4b94e,0x000000f20032b9e171844b00ea507e11960bd94a,1,0xb6c13548e11a5adfc0b6904228e939d6384bdd16
0xd6fccfea5aa61a3e5ae9e21fd384e07c297b4f22,0x000000f20032b9e171844b00ea507e11960bd94a,1,0x2c92b099143ce3c5c159cc0f9f90a3224ea7eb22
0xb45de96752ca6e0fa32fb5961fe5f31568617a8b,0x000000f20032b9e171844b00ea507e11960bd94a,1,0x03d7355b908a7c55ed49d5dd5bd949c45e982387
0x01d2b4e6760999de5084e23d7474c5422c060f4b,0x000000f20032b9e171844b00ea507e11960bd94a,1,0x0de536c7b130657b8c1ff4e12d4917d1c3771443
0xde24741d19de6d615fa01d61ffc1a2d8dd48aa0b,0x6b88ccacf59e2bd4df9481c0c90d89936c9ad021,0,0x6b88ccacf59e2bd4df9481c0c90d89936c9ad021
0x785897b3a83af2acf41861db7807e710fb4ca623,0x000000f20032b9e171844b00ea507e11960bd94a,1,0x6e0062da95e3181f8564d387879528c759010acd
0x14dd381b27490a5ccc850102050e222330d9fde2,0x000000f20032b9e171844b00ea507e11960bd94a,1,0xd8295823ff352870bcd35d4d68adcc8033b27072
0x27219959a0bf37e76c2898da0ad970a0e9575e90,0x000000f20032b9e171844b00ea507e11960bd94a,1,0x83a5719ac016dfa0f4c3e9ce8d521b4f1e3c2bc3
0x2c50d9d468f391546a26928b9a0006f8b598138d,0x000000f20032b9e171844b00ea507e11960bd94a,1,0xfea6b595daebd62df933d85d56796e50892b4ba7
0x0e03a6a045c66bad549e8c2fc75c43d8950ed429,0x612e2daddc89d91409e40f946f9f7cfe422e777e,1,0xfc21a9a95700bfb40a623244382202079ad1c931
0x380e9ffd0f36619ab523839be2ecb044cba5ed02,0x000000f20032b9e171844b00ea507e11960bd94a,1,0x7d0b1a264a4bdb19ac53827ed631316ba43a007a
0x6df2afd94d201f92f566753630d19390e84d7d9b,0x000000f20032b9e171844b00ea507e11960bd94a,1,0xa1e6876a98f77b76ebaa81e62d33aeda8aba298b
0x7a0be6a670324b4b6e5a9d9be5134a3048e955fe,0x000000f20032b9e171844b00ea507e11960bd94a,1,0x3f3a59fdb7456a2b9130c661b96cba419b2a1c12
0xa9bafef591a4b5c4815388e373c4bf47c2d05a5d,0x0000000000003d61b3d0a96b70b9c9006947759c,1,0x974f2bfa4df68a3acde38e1b28b8804a865f01a1
0xb80b973a2cd524c66121538248e37c7d63b66038,0x000000f20032b9e171844b00ea507e11960bd94a,1,0x3aef7ea8c2f473ac57942a78d953a9ddf8760561
0xa4aba2b0b0147c583dccba774830e999648f68ec,0x000000f20032b9e171844b00ea507e11960bd94a,1,0xefbeca36ce10169f0932d72aa5647847937c5681
0x2cc9ea29dd05de6e7d14745e03656094ec553029,0x000000f20032b9e171844b00ea507e11960bd94a,1,0x646cebe8565d27ee6887c30beef859ace3f5033d
0x6e6eb4506d531b695506a71f918eda71dff53ee5,0x0f45c1d3275abbd94dfd79dde8e29990ab539c81,0,0x0f45c1d3275abbd94dfd79dde8e29990ab539c81
0x0c78641c67fe50a344725c67151d49c6aecc5d10,0x000000008924d42d98026c656545c3c1fb3ad31c,1,0xe7c4b95065d915815396e05f6bb2e8fb6555df19
0x5b4ac73ef6a24783d152618f21b13eeae8b4ea1c,0x612e2daddc89d91409e40f946f9f7cfe422e777e,1,0x65c289f9d764d455bddf68f844e663450d0f8af0
0x847eb1d2145a2103a04aa70141175d8d17618dca,0x000000f20032b9e171844b00ea507e11960bd94a,1,0x889ff8f689d67c87461dea0a203e7455dbf643cc
0xd472cb685a9648268b725d2809e45c753597e1c4,0x000000f20032b9e171844b00ea507e11960bd94a,1,0xfa38979da4922761ea8fb71f9130731e6d5f8726
0x9383c3e2aa950e2bcd2e763aaf4a2ec0ac333283,0x000000f20032b9e171844b00ea507e11960bd94a,1,0xb01e241418c84135eeaa8f1e45df9e90d4330d6d
0xaf8e646a492b4bbfd39824d8a7938392f499205f,0x92c159895901439caa212997d505083a2fe88885,1,0x57bfc58a65e7017288a17eeca3f176c60831d9fe
0xe83bdd55095c428e3462651b578fd01c2c2b1bd4,0x450132252290b589e4d3059b8fb6f2f8cccaaa28,0,0x450132252290b589e4d3059b8fb6f2f8cccaaa28
0x365082a5d163f917d2d429190da6dcd2bd6c0b05,0x000000f20032b9e171844b00ea507e11960bd94a,1,0xc6e3a823719382bce7e3c4ae1486d3ae6da58e54
0xa6b81b8d0501cef0de3f11d6fafe4d9c44d03f1b,0x000000f20032b9e171844b00ea507e11960bd94a,1,0x1292f9278c5d6d3d05dfdfb86368ff4f2756b29f
0x3fa17801c6c8d9ad5697fc723f56f07177633b50,0xc5b3f7687de1c1fa622faf575c6a9d2634dffc6c,0,0xc5b3f7687de1c1fa622faf575c6a9d2634dffc6c
0xd0d7d189be2c608e9b98acb48180895f0391f4b9,0x76f948e5f13b9a84a81e5681df8682bbf524805e,1,0x40f0bbacf366b018755edcd6c5ad554cfabd065f
0xe4d44462fcb15b13318d1dec94fb5f19c3b83e4a,0x000000f20032b9e171844b00ea507e11960bd94a,1,0x4399eb695b2d936524c0993dff0bfe368b64a88e
0xcadc1c09b36987ef68b7bce6652bbfaf7ada6211,0x612e2daddc89d91409e40f946f9f7cfe422e777e,1,0xbe14ac38666db483ac199f484a5e62168a42639f
0x4bd5aef073c32a8120c2813922e9ac5114993e90,0x76f948e5f13b9a84a81e5681df8682bbf524805e,1,0x0df8cacd202c302a809c1705a13d3659d8dbc5ae
0xac0caa039bb76efbf738fff4e64d09eb249c7db5,0x000000f20032b9e171844b00ea507e11960bd94a,1,0x517dbeb20b547faa327ed09bd011e2115c18b679
0x08a45a7f4c45ef5b5a7d4dcf261e38cb00db7a89,0x861198a87ca988d6b9d628047c3a84e6c1bed877,0,0x861198a87ca988d6b9d628047c3a84e6c1bed877
0x2e8285a3625cb2d5fef472dbc7d779246d61b523,0x33e808d5378c71fc038b54eb61809712049ea903,0,0x33e808d5378c71fc038b54eb61809712049ea903
0x7f67b1a56d1962f6181a2c5b412f440cf392231d,0x000000f20032b9e171844b00ea507e11960bd94a,1,0x9a9899bac3742965b671ae914e3f02cbae23902e
0x5a60b1bf232a96d1655e218f79cca1db7ca4d6d2,0xb5daecced1450c6314e511d912f80457dfba75b4,0,0xb5daecced1450c6314e511d912f80457dfba75b4
0x7d9be285e913bdddab72e9f9320285e4602380ec,0x000000f20032b9e171844b00ea507e11960bd94a,1,0x73f29890f9ba364994fb094a0b10fc54ffab5e14
0x40624a898da9bf6bdbc0be0cf49e38f3c3fd2238,0x000000f20032b9e171844b00ea507e11960bd94a,1,0x73f29890f9ba364994fb094a0b10fc54ffab5e14
0xee337610bb746f5f164399aed26201eed97937d8,0x000000f20032b9e171844b00ea507e11960bd94a,1,0x9be4b604babb6834bf39d1ae2b053e161faeaf7f
0x115e40a1f61b83286d962a5b48c8fb2cf52c9b73,0xd647e5c950ce92439c726d2fdbc5986203db9ec2,0,0xd647e5c950ce92439c726d2fdbc5986203db9ec2
0xe85882ea2c2e6b837924f7a20643cd1e7065dc94,0xa6c5f2de915240270dac655152c3f6a91748cb85,1,0x569f3c5e1b96d38a086d27ef2b2c19ab58dc6c37
0x7f5db0c6a031046ae566cd86ea3af1f9c189780c,0x000000f20032b9e171844b00ea507e11960bd94a,1,0xee4abd1ec731628592fac8d07a2b137ca3539728
0xfd28399bdbf75fa190832302d35a36db1dd3bd87,0x76f948e5f13b9a84a81e5681df8682bbf524805e,1,0xa646d4ade748b1b06f5cae56c16f8aa94ff12a60
0x7974c7a655f143c89ab8053663c23378cd0f5478,0x000000f20032b9e171844b00ea507e11960bd94a,1,0x1e8406c414ab1dae7dd8bc3ec67846471aec01f1
0xf0c5dd4519ea12706e08d5c980af885a2f9aaccd,0x000000008924d42d98026c656545c3c1fb3ad31c,1,0xf58ca122b406f47e5c860a1f45dac1b118b478cf
0x769d8e5f869901b49458303f255ec5887e739974,0x612e2daddc89d91409e40f946f9f7cfe422e777e,1,0x695684881d525b241e4624be6d2dd4b43e857269
0xdee0f3981881bde8818361ec6ae92085a93b6c4a,0x9bcd78ae10965c28ed1d60f1963ad55f245bd353,0,0x9bcd78ae10965c28ed1d60f1963ad55f245bd353
0x0ba875bb1c779e23572ee606272ad68ba45e8d7c,0x000000f20032b9e171844b00ea507e11960bd94a,1,0xa47a16ed4ea791d80c4638e27a18d6b45c388a0d
0xb9427cc34ef1b09119aad3309dd41c7be4022440,0x000000f20032b9e171844b00ea507e11960bd94a,1,0x112f61c8ff9f6cf383753daacd589e189dce13f0
0x3377988c38816183ea2fa37c2f52b7a6999b533c,0x000000f20032b9e171844b00ea507e11960bd94a,1,0xf9f49f9bab128b839523e4cc4eea847c098d22e4
0x00e9bb52ceb55e4d5f859099c75efed4f4bf17b3,0x000000f20032b9e171844b00ea507e11960bd94a,1,0x5d334bf43442eb168ff04b6b694f9706bb47fd59
0x07caa9fdfbcae6b100954abe449fcdda14404d43,0x650b0e3864afa96877a2493b495fe2436f725adb,0,0x650b0e3864afa96877a2493b495fe2436f725adb
0x63465c121a1ad74b5c4ebc1fe4b2818b897a2035,0x1b3e88c970d91f218162d4a6d457b69f8fd4c908,0,0x1b3e88c970d91f218162d4a6d457b69f8fd4c908
0xeef4bcb65eaa7349148c22d83f2d869e4a951636,0x612e2daddc89d91409e40f946f9f7cfe422e777e,1,0x3efa4420bc8c1ddadaf7f0449d8f78513a08f9e7
0x9df283c4547ec772a2426106c653c64f2f81a561,0xea968e6ac95a95c68bf66decc803a1b2848cdc4a,1,0x59be5c674cea55ef63c13c5bdef3f4a322abaa0a
0xef2e66f635c0cdc780bcd063192aaf54eb5c9e55,0x000000f20032b9e171844b00ea507e11960bd94a,1,0x0a39806a9f8f4c6a38e0405f09215d4a0ae69c37
0x81bb9afea37fdc6982ba4e480ca43c4b36e41de6,0x000000f20032b9e171844b00ea507e11960bd94a,1,0x361fe9fddad2e885cb4e0f7aee2a55c94c7b25ce
0x022ab50b8138c0434111ede71c9f73a3cf014f54,0x612e2daddc89d91409e40f946f9f7cfe422e777e,1,0x2a40e8eb5ce03cc5327f8326040781cdb8e36b16
0x2533abb1c5e4ba1f8c89497aadc1298a6749abb3,0x000000f20032b9e171844b00ea507e11960bd94a,1,0x90ce227011772631c3c45be57734e8aa8293158f
0x1a05fe9a73baa857e06f59dba650fab7511567ee,0x000000f20032b9e171844b00ea507e11960bd94a,1,0x26d952b705274e3272651ae1d205ab2582526a7e
0xab6827d33e47d9f79786626dba7f0418579d2926,0x612e2daddc89d91409e40f946f9f7cfe422e777e,1,0x2cdf29acab05c32bac993b83bbb2ceb2324a3630
0x158e30c1567b1c71d8eb42761b5d34fada64d921,0x000000f20032b9e171844b00ea507e11960bd94a,1,0xfadf52a2571d4126260a3f2934d6049962578111
0x355aececb85fc3632d94e3bf1b0dbe0fe1f1919d,0x612e2daddc89d91409e40f946f9f7cfe422e777e,1,0x4931472932422e50659baa4a93a28e212bbc26be
0xba4af8911033959ea9da593e5ab25768c870cbcd,0x866e4bc104a24cd0dfd8ae8f533e852b2b3fc8ce,0,0x866e4bc104a24cd0dfd8ae8f533e852b2b3fc8ce
0x6416ffb588c20b59f7afa94ae2cac78150e26285,0x000000f20032b9e171844b00ea507e11960bd94a,1,0x1fac625e04c16efe5b6b68036e3594f6e4df5b91
0x44264f3595bebcbbe2c8f88217e29d50acb8e890,0x000000f20032b9e171844b00ea507e11960bd94a,1,0x38c9ad99938e965091c4cfde7013430ba36170d4
0x10da086e1fa345d4324e3a36729bc6f699f7b2b0,0x000000f20032b9e171844b00ea507e11960bd94a,1,0x65b8af0dcb76ecbb7be27cba7e2498414f027a20
0xff5df05fade5d42a17e4855f0cf15712ccc137da,0x612e2daddc89d91409e40f946f9f7cfe422e777e,1,0xca0d150ab2d7e0f9a7687fc2163c498f41e30708
0x81827e8b92b77fdb3968c55ecdfe9eb1c73837d8,0x5a29185e3ab0c31dffb3cb965fe2ca365e5b711f,0,0x5a29185e3ab0c31dffb3cb965fe2ca365e5b711f
0xbf8fed1b0d14d8e4c34aee2c0aec050117319114,0x000000f20032b9e171844b00ea507e11960bd94a,1,0x9126335fea7917bf4627aac512eef2cd58cf2fdd
0x03b7fbf2bc824bec72f4a3c517c62586efd82eea,0x72b50dd900e56f118c56a2f0d4d56fdb9e5845bc,0,0x72b50dd900e56f118c56a2f0d4d56fdb9e5845bc
0x2ea42b521bcca32e403e1ddaf600f38c10c185bc,0x612e2daddc89d91409e40f946f9f7cfe422e777e,1,0x9c53620f6f59d85340bf4177f48e7bab04f28ae8
0x2844bf9036b857352e3e5448ac9298de811fedb1,0x87a868edae8ac4f8d05370fa35e60a405fecdccd,0,0x87a868edae8ac4f8d05370fa35e60a405fecdccd
0x99b5c136dacdefe863dfb2114c7ce222b752165d,0x000000f20032b9e171844b00ea507e11960bd94a,1,0x0ea11b2a6155cae2a829643f2d8533d82c1a7c91
0xb2db4ff5f196c19d425dd13385902c5fc96fe093,0x000000f20032b9e171844b00ea507e11960bd94a,1,0x159c74e9e81e1ad08baa1b254980e15644e589a8
0xfa3365a5172d2a8a58c92f35a3c99e4bf9974eb5,0x000000f20032b9e171844b00ea507e11960bd94a,1,0xd144f423172d3ed9a79c65afa7c6ad299589d79e
0x6fe780a27b3716b1585302c46988c361d60676d9,0x000000008924d42d98026c656545c3c1fb3ad31c,1,0x1c054f0e90ed735c98607b3a0444c5135126ad90
0xc6642e43e8a1dc169636e0c586645ea970b943dd,0x442295de8a31d65026dbc09c29d469f6854f188a,1,0xfaf60e584b4137d902622198449d91cee90ba24d
0x2fae46f750083efc31e6c987a7e8b8a1ae86469c,0xda5bfe0bd4443d63833c8f4e3284357299eae6bc,1,0x9f1fddfa405520933c0cd8405e9dfc563db068aa
0x562074cc777c8c4141559d7fa59b55ea54180ce0,0x000000f20032b9e171844b00ea507e11960bd94a,1,0xc4ad5eba9ea8967d75556ea9ab882ec751c07eae
0xbf80fe08d588795b63e95debd95adee00bd3732d,0xae772cee0bdaa6d22591e36869c4e838a98510e1,0,0xae772cee0bdaa6d22591e36869c4e838a98510e1
0x06dd2075f3ea2e1d81e6414fe2177b1faac096d1,0x000000f20032b9e171844b00ea507e11960bd94a,1,0x84b59c27595afd09de894665f1683d3ee540ffae
0x5f78b6dac7bc0e318d63cbd3428e0592007bf320,0x000000f20032b9e171844b00ea507e11960bd94a,1,0x264f24ca95eda2f122aef21668ac0d9d167c7a81
0x7544a18b740e36baa1dd5b00839addf635d718af,0x75ef2eff7b12f5f900ef5c787036deab18423d1a,0,0x75ef2eff7b12f5f900ef5c787036deab18423d1a
0x90d792a8c290347a3c8db58b32bb06c4ccb23bd3,0x000000008924d42d98026c656545c3c1fb3ad31c,1,0x5de7a5f5086276f6189f0a4baaf11a32a2931290
0x69938a5b7bd93c69369c33e473b72579c784ae7d,0x000000f20032b9e171844b00ea507e11960bd94a,1,0xd291ab53994aa8ac9b3c0b5686c87156c1279a3b
0xb4105d0b5283e0a30bb13bcc940590bcbeec0a51,0x612e2daddc89d91409e40f946f9f7cfe422e777e,1,0x2f7691672396dd084965a105a010f0dae8ad6a1c
0xad635545170ee1bcfe4318a361a34338ed5af038,0x81845ec7df4fa5776998053457b8c4fb1e60cf84,0,0x81845ec7df4fa5776998053457b8c4fb1e60cf84
0xfa4c69c13a3e73ceca3259eff71c900e8f99694e,0x000000f20032b9e171844b00ea507e11960bd94a,1,0xdf35848a3d3623a53c4f17441bac12a454f2916f
0xef430f0f128ea221dfafebea86a62f30ee38a521,0x3f3e0ae1e444dfbf92f48deb49f4f3c00bc0ef4b,0,0x3f3e0ae1e444dfbf92f48deb49f4f3c00bc0ef4b
0x7f4c7594f95badfb82a99257cd03f5c7b7fe5ab1,0x442295de8a31d65026dbc09c29d469f6854f188a,1,0x329f3a45a09566c1118d10260bdadff901a0702e
0x442032825e21a5aa98d25f44ade8d3819db3e8ac,0x000000f20032b9e171844b00ea507e11960bd94a,1,0xb9c248bdf1760cf48aadb54beb749bb769ea06d6
0xdb412f26018363134c58dc9536f2f5705ce9bc06,0x000000f20032b9e171844b00ea507e11960bd94a,1,0xdef2972da5eed9473dd08e9bf4e51b9f520e98a7
0x1b3ad68cf98fe78261e3bc176933b0e2225feece,0x000000f20032b9e171844b00ea507e11960bd94a,1,0xf6bbd9a6c0e303dccdf7b5f1c11662b71d8bcf0d
0x31dfe64287042bcf154f0b5c63b48b41ddc8d8cf,0x000000002c93cad6f9cfd00c603aef62458d8a48,1,0x26bddf3e3a83cf3b7f9eff859908fd122cda9df8
0xc771aa9f1c8d83d185498b03dae3053256cf5b90,0x7354936bc7a72c8baf5a2f9262e70a52c427be4a,1,0xf90953bed4bb2031f8a575204851086fc96fbff2
0x895b27c029a158dbd79980c68e28969464e23102,0x000000f20032b9e171844b00ea507e11960bd94a,1,0xfaabb182824f38875be4d7b91326ad8737a1a8fe
0xb8ee52c1761beb09ecd5898e9847e1a0d928e62a,0x4fa73b23969fafa080aae9c9bef2875809c29f95,0,0x4fa73b23969fafa080aae9c9bef2875809c29f95
0xcc8370a44656a452057c195ffd8bd03e22c28210,0x000000f20032b9e171844b00ea507e11960bd94a,1,0x22a3ec7640fb4065144bb6d816ad113c8b8f4577
0x861f84b2d9428afb6a9971243596ad0bfb2de3d4,0x000000f20032b9e171844b00ea507e11960bd94a,1,0x85ad501905c5e1236c78d039a4ba6528c4640abd
0xd251b899b29f5fa6ca19745f4f4c92496bf160f3,0x8d1fa935e5e8a5440c9efc96c0d9ff387ebb179b,1,0x4011877fa820308db7b1a0c1e715416a0d4b8674
0x8fc413a688e1e55da34bae442d6f13c508df9cfa,0xef7375a0ef02e476e73ada64c1218b49b9f8e7d3,0,0xef7375a0ef02e476e73ada64c1218b49b9f8e7d3
0x281db4c4f250bde9a27dc66f461d2d02eadf9077,0xb7890f355a800b8bd504c4612ea38b0a04d30907,0,0xb7890f355a800b8bd504c4612ea38b0a04d30907
0x8ae1c0a26972aeb6c14689e5518e146a544cb737,0x21b5220f7647c3afc4cbfe0f6abccaa71cf7be4f,0,0x21b5220f7647c3afc4cbfe0f6abccaa71cf7be4f
0xa13aba387362cd68e2cbb3985dce3de644017eb7,0x8695afa559b1ef3cef0cbc511e8bda4d5f91aad0,0,0x8695afa559b1ef3cef0cbc511e8bda4d5f91aad0
0x6f22df8137af6f8e95c5953c588fc194963bbf43,0x000000f20032b9e171844b00ea507e11960bd94a,1,0xfc49896334097ee780b26929605a08f8b87d7b20
0x9fa970be1fbb738a81e29a433d420955c6084134,0x000000f20032b9e171844b00ea507e11960bd94a,1,0xaa1fcfe5afca2cc3c432167f555c3946ed6ce4c2
0xf8481e7faed8be86524fa33eecbcc6a010b6302a,0x612e2daddc89d91409e40f946f9f7cfe422e777e,1,0x49e8ac774554a1066b3eeacb2acd4c972381a276
0x9b561481659b58cd33328b0089dddb621959d027,0x000000f20032b9e171844b00ea507e11960bd94a,1,0xe866880d62153cdcc9260a78de8b0b95e20dbf90
0x945a349857ee1ab566f302c2587173e98bbcdfc4,0x7354936bc7a72c8baf5a2f9262e70a52c427be4a,1,0x987a76e65b8e47174a4709d6a30c74d756a20436
0xc87df1f6160af512fb80cb5abe9def2f8ef2c892,0x60877a6603f39a4a9078d80952fcf8b90d8fe779,0,0x60877a6603f39a4a9078d80952fcf8b90d8fe779
0x0c20dcb801ed4c401bdebde473a227cef423463b,0x76f948e5f13b9a84a81e5681df8682bbf524805e,1,0x9b2e6dfcb85237eeaac4a95968b616485ee53d8e
0x22dab4e6806b85de49a14b6846f3b4f2ac666421,0x000000f20032b9e171844b00ea507e11960bd94a,1,0x1f1d7bec6b057e619d058af252f1d941024e2556
0x95107217e10570afa26d3061d9db2c93fdd71981,0x4b7a8ce7d004c5c68207f355f6a838c941ff6b96,1,0xa661d6dea6a241309784c9f4683224be57a498ba
0xffead7999e8c67edb98617d32bd2bb774e2cd899,0x612e2daddc89d91409e40f946f9f7cfe422e777e,1,0x00f8c499b8979e8470ed5a21c5c632e4c4097ab9
0x0ca92f42c88ec1647e12f867fec3de223a5f8024,0x612e2daddc89d91409e40f946f9f7cfe422e777e,1,0x0f45c1d3275abbd94dfd79dde8e29990ab539c81
0xe4b77940145691fdd764cc3037df85d01d673bb7,0x000000f20032b9e171844b00ea507e11960bd94a,1,0xae98e27b440e37cc0ef276d660b822f407754235
0x8b25eafd8b9ae54472ab31fef03c18c0693c67ee,0x612e2daddc89d91409e40f946f9f7cfe422e777e,1,0xf1efdae403754486ad8613faa5b42b8bcb0bdf26
0x15288862dff2a4ff9f2413ee4fb906c6fc3fe636,0x0000000000aec84f5bfc2af15eafb943bf4e3522,1,0x0ffbda80b9ca21c40b58974c5e61d1cd185880f7
0xd384d2fc232b3a46806ff46036c847d2463b7718,0x000000f20032b9e171844b00ea507e11960bd94a,1,0x89132f5675106e9fbfb25b9ac50cf06cae4b6814
0x583196ec9bf65a2fa68548bbf16d65a7fcbf69ec,0x000000008924d42d98026c656545c3c1fb3ad31c,1,0x751eb2848debbfb80545c9ea56ac458a9956dde7
0x51415bc5f7add59898b07bd128959b2855000e57,0xbf0c9dce270877663016f63efc5b2de1abd5be6e,0,0xbf0c9dce270877663016f63efc5b2de1abd5be6e
0x4cfe32b3a07c6585acd71c776de596203d8745fa,0x000000f20032b9e171844b00ea507e11960bd94a,1,0xc20d8df1ad0283fffe7b09f3898d8337b9e8f166
0x3a7d78032e3ab196da192cca88f98ba49854d1b8,0x612e2daddc89d91409e40f946f9f7cfe422e777e,1,0x92b8d68eb695102418e9cac30a0c07cb1c955927
0x84e136221b01600a020fc24201144c7838546188,0x612e2daddc89d91409e40f946f9f7cfe422e777e,1,0x4d99dfd7188f47946222c159dd00844100605f52
0xddec0a6b890e718bddaaf47e5b90767cdbcfe69c,0x000000f20032b9e171844b00ea507e11960bd94a,1,0x878f9e37284dd10bbfb8aecc0bcacbeda9203517
0xa5b73803c3d910dcdaec081cc24a72c287224ab7,0x000000f20032b9e171844b00ea507e11960bd94a,1,0x5842d7d34a98655fe0293b1f8f23cba12ce2eba6
0xb9b4d8de6b7b9cd4a61cd0cc632f40e7bc4cf1ff,0x553001415590223eaa5ef71da3e137ac7efdf1e9,0,0x553001415590223eaa5ef71da3e137ac7efdf1e9
0xc59b4af47f0236b59672cffdbb70b69b8ffac7a3,0x0000000000003d61b3d0a96b70b9c9006947759c,1,0x088cd40adb3a209ed83e54cc869f52d3f7070978
0x25b69a29bf4b743ee2d638e586e74ab5dafe0d99,0x000000f20032b9e171844b00ea507e11960bd94a,1,0xc9c8c2a47d03817011d994d8b1917f86a5ee64e5
0x81689514a127fa125a5a329b5600c91712402944,0x5d30e3eb3d8cda028d43d3b70d3285de20fd4a2f,0,0x5d30e3eb3d8cda028d43d3b70d3285de20fd4a2f
0x770db46da06f76e472fc2031165088e062d9f19d,0x000000f20032b9e171844b00ea507e11960bd94a,1,0xa04f8364f5d5c4ea91f34cbfb2bd5b2b2bac1bf8
0x72e90e7293b774615a4c843cff7ec62af66c4595,0x000000f20032b9e171844b00ea507e11960bd94a,1,0xddf91b996c466f50b49e4e7b8a741d484a3c3a0d
0x4fc1e893cacf717f42ac50a6ab5aab3d6aadcd3b,0x000000f20032b9e171844b00ea507e11960bd94a,1,0xb3c813c8f283c7e017c97e4269de25eab47ac9b2
0x70509cec0d7efdd127ce6be0a404c7750e2ab8e6,0xd28bcd7d5ab026eb72d42ea66ee9a0a67a43e7af,0,0xd28bcd7d5ab026eb72d42ea66ee9a0a67a43e7af
0xcf01fec3833a2a7e9daa2bc5dd0626c0a92c7626,0x76f948e5f13b9a84a81e5681df8682bbf524805e,1,0xff1896cfc912ceda37319eba452906dea8cb343c
0x782a2ffc49a84398f2eaf5af3825bbac98fe778f,0x000000f20032b9e171844b00ea507e11960bd94a,1,0x6ec34ee54c04d872c14a1916c30df8e721d8149f
0xeafe910f768762a2a4516c3f242b31c2619186e2,0xfbf2add8917053b82dd654cbcf4139bb363a1d3f,0,0xfbf2add8917053b82dd654cbcf4139bb363a1d3f
0xae509478d534b0b78e28db324f1b9f136bf20775,0x000000f20032b9e171844b00ea507e11960bd94a,1,0x7a8edf1897f171dae8e807613645e45990966d62
0x5f2d6441769195c1465ab013cea84a69d881e67b,0x4e59b44847b379578588920ca78fbf26c0b4956c,1,0x8ac4412a766ffd6a8b4178cc9341ffe5473d1a10
0xf39e5b13709a0155c4e7803d7977a45e6c7b40c6,0x000000f20032b9e171844b00ea507e11960bd94a,1,0x1f6fa17b4dac9ed34c0d37879462604f61829ba4
0x6135bd121ca428adcc4905997cb52ad61dda3fbe,0x63be81f380d82134b71ca8663142e8dc63f7c8a8,0,0x63be81f380d82134b71ca8663142e8dc63f7c8a8
0x185619734de6c2b92321510bce448ce2fcc1f878,0x009e56e2f4521f93fced5c3e287f066f17ec97f7,0,0x009e56e2f4521f93fced5c3e287f066f17ec97f7
0xd4ee8130c5872adabad5bcb174da75463042ee48,0x55f9f26b3d7a4459205c70994c11775629530ea5,1,0x6ffbb6c376d0cf590289671d652ae92213614828
0x3a529fa4cdc9ced4b077ce885b17f8bf62f855cc,0x000000f20032b9e171844b00ea507e11960bd94a,1,0x0d8119f22b40ad2d9b15f2f2e5272252adc4ce3b
0xc2e428d6dc64a68ec64760e3af1e488bff073e05,0xa6c5f2de915240270dac655152c3f6a91748cb85,1,0x3233cdf69b35c82af3bc4df984f65eaa239a6c0c
0x0a4058a230a3e05d3b745d9439a36bb53d0abb4c,0x49b7071ea5327f3d38ae8f872256dc89bd4980e2,0,0x49b7071ea5327f3d38ae8f872256dc89bd4980e2
0x6228eeb5d5549554de365b4574ce000c3a56287b,0x000000f20032b9e171844b00ea507e11960bd94a,1,0xffdd2a342da34f038ddccf312f8914943d9f1190
0x1d3d05b5f2993c20df460f60eeaa7cb79f2d0e28,0x000000f20032b9e171844b00ea507e11960bd94a,1,0x9e1c0a3d0abeadd2ad227884fc599da2858e31bd
0x06b73535a7e1b57c600f3cc77762e86d215a2451,0xc9a60bc6ba3d21bbb1151e569407f8dd7135c873,0,0xc9a60bc6ba3d21bbb1151e569407f8dd7135c873
0x8eae7ae1918a7051ad1ff3770e344b86028d8bfd,0x612e2daddc89d91409e40f946f9f7cfe422e777e,1,0x102babb5c6535631ac5c263a8750314940ab8687
0xd6ad355359e58a452a495bfd97943690cba023b4,0xe49bb02982d97053492abea682371465c427ecef,0,0xe49bb02982d97053492abea682371465c427ecef
0x00ebef592a77f53ecd3440406a006edbc3e283dc,0x000000f20032b9e171844b00ea507e11960bd94a,1,0x8f0b70576caae1f79d8d8ad0c27468336c0ddba3
0xd60543548faad318651190d736143d663395d667,0xf3ab2c2cdcb26a3b50da3e2a56fd892a16a7eb3b,0,0xf3ab2c2cdcb26a3b50da3e2a56fd892a16a7eb3b
0x8b150d6bed16876a32e5d2cc32c8d6c776856634,0x000000f20032b9e171844b00ea507e11960bd94a,1,0x4795b0aa2996f30cb3017162353ecde9ec5dbe4c
0x7977d3d1e94ee854a16225013bb6ec9b1445aad1,0x2fb0e475f6d495dfdfd9176af9113f48f7687565,0,0x2fb0e475f6d495dfdfd9176af9113f48f7687565
0xa68cd4301c4281e55bf076118e9f3d897115c833,0x2dfed7dd046bd4f35615a6262bfcbe3c7c86083a,0,0x2dfed7dd046bd4f35615a6262bfcbe3c7c86083a
0x8b5283a5867a6ac9962d10453bf06d90581f31dc,0x000000f20032b9e171844b00ea507e11960bd94a,1,0xf6166ed321b3a0b5a3a58899cf8acfd313b323da
0x5ddecb5c8557da8a8890e0c7904203d23a26cf5f,0x000000f20032b9e171844b00ea507e11960bd94a,1,0x288a4fd82bf9223d85bb73bd927688cdc95ddd34
0x43d47333da48bfb06e60f1e7d5fbe505b56bd8c5,0x000000f20032b9e171844b00ea507e11960bd94a,1,0x4212768d85d0394732afbc8606c614eb624b7e07
0x62a5c707dcf48de2d8305542d3482491b09a7284,0xa6c5f2de915240270dac655152c3f6a91748cb85,1,0xe4427defbaa51fb3a4a0c31ed9929b878664bf73
0xb661f323f4ad9e46a75d267bab2ddece730d2f8d,0x000000008924d42d98026c656545c3c1fb3ad31c,1,0x4f5da52b65a762356923442b7d4f432e81eb2da7
0xdd0a77d4409c4705649909c0e7653f97880d40b8,0x000000f20032b9e171844b00ea507e11960bd94a,1,0x75e3cfe9fefc8d55265203ed51a4905cab87ec50
0x7f1b3a30748041381ef3b201439af4f978dccc03,0x612e2daddc89d91409e40f946f9f7cfe422e777e,1,0xb940986237eb29aa83c51d41d1c50fa60cd01813
0x1b7c9efc6061c051311f98a8d7276bdef6d665c3,0xfa893e0326bc79aa30d72d64359e784770376d90,0,0xfa893e0326bc79aa30d72d64359e784770376d90
0x6c4a200ece9cacf2518dc5817e8ee5dbae6b91ed,0x19478179ef8bb7c4792a4041903080e097d137dd,1,0x6ed9582049640d94199c3e78358ba1c56a62d16e
0x1592929d6e16d6b7b5a5d2444230afd3d5d5190e,0x000000f20032b9e171844b00ea507e11960bd94a,1,0xe215c064d7fcbb27e45cfaa1adc08d845f099b8e
0xac050323c3221cb88b66d134d6dfa1221b8c77cc,0x000000f20032b9e171844b00ea507e11960bd94a,1,0x661b401f945f79c68979477520711090617aaa3c
0xab53f4339cc843202bb1d2a9384a4f63d1287699,0x000000008924d42d98026c656545c3c1fb3ad31c,1,0x002c5c563e415ca6d0038362677bba0b64b2d3ce
0x85e506a521d774f625e996efb50a652fd16852b9,0x000000f20032b9e171844b00ea507e11960bd94a,1,0xc33dd85b3973f60d25f34adda856aeaced2d6bdd
0x3e87d4ccadeeac74db52ef787d8040200af7a8f9,0x612e2daddc89d91409e40f946f9f7cfe422e777e,1,0xb30bd997dcea4b465ebb4e41d02d418ba7e138d5
0xf2519e127e983cf996ee085fd1bf8a2fc9001287,0x76f948e5f13b9a84a81e5681df8682bbf524805e,1,0xe524a47bbda078208e94ca8028985af52caf408f
0xd34c4a876253f4413144051e0154cde8a88506d4,0x000000f20032b9e171844b00ea507e11960bd94a,1,0xd70c12688933953d68adb95cb5fcfa5be1e022f0
0x1fb01af3828b68d4ad473b07ca8f6d22576b821c,0xd7ded1d91b6165260fdfcd4bb13b9e6711a6e42e,0,0xd7ded1d91b6165260fdfcd4bb13b9e6711a6e42e
0x2d99a8e6c5be3f549bd732e1c6c511aa6cefdfbf,0x72437edcf6a6ff0ae89fbe727d28d533a9c04b03,0,0x72437edcf6a6ff0ae89fbe727d28d533a9c04b03
0xa242fc7e892a35ecf3e988c7e8acb74183e2761e,0x000000f20032b9e171844b00ea507e11960bd94a,1,0x7438d5a4590409c2685d8940bba786bdc7aa03e4
0x9208efe49632f3e90bca199acb1209057e8462d6,0x000000f20032b9e171844b00ea507e11960bd94a,1,0x5690b2e60e615250bb0a5fa13dfdf7a12ec04a40
0x3ee993d10b827ccf2ebe32b0d0f877aaf1b7c113,0x0591d820537bcd58096f31199b943e6d1eac327c,0,0x0591d820537bcd58096f31199b943e6d1eac327c
0x5381200d7fb93f2424173668921acee869dfe0b2,0x000000f20032b9e171844b00ea507e11960bd94a,1,0x04e389eef182446662b11bc408c5e5d6c32a4cad
0x352b2fd2b53d6d4ce2e74db6e94179115f2557d8,0x000000f20032b9e171844b00ea507e11960bd94a,1,0x8806d2223d2d365d0c094469c4e353a0fe892022
0x8c92c0bc8050c0c6af9ffa5fa0e6a49368803340,0x000000f20032b9e171844b00ea507e11960bd94a,1,0x27680bd34d575d5530c3d94615311f689eebe44d
0xaea8082d978efdc787aa46e0a4226ffcc684c9b3,0x000000f20032b9e171844b00ea507e11960bd94a,1,0x978d5ad2edde5f79ce8a20ac54d51edf9322103e
0xc2706a44c101f0da3b9c6de27bd3fbafdf02431a,0x362aa6ce4465ff47bb031be9fd4ea6834e2ab165,0,0x362aa6ce4465ff47bb031be9fd4ea6834e2ab165
0x6ec4de6c1c124e4d3df9267b2d51fbdd1b83403c,0x000000f20032b9e171844b00ea507e11960bd94a,1,0xedb3fda423956e58fa1e69a3bf29795ecdfd01e2
0x3dc38ba24291202c292a8b8b4749afb5c0bd29c5,0xda5bfe0bd4443d63833c8f4e3284357299eae6bc,1,0x148e353db8c78c350c1cf88d01f62338929538e5
0xe0c2e476e6f509c7bc2758678812cc050830af0a,0x000000f20032b9e171844b00ea507e11960bd94a,1,0x02bcdc6a2b2667637730bb02cb6b1763e82c08bd
0xe6b309d85854b9e18fcf44442848ee1a8095e699,0x99999e6bd887df5d432be5328c86fa6f8628a888,0,0x99999e6bd887df5d432be5328c86fa6f8628a888
0x5a2b058a637b266a03176a88cdd9e4ba515b6556,0x000000f20032b9e171844b00ea507e11960bd94a,1,0x7af012d92d8e1bb078f057a77d02d2f38e09603e
0x5967baa5dbcf0ba4ca999f3b032c8f1e562db40d,0x000000f20032b9e171844b00ea507e11960bd94a,1,0x0f8ae3d21cd05a8c9641f304bfa8b55b3dd96bc5
0xf0d462d5e389ff8ad681a4e8afece9f5b98941c4,0x000000f20032b9e171844b00ea507e11960bd94a,1,0xba5b70b9f04b077ab466d0ef90cc590ae496408a
0x15f60298a643ab232ef9d085adfe48a9a225698b,0x000000f20032b9e171844b00ea507e11960bd94a,1,0x3652dc3c51ba0950083715edf3456ab011f12218
0x71f0db5df707a4c3f86893e57aa3e03fd9930649,0x000000f20032b9e171844b00ea507e11960bd94a,1,0x0b7741cfa33158ca61d96d4f79a446d0bee62c9a
0x2350f30623bdfd9984c5fd098d2fdb63558061da,0xb79e57b25a146f87446d098a6ad54611c1a780f7,0,0xb79e57b25a146f87446d098a6ad54611c1a780f7
0xc150ee78cd051d422a8f6523de0191979a8b2077,0x000000f20032b9e171844b00ea507e11960bd94a,1,0xda3e629b94478a5f738c75c60a57ca5e8deadb58
0x56ad11155866d526176b47d2a0a843d3ac94d01b,0x000000f20032b9e171844b00ea507e11960bd94a,1,0x3bce9109b6a865940efd83566c8b3ebd45ea0f8e
0x8fb956ce2921954c45cb3bb41978c4c6c9736af2,0x93236c72e827ef476c79d85cf1d03505cec061cd,0,0x93236c72e827ef476c79d85cf1d03505cec061cd
0xc6ddbbf92e7d9859347f2df8c3dd124a0bc078d4,0x000000f20032b9e171844b00ea507e11960bd94a,1,0xd9ca7644df84871b5896306de9c3d8441b2b226c
0xb87ad65fec5be3541ad16102ecfe036bfb1f49c3,0x000000f20032b9e171844b00ea507e11960bd94a,1,0x1b54c397aaf6654b546443ad5f0f29520101dc39
0x5a346498ef1c71a2177a48535efdc40ef7e7c023,0x000000008924d42d98026c656545c3c1fb3ad31c,1,0x8bc7c65e571b3a3dbdebbc7cb0352f187b1c228d
0x297542d2373d9821971145ec3eb1a955802e2941,0x000000f20032b9e171844b00ea507e11960bd94a,1,0x9b26ce2fe93e06fe57589830372a116ce58c75f5
0x3d69ff8c109c711ae845309e6e502bbbac846efe,0x000000f20032b9e171844b00ea507e11960bd94a,1,0xf60590a2952c1a93bb6c41ec281f52a7af008afa
0xa626bde6755a73eccb0e1070c95f2cfd66cafc4c,0x861198a87ca988d6b9d628047c3a84e6c1bed877,0,0x861198a87ca988d6b9d628047c3a84e6c1bed877
0xbc8bef6241f4297f9524e7286f928fe79a6ebf20,0x000000f20032b9e171844b00ea507e11960bd94a,1,0x7b5257d862ee5907519bb0711c8cd8a38e6ad1db
0x644c9ac496749dada846005a2c8437c7a612e212,0x000000f20032b9e171844b00ea507e11960bd94a,1,0x0df5acb6a8e0d28e3b606c4779bae349dc92a11d
0x630c44bde4881abe7a6f995bb1ab43ef9f9d5876,0x000000f20032b9e171844b00ea507e11960bd94a,1,0x1199f947f71fc0b47cdd175dbbfe7d6633aefdf8
0x475513f11e03f86a94d915eb0e5212a79cd2438f,0x76f948e5f13b9a84a81e5681df8682bbf524805e,1,0x1c070425f674789d3e2ea738b1f54524cdff82dc
0xbdd3b2b9ab1e325fade9d51fbb78204798fe0862,0x000000f20032b9e171844b00ea507e11960bd94a,1,0x78a7516ca097fd620d7f7c73b1d5c02e7dbf5559
0x584c6f7021ee72a7b02739abaf65238264114920,0x630f461cf7aab18c5b7a7e16083b49a1ea93a10b,0,0x630f461cf7aab18c5b7a7e16083b49a1ea93a10b
0x9cc3c486b8dae6c21869c8c40e8d04f75e37e1e8,0x612e2daddc89d91409e40f946f9f7cfe422e777e,1,0x1ef2c103f67a76bb22d3cbb43a163729830bd23a
0x97179b0b5a12c586e5799097ef14cbbde48882e9,0x000000f20032b9e171844b00ea507e11960bd94a,1,0x978d5ad2edde5f79ce8a20ac54d51edf9322103e
0xa4adf34797c02b51e91b5423a2fc2bd7a4ed5614,0xb9b6856efd128294a912d584366448bc3d4ea979,0,0xb9b6856efd128294a912d584366448bc3d4ea979
0xf15ac23ec0b96383c766bf4d0da3e3579b7e1204,0x442295de8a31d65026dbc09c29d469f6854f188a,1,0x3e4ddbee19677891c922d803b4a360b477ad8324
0xe661810d433d90afe6dcaf258018cef354fa450c,0x7354936bc7a72c8baf5a2f9262e70a52c427be4a,1,0xcf73183f87e52f7ae77a43024d70d9224bcf9773
0x50b3e6ad02b8eee42221c9f7846d45590ea7399e,0x2f8f8d71a26ebc3f19a815bf96324941c4eebe59,0,0x2f8f8d71a26ebc3f19a815bf96324941c4eebe59
0x1ca5c93278ec0870b7810912cd306524cd1dec37,0x000000f20032b9e171844b00ea507e11960bd94a,1,0xb11d06037da25dd62d5925bfc5b297009c9c5f41
0x390bf03806f35c9c7601fab5a99ceb7cab764fcb,0x9c262a4aeaf6b17adc529e055e3914504f0dac18,0,0x9c262a4aeaf6b17adc529e055e3914504f0dac18
0x6904253846fea283b9d76a81ae0b49e5166f5e2a,0x0000000000003d61b3d0a96b70b9c9006947759c,1,0x1012324537678ad4afccb99f08d92e151396830e
0x98e44c90b3b2ec8c6771208a2a89ca34b44f046a,0x0d2b4b906949c4fe5be45e11f033a6158209f72b,0,0x0d2b4b906949c4fe5be45e11f033a6158209f72b
0xc5c9b540e8eeebeeccc2045809c1e801f44072dc,0x612e2daddc89d91409e40f946f9f7cfe422e777e,1,0xf511d47077e4090402426c90d0de5274f0f96b1a
0x6c9d927f5e4fe41b9a1d6b3345b170f466e8a9b8,0x000000f20032b9e171844b00ea507e11960bd94a,1,0x10c1e4042991f612e545714452390e92df860529
0x851a859c67ef488f3a80a5f59534ba37031cac43,0x61da99e5dd832f57ab1ff9a5c1a6e5d7f0dccf62,0,0x61da99e5dd832f57ab1ff9a5c1a6e5d7f0dccf62
0xb1c40cfa3e8b31a5b4858bea01378bb4e84771b3,0xcd222d8be3afa111b0d2e018f536fe8ef74a7d42,0,0xcd222d8be3afa111b0d2e018f536fe8ef74a7d42
0x44d8d7a6afc2db2649a8fd410c39f689d9b00cfb,0x000000f20032b9e171844b00ea507e11960bd94a,1,0x84c9b4b0a80dced13dbe765172c464ae910e9b1c
0xd6e7b344a2f034d7e95500d0b27ce63a8d62d080,0x000000f20032b9e171844b00ea507e11960bd94a,1,0x320107d2cd93fa6bd38c9843847bf7be6276d1a0
0x8e237bc664b137b6f6820ba31dd8d113335f5d1d,0x7354936bc7a72c8baf5a2f9262e70a52c427be4a,1,0xd7d415d21c39f1b94217aa920cf06fabb516a36e
0x1c998449d9376971d566c7aa65bdea3031162f2c,0x000000f20032b9e171844b00ea507e11960bd94a,1,0x2a3f1ff483dc830cb34076766f6b4c2fbff43f11
0xd708acedf95afb92fe5e9d9deeadf7c919a4330a,0xbd6c93d62f2a672e200b5499cb4750d3a4256632,0,0xbd6c93d62f2a672e200b5499cb4750d3a4256632
0x4b06e99e582fc47dd0f5d1d2383a57996170c5d6,0x7a9e0251ba1a18eba4332ed5dcfe2e747c0b6bd4,0,0x7a9e0251ba1a18eba4332ed5dcfe2e747c0b6bd4
0x577c4bcfb7ace6ff36de582935b9b9cab3e26167,0x9c86ff7619766d645685a67069a2a8aec458e225,0,0x9c86ff7619766d645685a67069a2a8aec458e225
0x68fdf7925b3ba0c6967e2f764a6677dd7cf5b8c8,0x000000f20032b9e171844b00ea507e11960bd94a,1,0x4cf1a6a48259c0bd6e4f383b948c345ec6f70409
0x07fbf259543ad602a9cce8e6ec0720bf2171e3df,0x60e20b1a44b27ae579486a8376a3dd1259f12436,0,0x60e20b1a44b27ae579486a8376a3dd1259f12436
0x27b71a3027ae5649219d12b587444a052018a7fb,0x000000f20032b9e171844b00ea507e11960bd94a,1,0x32b405fa04da2d35830068536c798731b85e5a66
0xe6668a2866bdddfc1fa5628ae608d53d1b5c50b0,0x612e2daddc89d91409e40f946f9f7cfe422e777e,1,0x398d5ccc6353e9a116f974dc32e8db479d090690
0x8023f150865d68927c234c9a8944e3e33414ecd6,0x612e2daddc89d91409e40f946f9f7cfe422e777e,1,0xe6ed92823cf2bb675a333fb9e511cfa7d540b4be
0x01c0f38ca0dc7fde5d431e4f7032fd95511f81c5,0x03878683c2c6f5a894eac1f50fb5a57a8c6795cb,0,0x03878683c2c6f5a894eac1f50fb5a57a8c6795cb
0x87718953b02a932b77b6bf85bebbbc09b397722a,0x612e2daddc89d91409e40f946f9f7cfe422e777e,1,0xdf8671f53db260239e0ab0af114ac85a0f3ef028
0xdd6e5e3b0bad9792f6493976edf98fd91f2e5664,0x000000f20032b9e171844b00ea507e11960bd94a,1,0x51349faa5e7b9410b0cb0415199bd5473f2b3901
0x4dd8c6128a2992a009d96076cad723f4c7f11381,0x000000f20032b9e171844b00ea507e11960bd94a,1,0xd6851a0f387cc7aa45207907699bf4bcf1ff9379
0x89d11c50b8659d156c0bba67fde5e34380f5548f,0x000000f20032b9e171844b00ea507e11960bd94a,1,0x002089ac6acc42e5b21dc05b2b11904b244602f0
0xc24ba2aec6790c44d256bc173df66ac4040b32be,0x7354936bc7a72c8baf5a2f9262e70a52c427be4a,1,0x8b79fa779af9391a10c5010101c180534ee9af4f
0x018f9a3f3cf9d3d44040693457adfc549efcf1cd,0x000000f20032b9e171844b00ea507e11960bd94a,1,0xcadaa7af28ed30efe3c61016b63c92a8439a9e52
0x820bb29296840e29d5e9558929b00b32dae40660,0x000000f20032b9e171844b00ea507e11960bd94a,1,0x62c36292313d255ce3415f56693d31b4c528e4f2
0x1b912ff4da840ff56813e276d11cb33aa55ecc61,0x000000f20032b9e171844b00ea507e11960bd94a,1,0x83af90a5e6460dfebc1fc078ab9836cf05bbe57c
0x42c69be7f795835aa5e2452f698e8177fcae183c,0x612e2daddc89d91409e40f946f9f7cfe422e777e,1,0xb2460450cdb34f12347e8b355bd5ea8640fb0c07
0xa82b80392c54f041a76aca0b1d33dc814a652a34,0x866e4bc104a24cd0dfd8ae8f533e852b2b3fc8ce,0,0x866e4bc104a24cd0dfd8ae8f533e852b2b3fc8ce
0x6ef01c7e15066fcc4d6a4011a0c8c3936ee18101,0x612e2daddc89d91409e40f946f9f7cfe422e777e,1,0xf12513b3714dc34ff29d87b259bc062b497335be
0x48b2dd6ec12a246b1afb4f8a1d1065812a1c126c,0x000000f20032b9e171844b00ea507e11960bd94a,1,0x88dc4ab185d8d7a4781a034913a528446ed39a13
0x380acb3a8b6840f185726101aff3196756888c82,0x000000f20032b9e171844b00ea507e11960bd94a,1,0x34b5659d92b12e440b44500adcff496e42a23e21
0xf590d1613a05af39f1d64b7c65812fb3b06015ef,0x6942013379d195323e17cd2616435dce819c1fa9,0,0x6942013379d195323e17cd2616435dce819c1fa9
0xf45168b6c7bb26972bc8aa0ae5069a0f67614ec1,0x000000f20032b9e171844b00ea507e11960bd94a,1,0x8410890f7ff1bd4abf36db8d9f2d36abffede111
0xb13488c1021489b3807669d38cf592f47e76de70,0x000000f20032b9e171844b00ea507e11960bd94a,1,0x15235119f5b63120adea587867720de23a11fcff
0x5c37fd8ef67e1f09e48ebda8de8ba5a37ab6252e,0x612e2daddc89d91409e40f946f9f7cfe422e777e,1,0x792567ad94759b62c900cef8a7304ebfacc08460
0x8daedcbc1e38a8dcf4081ceed2ca04c86f97d4b1,0x612e2daddc89d91409e40f946f9f7cfe422e777e,1,0x515c2b14156f937219917fed4f44078c6140a566
0x3494c2909619dfccab73c6e71e8155a4b9a67c52,0x92c159895901439caa212997d505083a2fe88885,1,0x02d1263aaf3b41ee52ad099320729bd86ea289c9
0x51c55578d904345015d2ec2b557e4bd84d467bf0,0xdc5b92eb618eef0de7aabf1f292f45f8bb001f1c,0,0xdc5b92eb618eef0de7aabf1f292f45f8bb001f1c
0xe124e190a18e2096e4d255efbc207dd6c9d2ecd8,0x000000f20032b9e171844b00ea507e11960bd94a,1,0x337cf729f7b8ef4f1773c9488848a2067f8922ec
0xfaf5236b12c5a2051f70c03c68c4b4b3637fedbb,0x7a9e0251ba1a18eba4332ed5dcfe2e747c0b6bd4,0,0x7a9e0251ba1a18eba4332ed5dcfe2e747c0b6bd4
0xa8ec91734d3e98e8f0de8a2093b1bca0715909ae,0x612e2daddc89d91409e40f946f9f7cfe422e777e,1,0x8469b7b08d30c63fea3a248a198de9d634b63d70
0xc36e4dc7cda94ed8390523afe80631fb23d3b8ca,0x000000f20032b9e171844b00ea507e11960bd94a,1,0x5237ec0463409a2836550c3275bfb033bf5b8833
0x10316fa56cc6adb5e0ac5bc27518628ceda36345,0x000000f20032b9e171844b00ea507e11960bd94a,1,0xccb5a8aedd5ba534994ed662379a4c9d39e93b6e
0x7de2b1f10eb815eb597a411bc1ba950d00cda538,0x894c302f2434e68f7ce4bd9048b11ea80827f490,0,0x894c302f2434e68f7ce4bd9048b11ea80827f490
0x02fc2539347e6cd367df20c0fd6fd7215598039f,0x000000f20032b9e171844b00ea507e11960bd94a,1,0xf5de34d8eb583a4a335496e7ec6809a52727dbe9
0x9bd3efb33c312da8a9fa956ba4da59e1c452ff0d,0x000000f20032b9e171844b00ea507e11960bd94a,1,0x28eccb07429ed04a795b4c5965ef2aec2a1f8a31
0x1a437143bb73a438e25d2d8843a6e43041e5d3c1,0x000000f20032b9e171844b00ea507e11960bd94a,1,0x0b89dafb9ce7e519008ee51b0c764e0c9ac5e857
0x9a461266ae6e44c60429519288754ab68f3abb54,0x000000f20032b9e171844b00ea507e11960bd94a,1,0x961adfce5a8b936d6453a4ff20159193d8774aeb
0x005f2051595491e5a17d1e294e7acd64ee33b552,0x93803779931f71c9cda0229d4b91783a5646b93c,0,0x93803779931f71c9cda0229d4b91783a5646b93c
0xee260dc78a27ba8a12092f2e2232b4c92dbdd700,0xd8f3e28c3d1dcf10db3988a1ef363080ecaad6b5,0,0xd8f3e28c3d1dcf10db3988a1ef363080ecaad6b5
0x45c1b0ca3006c12d08067a1b2a9b194d160217cd,0x000000f20032b9e171844b00ea507e11960bd94a,1,0x35fc0586b8c0c46f0fe91b85000421e44924c525
0xbdcf11b1ac156f876f1b7e4984b17ba07d152155,0x16a6a426c82914d0e6e2b7082bc5a18166ed31dc,0,0x16a6a426c82914d0e6e2b7082bc5a18166ed31dc
0xd7b225fcff1e662164289d0126413a0ee07670bd,0x000000f20032b9e171844b00ea507e11960bd94a,1,0x434f460dd0e46c0bfb294bedc5d7fba035534d69
0xef45aa511e331da47308b3b529f38b532aed6c63,0x000000f20032b9e171844b00ea507e11960bd94a,1,0x79925c2ef974a3334d2e69a3fab4f49e0c21e80d
0x7e20d64366357669600760338a6e38e6a5023f59,0x000000f20032b9e171844b00ea507e11960bd94a,1,0x788e8a753ac53843ad3bff84df27ad24c5c38675
0xdf31b6ec392449690351d831bfb23b2707ec4e5f,0xcdc4f207b7e8aba22d9232ecf5fcb46be692286f,0,0xcdc4f207b7e8aba22d9232ecf5fcb46be692286f
0xcda5c462e2bd4b34454d90fa826c9e78887e51cb,0xb721640f923f9eac62032097cbd916501a3d3e0f,0,0xb721640f923f9eac62032097cbd916501a3d3e0f
0x7bf05651a145bc5ff016937f388174f3c974d363,0x612e2daddc89d91409e40f946f9f7cfe422e777e,1,0x02eb75be1e72e988de64f0088d654d8ea1081e87
0xa06180f67635133396615f00486931684664a351,0x000000f20032b9e171844b00ea507e11960bd94a,1,0x202b358f2b8d9d0fa76cdfa3551e26981db586ba
0x360e5f6bcc291d5db4ee811e8fc0907974f76060,0x000000008924d42d98026c656545c3c1fb3ad31c,1,0x8fde4afc96951b3a216fe3f17989b4db4a4d3826
0x65124aee85c444691c163705b8d19843dcb2c94d,0xdf9251579f9f02430bb8373b80583ab96f2fd726,0,0xdf9251579f9f02430bb8373b80583ab96f2fd726
0x108b66ef574e4cfa8296a15f3ef79f0ea3fcba7f,0x612e2daddc89d91409e40f946f9f7cfe422e777e,1,0x7af23bb2c64093737e7c7003087265b830c62c1c
0xf0756a561017568d2706dee5f1b12ee55b7b3042,0x000000f20032b9e171844b00ea507e11960bd94a,1,0x86258681e20b7a20d5159cf9a049f0765131622b
0x5f354a2dc9cda8aabac87832ace343dbe7e188d1,0x000000f20032b9e171844b00ea507e11960bd94a,1,0xf3ae298d2348969007419e8caa7ef6dd76981900
0x0ba152fabf6ce8c140f553d0a1bee9b47836af46,0x000000f20032b9e171844b00ea507e11960bd94a,1,0x6709121b639441e675bd975c42b21058d7f661f3
0x6c65f2fb8ab6964e91c687cae3d2be423b3f8cd2,0x000000f20032b9e171844b00ea507e11960bd94a,1,0x58ef26788d2a5d64d8068cf90e42d75f99521260
0x81e5b784cbbf516237e548d0cee395cdb13b9b7c,0x000000f20032b9e171844b00ea507e11960bd94a,1,0xa6547fd78ed83ee946e483567a24ea52fdd545db
0x4d6ff3756a5be343b64101160d3dcc029b3e307a,0x000000f20032b9e171844b00ea507e11960bd94a,1,0x3433c6cc6e9413545e46f5d09ad04e3535672678
0x1b08a0dd52a83587b9f911c2674f28991d34b3df,0x5ef1e40fcb79ec1825f96260701769140cf622ae,0,0x5ef1e40fcb79ec1825f96260701769140cf622ae
0xa022a6c22a26d91c4ea62d6cc2a964c9ee1e2a4e,0x000000f20032b9e171844b00ea507e11960bd94a,1,0x3d6da7f022c7335bea74d1f161b689f694ae292d
0x25d26e17c934208223232bdc2d0f806803fdf7a5,0x000000f20032b9e171844b00ea507e11960bd94a,1,0x8e466813f0cb6d2f5fef8ef59712988baf9f66ec
0xea122a0e9090aaf24282e0b22df12563366b404b,0x000000f20032b9e171844b00ea507e11960bd94a,1,0x385b6d965ab414800cab09ee3972473ac8c40c93
0x9f5f6551055ccc0e155205c3a1cc6addf74a71ea,0x612e2daddc89d91409e40f946f9f7cfe422e777e,1,0x7dad76f4588f2c314b9ac2ec348d9e862dd0932b
0xd15bf583e1dcf4e150f3fa44511f7dc286fb9a69,0x000000f20032b9e171844b00ea507e11960bd94a,1,0x6fa4fc3c1fc46f1e42ef902e647d6fa9b0add157
0x03ede64e1714fcd53c5c77d44227c4284f34b805,0x92c159895901439caa212997d505083a2fe88885,1,0xa456e02f76f5cca65aa342517d16b6658d8d5409
0xb18dcc867c70938c70f791eb109e1e4da86d1688,0x76fc5bde70ba5d418f4eae9769c254dcc3b5973d,0,0x76fc5bde70ba5d418f4eae9769c254dcc3b5973d
0x6f9cf85c9f52e9d517c15a8b7a947a0dc3ec06ec,0x000000f20032b9e171844b00ea507e11960bd94a,1,0x6709121b639441e675bd975c42b21058d7f661f3
0x1b3938a928d67c3ce38ea6daa8d46a1f1f728c60,0x000000f20032b9e171844b00ea507e11960bd94a,1,0x5f9ab1563f9803f311491cbc8e84efcc998498d4
0xfc8a8a36a0189069e18dc7afb8713193fc7f789a,0x000000f20032b9e171844b00ea507e11960bd94a,1,0x8f12c22287c4db0ecd44cd1d12315154806a4c54
0x1a58d845378e3daa21851aee28221c0659ef152c,0x70bd1ee723a163b654011163e2a372dff82cce79,0,0x70bd1ee723a163b654011163e2a372dff82cce79
0x44f2a7cc8a8911abd237d91db328eedd0dd42a06,0x000000f20032b9e171844b00ea507e11960bd94a,1,0x27b81e68f2333544fd122a9bccae4b80ceee7658
0xd10030f48ac10653c078fe107a80c4c814fc0a45,0x612e2daddc89d91409e40f946f9f7cfe422e777e,1,0x8a8035f056af830b7205c58c1dc037f826fc2b92
0x1c723cfae376bfc8c72e01dc9a761fe487d50d0a,0x000000008924d42d98026c656545c3c1fb3ad31c,1,0xc3d909683270f33842dd8f566f8f960ca219875d
0xe3bb90c705938cd56baf0a0f1ea82127d1325e12,0xc5a0156d9ac8a3cac53adec6e523e985e2cb8fae,0,0xc5a0156d9ac8a3cac53adec6e523e985e2cb8fae
0x9b93a39da82806ea29e72cb6aa8a68acf51e4d2d,0xc5a0156d9ac8a3cac53adec6e523e985e2cb8fae,0,0xc5a0156d9ac8a3cac53adec6e523e985e2cb8fae
0x2aaafabbb5393d6fb3e7d290537380f0f32bf3ca,0x612e2daddc89d91409e40f946f9f7cfe422e777e,1,0x3e979a79f4dc36c04a3a737227eda766561c34d8
0xdf49dbba8955fd8204121683852542021e2ef3c6,0x5cbb51affce45fe1c64ea5921d68f08de56c44bc,0,0x5cbb51affce45fe1c64ea5921d68f08de56c44bc
0x80afe4108e5b9291ea4b9c5a2613211e1c12a35e,0x442295de8a31d65026dbc09c29d469f6854f188a,1,0x7f5a0a6847fd0fa05c13cbc02f435047b429e37c
0x265b4b3c15404d7999e82b6b11241f30c286c852,0x000000f20032b9e171844b00ea507e11960bd94a,1,0xd82b6ca8c7be7473e39485ce9c8dd366db0449b9
0xffc2cf4c18cb0d53238ccdc4d3c28696a36a154d,0x61b98acbfc23326cfe296f380b5aa3e5adcc5238,1,0x4086c5f64eaac850f4b9bab7f72e7cab9d5e825a
0xf7669258832241a6bce4ddefcb120141ee2e77c5,0x344e4d01b81b36c49a3fcae796a47983ffbb3441,0,0x344e4d01b81b36c49a3fcae796a47983ffbb3441
0x93087f760c047917abd758d0d36ad048da63d0b5,0x000000f20032b9e171844b00ea507e11960bd94a,1,0xbed4fd9e7d861a14a0a62526c638180eb72ed09f
0xbc84770781fd75a9a0af05197ab7322aaf94d15b,0x000000f20032b9e171844b00ea507e11960bd94a,1,0xc262dc4f0edf25bdb12f20ccec7b3850585a0bd3
0xd8b27a13584b6aeb9e6052c6b1a0a94055cad694,0x000000f20032b9e171844b00ea507e11960bd94a,1,0x4b99979902245661e2887dd7d87fb3ef098c68ec
0x7e4f18ea83e6d5fdf891ab4c7475606af6a880be,0x612e2daddc89d91409e40f946f9f7cfe422e777e,1,0xc8e921e85744b22a56abeeaf0418f867d691ab29
0x207a335229c22db46758eb00c34e63bd316da0cf,0x612e2daddc89d91409e40f946f9f7cfe422e777e,1,0x2178e346d24d9dc0dc1591d2b0d90928e7b4dbdc
0x8a30e6a2cfba4baa61cbc6753ba3bb9a9b89f179,0xbb2a663779dbb8608f8d216fe9303c5c5e4251c1,0,0xbb2a663779dbb8608f8d216fe9303c5c5e4251c1
0x3782301ec2cc4984dbd505a9be906387faf46526,0x76f948e5f13b9a84a81e5681df8682bbf524805e,1,0xe40850f4da5b96bc4d2a5041bdbfba15e4b13c3f
0xeff778d3bc0e5ced76481f39d3a92ae26882aa74,0x000000008924d42d98026c656545c3c1fb3ad31c,1,0xafcdb4d006cfbbf781413996c3348a86881154f8
0xced824b27d97c20d60c0b6afed39d7dca9046823,0xafa33991b1a03b0f79351439457059150cd6ddc0,0,0xafa33991b1a03b0f79351439457059150cd6ddc0
0x9b44e8cf2badf02cd7b12c399f892d779b8194af,0x612e2daddc89d91409e40f946f9f7cfe422e777e,1,0x7eddf968381f7cf8aca0d2bfd012d97c78a119db
0xa863f3638d459410dc8443acb72e85b739679414,0x000000f20032b9e171844b00ea507e11960bd94a,1,0x8da14d208ea010e56ced8dc13fb6cae562e6de7d
0x08f559865207021322e540bf4969666bebda22d0,0xe074ca0d94b59d73b9d45ef4dac557497d7c4236,0,0xe074ca0d94b59d73b9d45ef4dac557497d7c4236
0xd7a291d7d429dbbe547a96991dbfeaf9d98a6f51,0x000000f20032b9e171844b00ea507e11960bd94a,1,0x3e6394cdfaa7ced33a153bb1ba56151d02fae8f0
0x0a7ef7146f043f5c60b31dfad68658fdbd27f654,0x000000f20032b9e171844b00ea507e11960bd94a,1,0x13ca62b2eef87776537c6e20fe0fd4ecc46e2499
0xa091e050dc43ecf324b8f6f66d55d19d7bc820c6,0x000000f20032b9e171844b00ea507e11960bd94a,1,0xb3ca4f877c45a461ae02a80001f59af15ed21699
0xba8dfd0d5e5653b7596cbc6a6dba3c063a8648d5,0x612e2daddc89d91409e40f946f9f7cfe422e777e,1,0x541d149c42f1c782e31e7a9131044ee0a45f62f2
0xe14d18af052619c6f5db1522162fa71334fd2584,0x67580561ba59d3d59dfc854c9399d63e93c08d25,0,0x67580561ba59d3d59dfc854c9399d63e93c08d25
0x4dfe1cd2194d7ea2f280d0101779d31086844540,0x000000f20032b9e171844b00ea507e11960bd94a,1,0x06954ba975cec7a0435f098c768111977376986a
0x151caadb1215b107c4d957f739f58992572cce1d,0x000000f20032b9e171844b00ea507e11960bd94a,1,0xf8107cdff7cdd966e0a5a5a0ba47100993fbc86e
0x2cda37096710c693b6598c2b9434f40b93dfa6dc,0x000000f20032b9e171844b00ea507e11960bd94a,1,0x20dc2264097b9a16d999cc87cc59e9f0993b5a15
0x129c9dfa292ad71da24ac4ee19c1680b7f403336,0x8d1fa935e5e8a5440c9efc96c0d9ff387ebb179b,1,0x5af1eaa1ebcebc896f6576a0e80619fda14715cc
0x608d34ab44d7ec54ac89e567882969acab3bec0d,0x000000f20032b9e171844b00ea507e11960bd94a,1,0x7c44e0b2ed443723d4f9f504b274e3c4cab00a97
0x7aa4c9da37b396b30d29dc62066aaaf6b5945335,0xc70c896316658625ad108f491528c0ea84ae360d,0,0xc70c896316658625ad108f491528c0ea84ae360d
0x8df435c909b3a4756ddee80c837af85ac3180c61,0x000000f20032b9e171844b00ea507e11960bd94a,1,0x6582eacf97e09087fc75631d25b0020f97963584
0xa6e457cc0ca6f8b0a827f091c689790930cc27f6,0xb267bc3ed2a31cdf793fd85d0f5eb5baae6cd9a3,0,0xb267bc3ed2a31cdf793fd85d0f5eb5baae6cd9a3
0x91b987fa2bff4da787656abd37a7e260fb574819,0x31dfe64287042bcf154f0b5c63b48b41ddc8d8cf,1,0x26bddf3e3a83cf3b7f9eff859908fd122cda9df8
0x2edeba9d5abab00eee962bf41007714f0b07422b,0x000000f20032b9e171844b00ea507e11960bd94a,1,0x7f58c0ee05f9c9bb73ef959bc5d7c36c840da233
0xb4a28e689d2f4ecbad62eee3a7522f9e263edff1,0x000000f20032b9e171844b00ea507e11960bd94a,1,0x5450903b311492802595b75e5bf82ab351791fba
0xcbf593ad9e5837e575cde29dc5e75c060105ffbc,0xe0953c27c105590a1a678595f69ff394a6dc91fa,0,0xe0953c27c105590a1a678595f69ff394a6dc91fa
0x227d8c22f2fbeeb81612d677f488b94b127c2829,0x0455a537adb6f30164a916a3b9b2eedda240b6fc,0,0x0455a537adb6f30164a916a3b9b2eedda240b6fc
0x6f5dad24c4f4cc5a94d2fc98e6bee48b6b9b4169,0x612e2daddc89d91409e40f946f9f7cfe422e777e,1,0xf3c0f24eca4b1c02117711c7945ce1fbb19c0940
0xe5fa5d2a39066924ca4af4ad0aec2fe4b76b10b2,0x000000f20032b9e171844b00ea507e11960bd94a,1,0x172699f0b205fb9bcfe4f9ef5eb053ce337f6149
0x573bc6e16654b6de73c5c5b7ce9dbba3f0fd9de8,0x612e2daddc89d91409e40f946f9f7cfe422e777e,1,0x3b1765662abaa591810976620db4c9fb2be166f3
0x623528ba275daedcc9aa4b5c19f32fdc5f6ad91e,0x000000f20032b9e171844b00ea507e11960bd94a,1,0x550aa577e1645cc8c93bcb57cfa1a3648d5500b4
0x2cf5bc3c4c13fad1ac85d0aa56dd7842ecd5d951,0xcc17a8d9b185d896bb8636dd989f5bf05e6573d0,0,0xcc17a8d9b185d896bb8636dd989f5bf05e6573d0
0xbcf83b1f548daaac79ebe0d26a98e23227186b29,0x000000f20032b9e171844b00ea507e11960bd94a,1,0x46ce92ff0519d47aae71acf69496e2fe1bc0c1e9
0x5fad06b11c8fbd010b9b52d5cd2e232ae36c6e01,0x000000f20032b9e171844b00ea507e11960bd94a,1,0x87ae60dd9b3b6c79eea1a7f4f95a2e0f8d746c1d
0x2b8789393608f89dc2481c515b3cd4b7aad4f30e,0x612e2daddc89d91409e40f946f9f7cfe422e777e,1,0x56bd0706656589f6b3d8a7badd085378bd97447b
0xe3e0f83c5f1c5fc123410358735e8fba8540089d,0x435a4ccc3712b0b40ce16a1c7bfa263ed6e9bb33,0,0x435a4ccc3712b0b40ce16a1c7bfa263ed6e9bb33
0x411d54c628e1978e121de516a10b46b72dc1c033,0x83378eb64704e73a2e32152041c1b5717b1971bd,0,0x83378eb64704e73a2e32152041c1b5717b1971bd
0xdd848c6cbdeb095b72a020146a770190bdcff722,0x000000f20032b9e171844b00ea507e11960bd94a,1,0x65d9e7e6b57a1149e32dfc6a8ee02504a5d567a2
0xf71b9e10fca5fe7c32c91a14679a32014116dee1,0x000000f20032b9e171844b00ea507e11960bd94a,1,0xbed4fd9e7d861a14a0a62526c638180eb72ed09f
0xd62e39150b0b2fb16d60e8e4890276f6f3012bff,0xeafc40ca61f8c4251b0d13af6e07526b911dc7de,0,0xeafc40ca61f8c4251b0d13af6e07526b911dc7de
0x65e23b9d74386fc98d72eb0bc6d615a4ee858ee5,0x23598f73b9fbd281ba5646e59ad49d04456152af,0,0x23598f73b9fbd281ba5646e59ad49d04456152af
0x123c6b11a99f7771a0aacb1698b964485389869c,0x000000f20032b9e171844b00ea507e11960bd94a,1,0xe5083c47187f8587b63fad53a97c956945469da0
0xc759c274028e885e942c755dcb4e49d020903734,0x612e2daddc89d91409e40f946f9f7cfe422e777e,1,0xe5aaf92a607c04e032258f711956565342ac8832
0x4da8a9ab39c425766e6d21e62c2cb635d674d156,0x612e2daddc89d91409e40f946f9f7cfe422e777e,1,0xfec175dd6add388a45c135dca664252a4c29d669
0x9d09e0f5057394f7bd0c6a20480b48942fbe6b04,0xb5a1960ad9a5c1f69567cd3253b461889a03fb80,0,0xb5a1960ad9a5c1f69567cd3253b461889a03fb80
0x224412b2e9601c6fdea4efa5961f87d03828048d,0x000000f20032b9e171844b00ea507e11960bd94a,1,0x52836dc70b7f0756444292e12c73de5dcee35615
0xe8e4090936403a04ee1f204dd49cf57c3b5a79e4,0x000000f20032b9e171844b00ea507e11960bd94a,1,0x8d1cf09f82c2343b96dd33b2301be43b7b30da36
0xb24a253810971e26d6b48b747e5c59eab808f3bd,0x92c159895901439caa212997d505083a2fe88885,1,0x1e4b482edca951adc0cb7ca2767fcbb8312610e2
0xfaed9ef92c2759105898589a934f31e9da84e5bf,0x000000f20032b9e171844b00ea507e11960bd94a,1,0xaac846e0aa7533e3202bd6251f3840b56f408066
0x2549a4674cc65e695bd04d3f5aba4ca0f4b17a5c,0x000000f20032b9e171844b00ea507e11960bd94a,1,0x73775adce0afacd64b58388964176d4ea3f0b6fb
0xeccb6d2933320b3eda6817b6f9c7f89c9148b925,0xb1772cbf432411318491b4e5060eccd63392b97f,0,0xb1772cbf432411318491b4e5060eccd63392b97f
0x084ff58ff6ae581fea9ddd6de54ab05c19d32e5a,0x612e2daddc89d91409e40f946f9f7cfe422e777e,1,0xa1e17ddac6228616e4c326023f22035c4711a52e
0xa5b3dbd0a41d88dbd1faf05a0481b538aa18a200,0xa6c5f2de915240270dac655152c3f6a91748cb85,1,0x679529eef3031408d418536555e136fd1d5b10d7
0x58ec67d048bf36e126f62c7bd0433b6b2f36b430,0x000000f20032b9e171844b00ea507e11960bd94a,1,0x4c2badb2fb9542d3e543f6b914e9b632935d6900
0xaf14310b8167a71c4e224d652389990bba407e77,0x58fcf38562f7402aad42a27bd783bd0892870536,1,0x9581587991da459409b4e7e3b44daa1e65e589ec
0x58fcf38562f7402aad42a27bd783bd0892870536,0x000000002c93cad6f9cfd00c603aef62458d8a48,1,0x9581587991da459409b4e7e3b44daa1e65e589ec
0x789408fb6f1fba417cbd5561b959d5213360a1e3,0x000000f20032b9e171844b00ea507e11960bd94a,1,0x41e4c393fd6deb62502d368f5d29d4b2becea3fd
0x375806eda6dd0049ad0872596175baf7374ffdee,0xfcfd412498a959c37fd0252e9f28c17c5f299436,0,0xfcfd412498a959c37fd0252e9f28c17c5f299436
0x432f7bc5ae6efeecb5ee062bc01ce454f385f24e,0xdf464b3759a515e2bfe348ba66a081b139ea58c3,0,0xdf464b3759a515e2bfe348ba66a081b139ea58c3
0xed8edcc0f95d508b41d06e82f231b3e3eeaf5587,0x000000f20032b9e171844b00ea507e11960bd94a,1,0xacae1626a944842b1b1dc0a93809fa15f67426b4
0x4fe991e38a44de4ae3755f66d730f4e5f28abf19,0xc34ef2e1f74403c1366f7ee8e02465378734994a,0,0xc34ef2e1f74403c1366f7ee8e02465378734994a
0xd75e628d8bb9997d90af00f2f27a8f1cd5717992,0x000000f20032b9e171844b00ea507e11960bd94a,1,0x7ade91532aa11013105877b487aac7ff5b4abe4c
0xafb20bf20e84d6a1040f6d0d9a4184400859367c,0x000000f20032b9e171844b00ea507e11960bd94a,1,0x978d5ad2edde5f79ce8a20ac54d51edf9322103e
0xb78d1884d52538a6ada8a7bcb788b8fe48d7c8dc,0x000000f20032b9e171844b00ea507e11960bd94a,1,0x039acc85ff9e8a5287beb3a7a969552c347f67d1
0x35defcd1828ee1ed61e9d6c883cb5a024d4cc409,0x000000f20032b9e171844b00ea507e11960bd94a,1,0x6f7179179a73921d53cf64971cd272fa108d295f
0xb6fad7eddc064f0ec2f6e94a46b0886c3649108d,0x1bb5e7b1dfabbab4d4b0b4ca59d622701521528e,0,0x1bb5e7b1dfabbab4d4b0b4ca59d622701521528e
0x25c202c2992f653c4ab48585e37b6abfaa2490c5,0x000000f20032b9e171844b00ea507e11960bd94a,1,0x57314f11ec1ff2bc37ac641d39966fe880dc4e15
0xa06409c6fcf4a1e8ec0d86eb68b706989f120c7d,0x000000f20032b9e171844b00ea507e11960bd94a,1,0x63c71c9c21324df39fc43faf6c4576569b245904
0xf252a0d8a05e6ce7b85344d87bf0e5bb4d5ad87f,0x17c7768165145894e2f0936876d1f52e75bc2c73,0,0x17c7768165145894e2f0936876d1f52e75bc2c73
0x986dbb1a3de82d66fd411e1da96dc6dd519bea39,0x000000f20032b9e171844b00ea507e11960bd94a,1,0x3522efa6312fa3900d8dea6c480ca213734027d0
0x5939743efdc94fbff0ed3f5e9114f2b06504c7b3,0x000000f20032b9e171844b00ea507e11960bd94a,1,0x29b1005e3bb9743ba80842f90efaf7eab40812c4
0x47feb58a8cdf145f64472076c9bcfb7c7f861d66,0x000000f20032b9e171844b00ea507e11960bd94a,1,0x8a919eedaace3ad61a1280965d5c5b298600169a
0x2e0108490cf573dea69f6ce5177689bc449f2948,0x000000008924d42d98026c656545c3c1fb3ad31c,1,0x611754669eb86690a966e98cfa7c81b3407e98ca
0x0fe44c6b32e81625d9a8c1a360f59167ccb3aeb4,0x1389a77d65257a7bf4c54f06993098880c48d449,0,0x1389a77d65257a7bf4c54f06993098880c48d449
0xe6a4e148fed421d5dc46690665df81b328f0889b,0x0ba040e2c8e395862e31f32b72722cf17ff9ea33,0,0x0ba040e2c8e395862e31f32b72722cf17ff9ea33
0x99b338de68b2222caaf3bf1f847e0b4e87c2fa83,0x640de47b2509285a15edd2f378868fb6b6fd3db4,0,0x640de47b2509285a15edd2f378868fb6b6fd3db4
0x15dfa2276c1be07daab330765a23773dce2973f7,0x000000f20032b9e171844b00ea507e11960bd94a,1,0x42a5da18e97bd6f0343dc726d676a7854f41055d
0xbf7aad0a8b157121acb2eb4f770e5486e6d8fb53,0x19478179ef8bb7c4792a4041903080e097d137dd,1,0xac86beb2beaa2ec98dc507491ce7c92fb95c27d3
0x27aeaddbf95a0e6bce279dc148ebc2b6ac7270c2,0x612e2daddc89d91409e40f946f9f7cfe422e777e,1,0x6b819e0c3b3248e000b9886ee0cd35deeea315f9
0x837242b5506954b9141d297b30d874abc5843a0f,0x6755377e2ef1a73b56d9af4e7bf5a09dfe055728,0,0x6755377e2ef1a73b56d9af4e7bf5a09dfe055728
0x89fb0615ab5b9ba071c38023a635ac69f060be68,0x612e2daddc89d91409e40f946f9f7cfe422e777e,1,0x4e69c6355f5c3c4daeb1e67ad2db62f65a135d65
0xc8f52fd0d5e1e26eb90e26bdadb983b324896164,0x000000f20032b9e171844b00ea507e11960bd94a,1,0x31be1dea6ea5f5ed583991da68b49720e9baf432
0x1cc3035c3745441f26ffebe1eda0219c9add1230,0x612e2daddc89d91409e40f946f9f7cfe422e777e,1,0x96fd1c99d59f0830510f4f252727d1d0dcadfa1b
0x686ff9f5a11e7d0a86e64a6ac0dc6b99bc03417c,0x000000f20032b9e171844b00ea507e11960bd94a,1,0xad78143c1d314a011fc23ef4e0c4aea25a258bde
0x39e0611f549f040f5d780396af497784a2d8d6a8,0x736353be76d2419496b0a4869985dffb0fe1173a,0,0x736353be76d2419496b0a4869985dffb0fe1173a
0x9b06b23d8e8c67d9b103aeec32e79a7b413346a9,0x0cc987d6a99dc30338968eb5b91ca108734dc3d4,0,0x0cc987d6a99dc30338968eb5b91ca108734dc3d4
0xdf4d3a066e0883e8c181df3eca026172adedf2b3,0x612e2daddc89d91409e40f946f9f7cfe422e777e,1,0xa2164514f8e2d9c5f6662bd96a76c90164bf8bc5
0xd50b262a08a4fd3ac36afe4cbbcc5948e68c5790,0x000000f20032b9e171844b00ea507e11960bd94a,1,0xc20d8df1ad0283fffe7b09f3898d8337b9e8f166
0x53894ec021245adb6a7c556bb0f0ad83544c0e33,0x8539a95f95b97db8a4a0d20e77ba4aebea0dcd13,0,0x8539a95f95b97db8a4a0d20e77ba4aebea0dcd13
0xb7fd44e1730befc7e46415c61c77329fd29ad197,0x000000f20032b9e171844b00ea507e11960bd94a,1,0xeca7cd4cadfb2e9984e449acc97114cc5fd19756
0x609ddd7109403a6b97138e2ad9b45d797144d7e2,0x612e2daddc89d91409e40f946f9f7cfe422e777e,1,0x8a8035f056af830b7205c58c1dc037f826fc2b92
0x40b57e587f1f036f3f4a5eec7248df7aa36dc709,0x000000f20032b9e171844b00ea507e11960bd94a,1,0x1c784bb7341f5761c3a9f796f224ea42b0245511
0x7a2b4af1dd96a48bff1f472bb9e36de490319b2e,0x612e2daddc89d91409e40f946f9f7cfe422e777e,1,0xca9d039a49726cc52e035a8402535b958a63bcd4
0x5210a14e685a374baffccd9a5e6d84bd80d349c8,0x000000f20032b9e171844b00ea507e11960bd94a,1,0xea11f60b2bb7f2b015c6de57651b52b31490676d
0x16402fc0e133622665ab66dd23474b53f97cbbed,0x6bb18a359b5dc4adbf389671f31aa086bd1064e0,0,0x6bb18a359b5dc4adbf389671f31aa086bd1064e0
0x19239b8798878ae6bc9d26d25d7983989e8691dd,0xad4dabcd7987e25cdafc2fc780e85eb675fcaffc,0,0xad4dabcd7987e25cdafc2fc780e85eb675fcaffc
0xd903761cec761474dfad0b8864e221c2c39d1136,0x000000f20032b9e171844b00ea507e11960bd94a,1,0xfc265ee4cc9fbb3030acfe7331a6208ff849a783
0xb5c51e18c6325f4ae9f8677232f631aa43c1a0ac,0x612e2daddc89d91409e40f946f9f7cfe422e777e,1,0xd3502a41edecc95cc07a339dffc92e764e45090c
0xb8e15c02f3fb2f0b1ebc32345c0e769fb8d57c7d,0x612e2daddc89d91409e40f946f9f7cfe422e777e,1,0xd628ff9fadad6739bf20ce304de952c207442441
0xc9255bd242c00bef8f24393703b52ce66d894633,0x000000f20032b9e171844b00ea507e11960bd94a,1,0xcf24d4126b197bbd6393ae84add148fbca9b8562
0x753b27cef772b89fe5052fa03bc188de46966390,0x0000000000003d61b3d0a96b70b9c9006947759c,1,0x974f2bfa4df68a3acde38e1b28b8804a865f01a1
0xa2b57c674b9d0490b64b8c7ad3f33988ce60985f,0x666a023af1d001760b0e4738bfa20748f452df13,0,0x666a023af1d001760b0e4738bfa20748f452df13
0xdf9286aa60857f69007f3ea55cbe132bd31a65ab,0x4d473a88dacdda25f4da862c46013324e833f355,0,0x4d473a88dacdda25f4da862c46013324e833f355
0xf8d9f50e4c0c0631770029531c6c5dca7b0da535,0x000000f20032b9e171844b00ea507e11960bd94a,1,0x3e4cd24b712736abce76cce4c252bc83ed7086d3
0x9c4243d97b75164aed5b990dfe0485a4c38c96db,0x76f948e5f13b9a84a81e5681df8682bbf524805e,1,0x38b5f083b11f18f233228984e9016fa3ac1edc9c
0xd7f774b751ded8b5eca381031e559e09402d90cf,0x000000f20032b9e171844b00ea507e11960bd94a,1,0x81ba635ec200ca28286e554937f1732ff64191f8
0x97ffb5131245b2af424d30d2a2c89043ed67b2f6,0x000000f20032b9e171844b00ea507e11960bd94a,1,0x95bba626f0df583f14c7cb5f3b432dd8af965693
0x4e0af8a909b318da6367fd5df070ca393ef1fdc9,0x000000f20032b9e171844b00ea507e11960bd94a,1,0x6cdf12b6e5568683ea72960ce9125e2ab14b588c
0x12f58955ed6e525f8bffad52cd18edffcceffbc0,0x000000008924d42d98026c656545c3c1fb3ad31c,1,0x06fdad66d6fae4bfd1d8964c1d3f6119cefbe31c
0xc0217a181fc2c5c3373eba425294a014f9b00d10,0x612e2daddc89d91409e40f946f9f7cfe422e777e,1,0xddd2a4139166a4d0ca21251ef9533ef88bf3b0a1
0x995b4a37259ae6684c37385b8095c61c25c2c3f0,0x0000000000003d61b3d0a96b70b9c9006947759c,1,0xdf8671f53db260239e0ab0af114ac85a0f3ef028
0xc98e069641e091ba65e1dc071367cce7356accd8,0x612e2daddc89d91409e40f946f9f7cfe422e777e,1,0xd9d98f64474118cafd2e74197e84b7db09dd0d14
0x9fe7a6bb5997d76d6532d4f0da41acfb4c748a96,0x612e2daddc89d91409e40f946f9f7cfe422e777e,1,0x0c7a1bcbe39e1fbbc9b29a15272c0cdabcb5572d
0x8d1a4931b217fc9ef475da0356bed2fbd1c61797,0x612e2daddc89d91409e40f946f9f7cfe422e777e,1,0xbe12ff7942bde3c77db1b55751c7ad5cfc7fc2b8
0xa6cddbf9bfd105cde36da16de6a0bb7ed174ea3a,0x000000f20032b9e171844b00ea507e11960bd94a,1,0x57159ae49ed6e9bac9a50663256cbcea65740e8a
0x2d02b27cc9abf52f5390c128b598dac020eef8c8,0x000000f20032b9e171844b00ea507e11960bd94a,1,0x1a7f32c517a2ef311715e39e2122535a3494325d
0xbdfe68ad02797fe4e32ad721280095d77e85c5b8,0x92c159895901439caa212997d505083a2fe88885,1,0x79314a86b6684768e657d70caef03713ae03a393
0xd185977048991a44fca31705784bd9171181549d,0x000000f20032b9e171844b00ea507e11960bd94a,1,0xda4348b7cac9c1f6d2f7f9a6175b8c55c5c5a114
0xb73fa0b29af5198639e60a1465e902899c83c1b6,0x000000f20032b9e171844b00ea507e11960bd94a,1,0x978d5ad2edde5f79ce8a20ac54d51edf9322103e
0xb6fb0bd09c9eaadc98d62a74b4fe2736f19a9d7e,0x1274ba6419672dc3ba991d956741e03750493b18,0,0x1274ba6419672dc3ba991d956741e03750493b18
0x5542b8b99a3ae2c5503bbfcf3d0dd42fe580a904,0x316131e9b01a62f3b10f397a1b6dee12de182a8c,0,0x316131e9b01a62f3b10f397a1b6dee12de182a8c
0xdebcf886ca36391c4705858be3bb3b219bc8ed48,0x000000f20032b9e171844b00ea507e11960bd94a,1,0x8965e454a10c2237eb93c542ae035a35f5508112
0x7fc7dfef12682c8c5712bc4694c19b1efbd02fba,0x000000f20032b9e171844b00ea507e11960bd94a,1,0xce737e2f9d28ee6da2d2e90febcf02dca05ae342
0xd70d74300708417c974b507c3f2bce2669f73d04,0x000000f20032b9e171844b00ea507e11960bd94a,1,0x39aec895bf6a6fd0c860ffcdeb830518ba7b5a07
0x130bd85f3ef78c24fe12ea110259a72e4f3abd26,0x000000f20032b9e171844b00ea507e11960bd94a,1,0xa5846ee171be1874830166f1d41013cb0df03f30
0x19d07e3c29bf4b0ec8f4ac4e7787dd93acb9e8bb,0x24655994252b3aa038aa2ae9feb6049f2b772a39,0,0x24655994252b3aa038aa2ae9feb6049f2b772a39
0x3061ab7151d38344faf0af6af466c9e580c4761a,0x41215bf378924e01a77700ee07124917f4c6960a,0,0x41215bf378924e01a77700ee07124917f4c6960a
0xbec983b2f6689c7a134fbfb77a8f910e8ab6e937,0x000000f20032b9e171844b00ea507e11960bd94a,1,0x6fff4608e8b6c01733c57456bf4ebec9dc5715b8
0xc0d7215a33ec66cafd423c256dcc4c7c47b929f5,0x000000f20032b9e171844b00ea507e11960bd94a,1,0x9ef08506e18d382efb77668402690cf60be558e3
0x0b098e36b58ad1bd2cc7de9b5c98f85fe1dce178,0xa6c5f2de915240270dac655152c3f6a91748cb85,1,0xb04538bc4877d2035bf37e985d1c425c6f021f65
0x4643ab53013b3ad6d53f45941aa4a701bae283e5,0x4c6fa7dfe5b22432eaa3a6be8bf0e190ce9a5681,0,0x4c6fa7dfe5b22432eaa3a6be8bf0e190ce9a5681
0xd46a91df00294f7ae4cce3e7d506f33fd2e9cbe8,0x39cb175c910e6d0992dc2c45aeb98ba7b65447c6,1,0x44f52599798e66d7f45f5a20fffb805cc33c65b4
0x3b12d7ca2588ba9787df5ca272a31720301c1914,0x000000f20032b9e171844b00ea507e11960bd94a,1,0x46ce92ff0519d47aae71acf69496e2fe1bc0c1e9
0x7827af838d9ee49b72376452ce02b14f1956e486,0x76f948e5f13b9a84a81e5681df8682bbf524805e,1,0x407a49ac95f291e11ceb6da8e8e33c346d35c06c
0x815a71f8dab357527f70285c0035d7e9ce3eba48,0x000000f20032b9e171844b00ea507e11960bd94a,1,0x9ab73c1156a9c3a0e4a90e7afc8d7a8ad6353adb
0x25d12d704714f59aaad8274f9cac8aac2953363e,0xf8a8e84684eb7c7293f82481c4e35ebc5f78ac61,0,0xf8a8e84684eb7c7293f82481c4e35ebc5f78ac61
0xe0d3ca0e8f8b9168e31b8595726aa65b776786f0,0xcb07690482962a3a85313c37847eb658abdc1b55,0,0xcb07690482962a3a85313c37847eb658abdc1b55
0x5653d9699f655dc13b5db2325fcffa6b4bf7ab0d,0x000000f20032b9e171844b00ea507e11960bd94a,1,0xe4c0a5b6ae2f34aa15f94877afa5b8fbf18f47dc
0xb51909d2c5ca15f564a571ee5051f4ba001f8b6c,0x000000f20032b9e171844b00ea507e11960bd94a,1,0xee93353a7314fad608dc56917753d3e6ef0625c1
0xb320706b51482cb591d0a517d7465d3fd26b8166,0x612e2daddc89d91409e40f946f9f7cfe422e777e,1,0x6d4a1881dd43aabd4414445c7dacdd2367330852
0x2b13c12fbec5e00b14bde273ca7f969140567913,0x612e2daddc89d91409e40f946f9f7cfe422e777e,1,0xc8b43457bfa3e1c65d54ddbe3cbbe3807f7bed0c
0xd5d8dd07ac9f8733d8bba0ebb4daa7baecb5c1e5,0x6e42262978de5233c8d5b05b128c121fba110da4,1,0xb80c1ee6d2f5e7fa4bece660bb65aea5a9e9ee59
0x69716cc754cc87256e4996457753229a227e339e,0x612e2daddc89d91409e40f946f9f7cfe422e777e,1,0xcadec70e72b765096a56ba33885be36294187000
0x24a429500b4f32c13cde5251173104a83e38c7c6,0x000000f20032b9e171844b00ea507e11960bd94a,1,0xd144f423172d3ed9a79c65afa7c6ad299589d79e
0x80fcfb449b7852512cc61d741071649f60bc493b,0x000000f20032b9e171844b00ea507e11960bd94a,1,0x397496c9f0e2f27be688bf5b95c979172b016684
0x042f33f143ebed4fd4dbfe5dfbc3dbc4fff519d1,0x454908004f88436f46efac5578b4984fe1375206,0,0x454908004f88436f46efac5578b4984fe1375206
0x6b8a64c15bcc421970b900f08dde3df6579485a0,0x000000f20032b9e171844b00ea507e11960bd94a,1,0x56c875db3f31c09ed344e61b6248da6465aa2b2a
0x85533e7256dffb55bc0a93c44dc042a592df1994,0x000000f20032b9e171844b00ea507e11960bd94a,1,0x4374eb902672ff56f1754c7f99db1693ef3eb860
0x4ef645373c109ceb6887f3c38cbbcd7fd73708e4,0x612e2daddc89d91409e40f946f9f7cfe422e777e,1,0xb26ebaa6c8cbc93ee305165b01bb24c8913560af
0x46666be17bb97b44facf837d8e7b6bb643e78c32,0x1fb7b6306883d323a1523dc483b7bb06b78525fb,0,0x1fb7b6306883d323a1523dc483b7bb06b78525fb
0x961ae5d468a0cc8b52b4114d8706fb822012f9eb,0xa01f6fed4134590b98539ea4ac8f03e8d74baa03,0,0xa01f6fed4134590b98539ea4ac8f03e8d74baa03
0x0ba38b0cae940c6bd2ee999f7db56b08bb2167ed,0x000000f20032b9e171844b00ea507e11960bd94a,1,0xcf24d4126b197bbd6393ae84add148fbca9b8562
0xccf21c074d04dc8ade42763d4c3fb1ebaf602325,0x0000000000aec84f5bfc2af15eafb943bf4e3522,1,0xcb3773f781702ea6ca28932db5875ae8e1911a57
0xa23ef9bac9f6074c5e89446398c986c1a7fc1f49,0x93e3da489dfcd40f393750a160b7fd4a2d7fe2ae,1,0xe1f3e472f14a9515e850b65270e7783e152f24dc
0xfcd66758dd31180bbe547e12f5d5ac8c37084fec,0x000000f20032b9e171844b00ea507e11960bd94a,1,0xaf036f9306471504088c10fe723ca47bc2c9ab51
0x4b9786cadd939bf33816c9e78888c326df4ff051,0x000000f20032b9e171844b00ea507e11960bd94a,1,0xc63b4b48a2f11fa4ca5c74b6c1ea2c7bad7fb54e
0x34395a484a8092c5085085d46d2108eb0a512021,0x612e2daddc89d91409e40f946f9f7cfe422e777e,1,0xa6e5411a621a00d5195bb55d736505f4a5e7c289
0x08f02904aa98043ceee26556d7a3199b5e1cba7a,0x000000f20032b9e171844b00ea507e11960bd94a,1,0xc362f60890c2b289d477fc5d4457cbecda462f8d
0x549d81078d50dc5dc9fabcc32af19b60a9cff2d3,0xaaa9aca0d2aff48aab572de4d24088a80f2ae452,0,0xaaa9aca0d2aff48aab572de4d24088a80f2ae452
0xf4863af6151fad4b1fbb9c331a705e16b2d547aa,0x000000f20032b9e171844b00ea507e11960bd94a,1,0xb94a464e2df941dfb5c9128db46786dae3ee7e8d
0x7298909cfbf21c06ce515b795154db4246d6e733,0x284a3aee184d60786a5a2a608d1d85029d643adc,0,0x284a3aee184d60786a5a2a608d1d85029d643adc
0x57602f528900f54a841dc98cdd412194569556b7,0xce417118275171e1f2ce1ca5206b897be17f0134,1,0x554c280fcb44fcb43a70d7392e85580591008265
0x8cea5f28c98a738ffd21dc8b20763a8e44c5b1a1,0x8e51fcdbc2bce3e6d33b036fce7da998469e0b66,0,0x8e51fcdbc2bce3e6d33b036fce7da998469e0b66
0xf91931d5cd082cbebb8ae3d3c0e382c55b09465d,0x612e2daddc89d91409e40f946f9f7cfe422e777e,1,0xa2fc60cccebff02ad6e055f1e4dd0e8d0106e1f6
0x22b1998f297c710b9473b1e1b831a682a9e79963,0x75f52aef21c1692afa9bbe897a31db3002baf6c3,0,0x75f52aef21c1692afa9bbe897a31db3002baf6c3
0xf23be343ddf7791a7f21b0791fd8c2dd37d2793e,0x000000f20032b9e171844b00ea507e11960bd94a,1,0x954f4e1784e728d6f7ea8f153738904519a53176
0x6b6016cde1d8d9f7ddb9ab0d25a02d3726be1016,0x000000f20032b9e171844b00ea507e11960bd94a,1,0x43d5504046e6f3c67c823e4379abb33532d66f26
0x6dc3e7a126bcc1071f67272a4c0958e2ef2be246,0x000000f20032b9e171844b00ea507e11960bd94a,1,0x2c8ff365b74e29e08577552d8c83e29f1b006db4
0xffeb071e9f9cfa773ff50c1e37a79cd691d117b0,0xb796f2847b022c91bf80cdab05c3f0c0c948963c,0,0xb796f2847b022c91bf80cdab05c3f0c0c948963c
0x59c4e23a92619246366773ebebd5b478b5c5044f,0x000000f20032b9e171844b00ea507e11960bd94a,1,0xf01a0c81cd2ffd483c4eb53b1393cedb2e273ee1
0x6371f0817e3329c5c09be57649b912e6ec4fce0a,0x612e2daddc89d91409e40f946f9f7cfe422e777e,1,0x7a6fe987fb367eeefb2afed086d12275de064c45
0xebd04b7a9dd0c3c3a9602e3b59a764549de99287,0x000000f20032b9e171844b00ea507e11960bd94a,1,0x810659a3b5ef12abc13dff83b482c430bd9700b6
0x7a5a9ddbbb10726daf19aedf8d8c402e44dc5215,0x3c947ef7299e385f82a1dfffd65892ec62dd1f59,1,0xd1eaefbeffd4106a1a166cd26a1fe23140d6a42e
0x3c947ef7299e385f82a1dfffd65892ec62dd1f59,0x000000002c93cad6f9cfd00c603aef62458d8a48,1,0xd1eaefbeffd4106a1a166cd26a1fe23140d6a42e
0x36a87ad1679e942b7cf15c7cb6f36c32ad0f367c,0x000000008924d42d98026c656545c3c1fb3ad31c,1,0x57ae16b9726b620f4326bdbb40bcefac013922f5
0x329c8e87efee61eb573b264e1a18e12bb85f8ac0,0x76f948e5f13b9a84a81e5681df8682bbf524805e,1,0x9d459742c40a8be84d7b153264b7724c3ccbccd0
0xf724a756b1ea2cbd530e7e2b9745f9da64a298d8,0x612e2daddc89d91409e40f946f9f7cfe422e777e,1,0x427817081635de5a3f2679b5fb673a912ecfe878
0xe0f9354f9cc6158debffbb2a14937eecbfe1152d,0x000000f20032b9e171844b00ea507e11960bd94a,1,0x7c629301c549c3fe274f90941148b0265f269ae8
0x7ffce236bccf4041f748ed72da496b4bdee548d3,0x000000f20032b9e171844b00ea507e11960bd94a,1,0x24faf37f019eee01c2c7710892799f5c9e82b01a
0x216e8b6742b733bfc25b065bbe98c471e51e230c,0x612e2daddc89d91409e40f946f9f7cfe422e777e,1,0x39a7efb3b3e225154b1154ddb205958d8d5fc13a
0x43c080180c7f4a10a9779a3823ee65a10aa4ca49,0x000000f20032b9e171844b00ea507e11960bd94a,1,0xf3902136be681353b57037c94024584fa2c9b237
0x466fad5af9ece99aba831ad13d9946d57062a2f1,0x000000f20032b9e171844b00ea507e11960bd94a,1,0x7f7e454b86f4e54b0905230a49855de61e332b5e
0xd2479faf9322f7b2dc4e69d2597d18b8280a98ff,0x000000f20032b9e171844b00ea507e11960bd94a,1,0xadfeb7e06e52338747dc35dc8263fab6a73ff6ad
0xd17dc5889fc54c3ef9fc245884db84e3ac14b77f,0x000000f20032b9e171844b00ea507e11960bd94a,1,0x0f7927ac85e6c5e1005cf7f423e35133cf5a3d91
0x391960562a37a42f1ea32e5501ce9b92c18b50b2,0x2f0a7a2c53e7b2fde7e0692a341d4dc3109f919e,0,0x2f0a7a2c53e7b2fde7e0692a341d4dc3109f919e
0xa69723e08eaefa4e9a8405142222e7d0057717af,0x612e2daddc89d91409e40f946f9f7cfe422e777e,1,0xed76fed2aa0a3d614770216cbc6dd202d94acb5b
0x2b03541a78781ad5a9e8240c45e6b0e8e5e20af1,0x000000f20032b9e171844b00ea507e11960bd94a,1,0x4d77af1b37c0db5e21a40220762c29fcdc6102a9
0x89447fd66d0cb226497a9f929d6225c8afa7694e,0x000000f20032b9e171844b00ea507e11960bd94a,1,0x704f427c726f7f9cb7650e67ad97f935abb89fc9
0x8876bd806bf1980dea24054b7f0268655db6084d,0x000000f20032b9e171844b00ea507e11960bd94a,1,0xdcb9990636015444094cef97528bf0f751f505b8
0x0346812cb907bd5582566595cf06a143a5ec1793,0xa6c5f2de915240270dac655152c3f6a91748cb85,1,0x9ff26d7e160a52064b328e38793e3569acbcae99
0x0b567f262868952a3290e39be0d63e28dbc513f6,0xa9011c4cfd1207eb2735f8fa67a65baf4f24fcad,0,0xa9011c4cfd1207eb2735f8fa67a65baf4f24fcad
0x584e8e895be20d0fd2c5253c4869bfbe23f38985,0x19478179ef8bb7c4792a4041903080e097d137dd,1,0x6ed9582049640d94199c3e78358ba1c56a62d16e
0xbec67580069e4df71f1804c49e623e92c798faa3,0x612e2daddc89d91409e40f946f9f7cfe422e777e,1,0xee947e8d14cbd951105751bbe7d0a4480b6791d3
0x7425a96d11a41dc89611b2478217af8bbbd6311a,0xa6c5f2de915240270dac655152c3f6a91748cb85,1,0xa9a5c7b2f310846754efd75e0a2d4acb7a51ba0d
0x59ebf57855178bce19c24a126adb9164fb1149b7,0x612e2daddc89d91409e40f946f9f7cfe422e777e,1,0x4f1c262fa37153575df5386d0650356fe9c7d75e
0xc3866e6b5b4e44e3010a1be2971206e0dd3bb75e,0x086110f3b19e992e6d33cf4f15ddfd24a77c8d39,1,0xe93685f3bba03016f02bd1828badd6195988d950
0x036b94dc125552a7f69627ce5b69b2b56d5c69a2,0x15d51e51caf5585a40cb965080098bfb68af3336,0,0x15d51e51caf5585a40cb965080098bfb68af3336
0xe61259093a6fccdc5037bfb77fe609d60a10b6a9,0x0ab8a1ae70a68facb89f38041b9909ce98ff604f,0,0x0ab8a1ae70a68facb89f38041b9909ce98ff604f
0x089ff8454b2e204ae912e224947770e4dfa594a9,0xae20f0454cc764619489087fb7ef4c3e890062a0,0,0xae20f0454cc764619489087fb7ef4c3e890062a0
0x8e1eb29bdd24ffdeec9e1d9f988159cc1069f13e,0x000000f20032b9e171844b00ea507e11960bd94a,1,0x655a37c790502d0670bcd6c94da17045000145c0
0xea55b8a395a2bd03e537b53c313fe5a332637e40,0x000000f20032b9e171844b00ea507e11960bd94a,1,0x11a2ae1ec27f5d5b0bf03844afbeb8eff1546c7d
0xaf78096150f374b56870ac199e29c122caa56d9d,0x442295de8a31d65026dbc09c29d469f6854f188a,1,0x7f5a0a6847fd0fa05c13cbc02f435047b429e37c
0xb80ff78e26ab93f9fa1cf10888d9b9f6afc8b37f,0x000000f20032b9e171844b00ea507e11960bd94a,1,0x2ed502a704f3590b9eaa59ca1e88a6b457dd577c
0x593aa7e83a289c8cdf949e1815673194a4e9b71d,0x8cc0019c16bced6891a96d32ff36feab4a663a40,0,0x8cc0019c16bced6891a96d32ff36feab4a663a40
0xcc464e888da36e11925337ef7b0f2f1e76b3e0bb,0x612e2daddc89d91409e40f946f9f7cfe422e777e,1,0xef4374f56510393294d12a7f90f56c93c3bfd8e9
0x8cbd203b7a3a251c3e6c7487e73ec8fde70c7df3,0x11a91291e91708713a07aa93457da6cec8491c61,0,0x11a91291e91708713a07aa93457da6cec8491c61
0x87efbb33e80c4f887f5bd588ed19201361fba66d,0x7354936bc7a72c8baf5a2f9262e70a52c427be4a,1,0xbc88ae7f89939a4b21e5498f8fa0bc13de54cddc
0x2a64c0eeaffa768181375175c771711361c515fa,0x442295de8a31d65026dbc09c29d469f6854f188a,1,0x9ee6a7875227c7c9b1ca0adbde1608269582c70f
0x0b0379123f38831ade7555f6f0eb9fd2345cf50e,0x000000f20032b9e171844b00ea507e11960bd94a,1,0x4c4f98dabf250f803b3b369e84634922dbaa9fa2
0x3680e31b050f3c57e5e82f4a910bc99ba7e462fb,0x612e2daddc89d91409e40f946f9f7cfe422e777e,1,0x1c552d22f8ef5e238fa9a2ee6bb37ecbdd17595a
0xef83c9cf4d7630a68ede2946c4f32730b7998456,0x612e2daddc89d91409e40f946f9f7cfe422e777e,1,0x29d7e1da8daca7a9d1edaec80255bbaf0eef594a
0xe02546e3401585680610776b5d18b7397520a7b9,0x000000008924d42d98026c656545c3c1fb3ad31c,1,0xa935f154a8d84a8d1c6a29a3a1d6aa1a7a460398
0xf84c1e0c7de5a2146a7b35c907576f99d641719e,0x612e2daddc89d91409e40f946f9f7cfe422e777e,1,0x7a1682faf72e41e1e23a11a4cc248c1d4444eb9f
0x0131063d15443460c8eb15563b00113bb59662bb,0x612e2daddc89d91409e40f946f9f7cfe422e777e,1,0xc20b32657639b46f8890dee32c885afe00025802
0x230e4b9bbb24813caeb22d7257bd0ea3aa63295a,0x612e2daddc89d91409e40f946f9f7cfe422e777e,1,0x81cc15402a47f18e210aa57fb9370a1b5525047e
0x1bb42f571756506b1f627f74da7517bb7088a731,0xd0341c73abafc83ab13979059ca52ee77080ff7f,0,0xd0341c73abafc83ab13979059ca52ee77080ff7f
0xb47cca2e3f60d5bdbe821f401bd1d260fceb63c6,0x612e2daddc89d91409e40f946f9f7cfe422e777e,1,0xc8b43457bfa3e1c65d54ddbe3cbbe3807f7bed0c
0x814219e21c45f559a5f220adbd9c9425a9ae37c8,0x000000f20032b9e171844b00ea507e11960bd94a,1,0x7b2371218928ea453dcb9defb20debd82e0a95a0
0x4b5103bd24655894a69f50737eb20b7b2bbb5046,0x612e2daddc89d91409e40f946f9f7cfe422e777e,1,0xf6bc3f5c616786133367cb14f065c06a29e5bd50
0x09926c61f81017af00ea3312641036d02f11ea0f,0x000000f20032b9e171844b00ea507e11960bd94a,1,0x2b3d31fbaa61611d2d5ba5952bedb08e87d80483
0x24a61b5313eeab8b1fca62ecd56303aeb5652af7,0x000000f20032b9e171844b00ea507e11960bd94a,1,0x66b9b078c892ed881064b0bb290e68826416e631
0x8de145b4c342029a23233f6bc3235ce516c79bb0,0xf672c31e2458732b1909baef79cb9260299beae5,0,0xf672c31e2458732b1909baef79cb9260299beae5
0x02b4ca86da5e0e7df392f2feff101c173f4f4570,0x55f9f26b3d7a4459205c70994c11775629530ea5,1,0x5a37762c5687e67bb6db2a9d1402e9eee8399cd8
0x9740754701b03ececed3494d704f5ac3b3ccf60c,0x612e2daddc89d91409e40f946f9f7cfe422e777e,1,0x024a59b3edd20e2f8e4ddab8719d2d60eff5a27b
0xe2481cc3334b7ef4cfe9a820666b69db6c3c7b46,0x000000f20032b9e171844b00ea507e11960bd94a,1,0x7dadb39b69e1cbe5fbe5ad327ee45934dd6c19b9
0x9d257de10f3c9d79f087b930effed7f69202c93d,0x000000f20032b9e171844b00ea507e11960bd94a,1,0x63d41f48fade89757a45889a0494b80a5e1d09c5
0x4ceeeaca197c666dbc7cec033a3100f226ddda9a,0x000000f20032b9e171844b00ea507e11960bd94a,1,0xcd3accc62efad3c4b36db63c85046efb2d093a8d
0x10d3dedf5345c4b32a25e9b676d06f46af2acab7,0x000000f20032b9e171844b00ea507e11960bd94a,1,0xd57d94a5b936ba8871232ec0c7da0f792adae345
0xd46d28cb3359a502d8c06af26f8f60babe3bbd74,0x612e2daddc89d91409e40f946f9f7cfe422e777e,1,0xa6db99d7ea9bfbbf93c065235e45141412f89acb
0xd171fa0bd6724e372ccfc76e862c6082c7e06cfd,0x000000f20032b9e171844b00ea507e11960bd94a,1,0x5d8e47f24fd6308775f609ea27eeec930fe81026
0x375eb1742a5849a733c774d3d92f0abfedb5b04b,0xf74b146ce44cc162b601dec3be331784db111dc1,1,0x8f3a83a3356d2666d89d027544bbaffa12139e3c
0xcb1dea86950fb0932bcfcc939b3089b0e0bc24dc,0x96352804c5a3215b33f8fef0e0993e9453ba495f,0,0x96352804c5a3215b33f8fef0e0993e9453ba495f
0x6d490e1447a520774ef17a92886307c5283da588,0x000000f20032b9e171844b00ea507e11960bd94a,1,0x6db620806b754f48ee6439c5de888aea3411dff0
0x483cde29367252d2d058ecad0de33fca244bbf00,0x000000002c93cad6f9cfd00c603aef62458d8a48,1,0xae4705dc0816ee6d8a13f1c72780ec5021915fed
0xf73a6862f88d067b55d498c742d49b14bc77b65a,0x483cde29367252d2d058ecad0de33fca244bbf00,1,0xae4705dc0816ee6d8a13f1c72780ec5021915fed
0x95faa23611b35001e7918cb48c3573c7fb2b7536,0x612e2daddc89d91409e40f946f9f7cfe422e777e,1,0xe7540b681db047fbf0e49cd5d7b213b31499f4da
0x6bd322a464f0a41a30ea53db692216675cde1466,0x000000f20032b9e171844b00ea507e11960bd94a,1,0x764c60229105653df02e5f8fee0fd0bf0a50caaa
0x9a2089b3fc77a5da1f3ffa81515486e76256ae98,0xe75a4f8f46a2f5dd0a416c46e13c96aaafc2fad4,0,0xe75a4f8f46a2f5dd0a416c46e13c96aaafc2fad4
0xf1c1c1d8c01e398079f1120e8abb05a7bc37f5b4,0x000000f20032b9e171844b00ea507e11960bd94a,1,0xedb3fda423956e58fa1e69a3bf29795ecdfd01e2
0xf410979e586954c5541f91e155ff0465408c3061,0x000000f20032b9e171844b00ea507e11960bd94a,1,0xf9d6d77ada603da70586b8422627c70c79c5a3a9
0x2c3ef6b6755d68e26f82204876092552a355b7b6,0x0b0ef7d9d87fdb2deba35fccbbf6fc444ff1c449,0,0x0b0ef7d9d87fdb2deba35fccbbf6fc444ff1c449
0x88693a0799b5a54c1e22a809d43e17f767f20ae5,0x000000008924d42d98026c656545c3c1fb3ad31c,1,0xf6720497edfe2d50945b3624574eff3c8299fe3b
0xbdf45c035b62bba94bf280966e99e496e405b985,0x000000f20032b9e171844b00ea507e11960bd94a,1,0x319a4f55fd06806e1017f369d419bb5e87017c2f
0x8f4e30756d125e2025731f12c926101d547d3f31,0x3681aed90331bad3c7729e9c7c383f447b48d619,0,0x3681aed90331bad3c7729e9c7c383f447b48d619
0xd2f79a852ab7ac59697ec92da0081851a9e5c085,0x76f948e5f13b9a84a81e5681df8682bbf524805e,1,0xb8b57ad4c974a1dc97eb699253f7dd256b119b9f
0xdf66b4dbd1befc60d6db935e338ece6dd6fb662f,0xf74b146ce44cc162b601dec3be331784db111dc1,1,0xcb43078c32423f5348cab5885911c3b5fae217f9
0x7cbe8d54ad056bd634d55101d021220545c0a445,0x612e2daddc89d91409e40f946f9f7cfe422e777e,1,0xccb1d70b2bede30c5ca48dfd4a4d0be844b2ca9c
0xef98ede0a3905ff76e9926c12ba14da2ae0e3f45,0x000000f20032b9e171844b00ea507e11960bd94a,1,0x2c6f456c6fed816edf194ad72b9a0e277830a18b
0xa9e06811b5b204bc81ef72e9ee4d7ee34dff49ae,0x000000f20032b9e171844b00ea507e11960bd94a,1,0xb3333f18aabc9ae35b1a92ef8bcd458307c36424
0xed926aaf26afbd6d7bb32b608f3a01206352c445,0x000000f20032b9e171844b00ea507e11960bd94a,1,0x4ad5df8bfa6de0d1d97c494f2ff4898359e73c12
0x46ce3d6dca6bcf8ac62862c7e104275519018468,0x7354936bc7a72c8baf5a2f9262e70a52c427be4a,1,0x378084c9dfe7968cace310baf8b26602c684c5a1
0xb2620bef89460251f755e5093f0d4f6b608514b7,0x000000f20032b9e171844b00ea507e11960bd94a,1,0x453e527e8b4f3868a563c87f05a678b8984eb1ef
0x69dd26ea33744cf0b3f88171f42ebaa6fe5d3555,0x19478179ef8bb7c4792a4041903080e097d137dd,1,0xc704d94365aa1e2fe748441bdb3c32a2f834854f
0xf36e730a0c70e7d5066d10597e4db410b8f613bf,0x000000008924d42d98026c656545c3c1fb3ad31c,1,0x72fc743f0cad60a11600b3f8fbdde368ff04797a
0x796f79137833cae0d32a912c5abfa027e9790cbb,0x000000f20032b9e171844b00ea507e11960bd94a,1,0xa10c1073351a0bc9b1e649641169ce42a8233ea1
0x759268993f69ba6db0d8f4ec15e97f1c597ae7ad,0x000000f20032b9e171844b00ea507e11960bd94a,1,0xf701b1ec69c59f089ff7879a2655b8af76e5ff9c
0x412b183cabce4fba0343020933bb4257102b68ed,0x000000f20032b9e171844b00ea507e11960bd94a,1,0xf4cfebf42fd87af79308e9cb0fb419fb4f144c65
0x95d352d3935464cb5c96379b3a2905ed5f7eddda,0x612e2daddc89d91409e40f946f9f7cfe422e777e,1,0xed2a8295ec23b132f53a13652b4856cf1e81f400
0x04b29713751eaab269563291995c604141bd3bcc,0x76f948e5f13b9a84a81e5681df8682bbf524805e,1,0xe3a8f118fa278750e80e86ab8b85421c2722e692
0x253628c0c5c9bba24723cb0b153f52296210d620,0x000000f20032b9e171844b00ea507e11960bd94a,1,0xc55d0bdcb8831f17e7575cff82986af58ccd375d
0x627e11c7d416feea076e1093b17052f6932aa3d3,0x612e2daddc89d91409e40f946f9f7cfe422e777e,1,0xed96ed4523404642325dccf84b583c2ddea26a0e
0x0c73f2c56ce90a69480e1219d04f9b5113f17256,0x000000f20032b9e171844b00ea507e11960bd94a,1,0xdfb9bbc99fd874acbee0809aca28d61fbeb21fb9
0xb1a555834ef890403432b81475a3251eada22dd5,0x612e2daddc89d91409e40f946f9f7cfe422e777e,1,0xb60d319664359e5045e204c80ec244bf545b9d95
0xb34bf6c5761171e4f88f49f42a2049f630634757,0xf00f2b96410d027ca2cfc9df6ed029a82fea47bf,0,0xf00f2b96410d027ca2cfc9df6ed029a82fea47bf
0x1a2edfdcfdbcff4f3e1de0f7daa002de4b30d8b4,0x612e2daddc89d91409e40f946f9f7cfe422e777e,1,0xe2906617c0fc9bad975dfd24eed826f00c1065e0
0xb4154642e00b5aa1cabfed74f26a5e51211c1b99,0x612e2daddc89d91409e40f946f9f7cfe422e777e,1,0x6c0ca3c8d004b409540449e52c523f01638c8a48
0x1e4c9b2ba4de0808dd1f7f43112350370be34cdf,0x000000f20032b9e171844b00ea507e11960bd94a,1,0x02f6bfd273319ee6c33214e67cbf3e650fd2e0c4
0x7cabde2f3e644ca36208764a642575a5c441984f,0x612e2daddc89d91409e40f946f9f7cfe422e777e,1,0x1a8fd6fa4471110b16a433baada6194b859d6883
0x69cc0296618bda0dcaf9bd1fd0db3922e6ee6269,0x87574787b9fb5b5bc22d02664093e28757db66d3,0,0x87574787b9fb5b5bc22d02664093e28757db66d3
0xce63f66e081f5a28afc9c548c4ca44e916cc3e58,0x612e2daddc89d91409e40f946f9f7cfe422e777e,1,0xa7625e30eb5356a0b777e9617b55a92dddff2975
0x9cd2b042fc41c9e823c3176faf5c318b6597db35,0x766cadee403212f6fd49afa79e87ee866106b52b,0,0x766cadee403212f6fd49afa79e87ee866106b52b
0xe585368f1f0adf9df374c765a626257d432180b7,0x000000f20032b9e171844b00ea507e11960bd94a,1,0x4d2c5f5d1dfdbf5bea6996214359c3fde5624fe4
0x84f4a4c1dacf129b6adc40fc4e969091a0f2c225,0x612e2daddc89d91409e40f946f9f7cfe422e777e,1,0xce737e2f9d28ee6da2d2e90febcf02dca05ae342
0x068116abe2baf3b8112134403c5c77f868c74e63,0x000000f20032b9e171844b00ea507e11960bd94a,1,0x578d611206d8183973a8df29bba9f8bacf1922ce
0xb9995d6257477b48ea8f2e502114e3ff6fce84ac,0x000000f20032b9e171844b00ea507e11960bd94a,1,0x8e975b0a3df24de208094bc11b55baa8b3d4ab9e
0x77f030b0deaa8e142449d6e71b02eecc9e3864df,0x000000f20032b9e171844b00ea507e11960bd94a,1,0xc975a58d49974195bcb778023e5c84ef10d1f889
0xbbc402e194840fba4ad786f009749d7dc4491a4b,0x000000f20032b9e171844b00ea507e11960bd94a,1,0x6f3d5e0398ee22f5ea68c091b8e362e7aa71c364
0x8afdafaf3b348228a4c568388117396c136a645d,0x000000f20032b9e171844b00ea507e11960bd94a,1,0xcc653d96b050c484646a5f502217559e7083a3fe
0x34a3d79580c21714b93aad6908f373f606afa156,0x76f948e5f13b9a84a81e5681df8682bbf524805e,1,0xbb316075114cabdd6fbf4d08486e9c353eff176c
0x35c5fb37d9b4cb7e2a2d6d6a8b2cce1e5ee46df6,0x000000f20032b9e171844b00ea507e11960bd94a,1,0x0512e905e890f965fbfe145e9567d424f0870f11
0xd45c910556085e5480d70d34b6532e2a16a787b2,0x000000f20032b9e171844b00ea507e11960bd94a,1,0x94e913f346e95b80cb7194d048f2a992b45831fc
0xebc26cdc3fabd4779d00acf33cc9fc19126da569,0xef59f379b48f2e92abd94adcbf714d170967925d,0,0xef59f379b48f2e92abd94adcbf714d170967925d
0x4d3945708908aa2ca1bccf96f3b88167ad1be4a6,0x76f948e5f13b9a84a81e5681df8682bbf524805e,1,0xfda0f8ac2a0465ecd416a20e43b497e42dd6957b
0xbcb745e2027c0718c56d4f5788456e2f3ec6ead0,0x000000f20032b9e171844b00ea507e11960bd94a,1,0xcde4addd7cb788391d73fca6a4514d984e0e7231
0x7be170cf49ae7ba7e9464a170c97d6385eff8f56,0x000000f20032b9e171844b00ea507e11960bd94a,1,0x377eae028ec48e3ff69b03f04f458b3202b6454d
0x65929d99ea7feee2ac5d7b4df34a88f9411bdb8c,0x000000f20032b9e171844b00ea507e11960bd94a,1,0xb28ca2668778401cfc85e437c66f9cc8e3ecd5d9
0x1c0e34c36a1592e6d508fd758e021409acc04c11,0x612e2daddc89d91409e40f946f9f7cfe422e777e,1,0xaf8c481eb42defb31ae67319382624a68e28f5e8
0x9c2fd7f24a3d3776853c94b3cb60baac3c337141,0x76f948e5f13b9a84a81e5681df8682bbf524805e,1,0x445513cd8eca1e98b0c70f1cdc52c4d986ddc987
0xc4d8c30b988cb46913efec01142033ee9a1cde3a,0xe9139e52f3657e2760317270207f213d969d0fdb,0,0xe9139e52f3657e2760317270207f213d969d0fdb
0xdaa816f553cabea9449dd1cebe061ec64e9a3646,0xb13e242e56293ffe6ade751b28c2db95c7413907,0,0xb13e242e56293ffe6ade751b28c2db95c7413907
0xe9a2790d970bca080a41669eacd7fad857c21ed5,0x000000f20032b9e171844b00ea507e11960bd94a,1,0x5fad6471b938452d5071e007cdf5ce005a49b349
0x285d613553b40ef3aaab27648c2d66f677048322,0xa6c5f2de915240270dac655152c3f6a91748cb85,1,0x6a242310affdd7c3af9035e2ef18493c5cf4730b
0x97d8b5ffadae4f754132621f46ee3ad708408684,0xf8e6ce0a91fa0c697395c70cefdd03c0db08493d,0,0xf8e6ce0a91fa0c697395c70cefdd03c0db08493d
0x2d040361602e0204b311cc18c31b5fc3390f817a,0xf8e6ce0a91fa0c697395c70cefdd03c0db08493d,0,0xf8e6ce0a91fa0c697395c70cefdd03c0db08493d
0x273fc5d7e20a9a251756ea6af8a1095e8b4e32e4,0x000000f20032b9e171844b00ea507e11960bd94a,1,0xe23004045d76269a387e1112cb5432662cda7b58
0x40c198228e4883a39d30cbee3e4fce727c9c3ec0,0x735ee7123383996168db3accd40abe3297f900c4,0,0x735ee7123383996168db3accd40abe3297f900c4
0x696012ad2f041672fb8628d41a2b51a4f6018767,0xb07952a55bf9c45c268f37c3631823df50ac721a,0,0xb07952a55bf9c45c268f37c3631823df50ac721a
0xf558a42e118e395fa139f3b99a92601f10aa9e02,0x000000f20032b9e171844b00ea507e11960bd94a,1,0x1b5189fbbb1a222b82bcda34308d9c117c53a0a9
0xf386021c9809701b7d06f7da8bad2bc1bfe63f99,0x442295de8a31d65026dbc09c29d469f6854f188a,1,0xed2647390b6fed5ec4e07e8036101a191f3ee4ab
0x21bb6fae567eaf9b9a2ef2ff21720748acf61df7,0x442295de8a31d65026dbc09c29d469f6854f188a,1,0x0a68c758f0bde9f2daf586d68412a0825aa24ea3
0x6f3828ba3a3ced8b4885fb3069d040d5363c54d6,0x442295de8a31d65026dbc09c29d469f6854f188a,1,0x8fdd809ea07021b227a31896d491796204554846
0xe02c56639bce2fe16bafba09647a9e4e8e11964c,0x000000f20032b9e171844b00ea507e11960bd94a,1,0x015afc8fa14e32d9ec39a814bb17da2d4c2d197b
0xe591fe9af94108e11bb0ed0b4d0e6ccda621d0a8,0x2285ec40f3618718edf88a305fdf4b9fe89ba5ce,0,0x2285ec40f3618718edf88a305fdf4b9fe89ba5ce
0x440a3707519f1dd16c539abd2743ca06c2e23a94,0x4518b0982ffdd4b6d6d85bf4818ce8b7984add64,0,0x4518b0982ffdd4b6d6d85bf4818ce8b7984add64
0x1add031ee3d40b46d1912acd0e86d8b775d3de73,0x56754c014433dfad87c919162ceeedcce93fdcb0,0,0x56754c014433dfad87c919162ceeedcce93fdcb0
0x07e58799ad3d1959d41bd786ca9de91b152a99bb,0x000000f20032b9e171844b00ea507e11960bd94a,1,0x100e995b519583f3e29a66e88792a2f7270b3810
0x2937c996601bd9718e3862bfb50dc188334dec46,0x612e2daddc89d91409e40f946f9f7cfe422e777e,1,0x28775f03cad3b5881f35d461009517d24e6a589d
0x82ef45ae805eba64ba1a743f21f71eb23951eafe,0xdf8a6d566cbcbaf1b239663a69c0336014946661,0,0xdf8a6d566cbcbaf1b239663a69c0336014946661
0xb7d599a2cb8a6a806629eeff72f08f05d567f7ef,0x000000f20032b9e171844b00ea507e11960bd94a,1,0x830926bbb0101430e2df382a0602db1b89ea2e82
0xbbc423a837ff263f02fcf0a7b9158c5667fd2589,0x3cc435694547cc536106fd54fd11d88d2a85b611,0,0x3cc435694547cc536106fd54fd11d88d2a85b611
0xb3c5276e6680251f3222a489e09e049e5457deb3,0x000000f20032b9e171844b00ea507e11960bd94a,1,0x4e0b26a0876a094deba752d5b906af4c65cab1d5
0x062ea17e67a23def5b4f3c115ac03bce7574d164,0x000000f20032b9e171844b00ea507e11960bd94a,1,0x811856c94f72fd58b62fca691b58c2536daaa7ba
0x7b1a70ea98fe4f6860ee5bb5bab3294d1fd42e94,0x000000f20032b9e171844b00ea507e11960bd94a,1,0x23edba024b9c567aac649df018a5eebcaee894b7
0x0dfd2434ca87b72803967dcd2eaf208657c057d0,0x000000f20032b9e171844b00ea507e11960bd94a,1,0x4e4985fcd529625c497109a90eddfab8c7ef8c59
0x592f9691f00bb19b60c372b34010528d374edac5,0x000000f20032b9e171844b00ea507e11960bd94a,1,0xd81443700b3748ca4f523c6a636242923ae6e954
0xab73d23a9ad9ecf3bebf1479eb9ebddb9a7c0f42,0x612e2daddc89d91409e40f946f9f7cfe422e777e,1,0xf0611fd398b14a5a4d380083c0a3240013dd8720
0x5adc5ff772e693352cde74f52da47ab2bffe36d9,0x000000f20032b9e171844b00ea507e11960bd94a,1,0x33c16b78d396ee126f5b9b05a6de419848c843b0
0xe79227b035fb563c54cccb3ab256402b85dc5090,0x6bdb9732075a6da79c82c5c0d4b1b8249fb9053c,0,0x6bdb9732075a6da79c82c5c0d4b1b8249fb9053c
0xb15e3f64b99d302ab4df966ec5478a2dd9390b73,0x690d8e9e23377b5a773b12b2a93acad952da3799,0,0x690d8e9e23377b5a773b12b2a93acad952da3799
0xe276ca67050431ecbb73b3548998f725aa9e4693,0x000000f20032b9e171844b00ea507e11960bd94a,1,0x58557d64a816b700a4c9e7543d3dbed08fcb16c9
0xed6a1fcd206a2c45717db90ef195d5f0877bc940,0x000000008924d42d98026c656545c3c1fb3ad31c,1,0x17ad788059fc92f9ce049fe083554eb5af9e1268
0x7f71175854706c211fe83010cb9b842729f42536,0x000000f20032b9e171844b00ea507e11960bd94a,1,0x832fdf461289f7768d6dcb3d334c0f496556a0f7
0x61867b6d828c6ba3a04d114b43c03fa6e94752a3,0xe804e06385e6409ba26b5deb067017789369fa4f,0,0xe804e06385e6409ba26b5deb067017789369fa4f
0x681ec5e8bc650508dc4254306501e5f659703cf9,0x58add5015bf447ed729893a9af6f60d8bb62504c,1,0x26c2c08cc58d7fa471ded745fcd0fdcedb282e17
0xfd4835cdeeadb7fab99abea4f61a84f1c2cf078c,0xc93345fbebd244e4412eddacad2123ecdc308ef6,0,0xc93345fbebd244e4412eddacad2123ecdc308ef6
0x5f63dbefad062fcbe11273f9d516e77b1efa6e18,0x7b4569b0429fac8312adcb0bdda606e9beb1acf8,0,0x7b4569b0429fac8312adcb0bdda606e9beb1acf8
0x20e52fbcb2ebdc2769e9383cb4e01e8a80bae241,0x000000f20032b9e171844b00ea507e11960bd94a,1,0xb6df9abb1eb8c8e588830d88841748593021252e
0x6a23ea6f7e82714a6ebf03d92dce37be93b13712,0x000000f20032b9e171844b00ea507e11960bd94a,1,0x6e8a321dffa8ac21d42d1254f6c72cb88740579c
0x730ec2b3dfa9a3a41b80a5bfff5ee430850c504c,0x612e2daddc89d91409e40f946f9f7cfe422e777e,1,0x6b35a04fdc272e69a057ca9213a700cb9ea8413f
0x7c48228c8b6e913b6f0db29a5f68381d46148264,0x000000f20032b9e171844b00ea507e11960bd94a,1,0xbecb19956817b56046c4dbe9435cb695f0983394
0x8f12dcf742cb9f0997c4250922fb1610a2c41b6e,0x000000f20032b9e171844b00ea507e11960bd94a,1,0xdbc0ccb46dc08a3222ce1c3623283a0c17785c3c
0xc3ea61f62579fdd54d379478443c4cd00177719c,0x000000f20032b9e171844b00ea507e11960bd94a,1,0x4d8106e28243662b253fb2a775ff927563bd1e66
0xfda572cecfc2cbe247fefff6f2b4d2d5f2f3f277,0xd8b425c36fbbed6bf2b473afcc5b0079ba2e9a6a,0,0xd8b425c36fbbed6bf2b473afcc5b0079ba2e9a6a
0x2ccf27e689db53db7d5165f9e1ad78432fd3289c,0x000000f20032b9e171844b00ea507e11960bd94a,1,0x116dfdc92974861ead4fbfd607c1209c299ad101
0x6b507ddfc649efe329a6c404ad71f95c214d910c,0xe48c089a3d7f273172aa2ca6bbd42d970b59164c,0,0xe48c089a3d7f273172aa2ca6bbd42d970b59164c
0xd43a4f5fb43894d569788e0f6fa92f9c11c08161,0x000000f20032b9e171844b00ea507e11960bd94a,1,0xeb7aac0f7c8685a2d7815daeb8c2c7893e1ace97
0x2d6ce5235be5cff9724de1bb842fbbaaf34049a1,0x76f948e5f13b9a84a81e5681df8682bbf524805e,1,0x7e764d0c7be74d548f4836d357a31d17b0a81fb9
0x3d5cea1ddafd86d09173eb0d35c0de930497a08a,0x6c270a8e67a42a12680ca4b17262353189e103b4,0,0x6c270a8e67a42a12680ca4b17262353189e103b4
0x254480e9a4a62567e4edc043ff8a084541b301f3,0x000000f20032b9e171844b00ea507e11960bd94a,1,0x0e7020e314f94341f314697616936a2830440e69
0xc2676492174bfb173933fac5b7b0cce61feecfe2,0x2dfa21a5ebf5ccbe62566458a1baec6b1f33f292,1,0x0180e43cba3af8c13c55e043e5e1986f487d37a1
0x4f5e29b3e993496387f1b973661335a1a796e307,0x000000f20032b9e171844b00ea507e11960bd94a,1,0x6603e7ae1ab9c4ad9b59e0d6462e4e4e5224fe33
0xf695a14992639f7019a03aee4c62d04868bf2020,0x000000f20032b9e171844b00ea507e11960bd94a,1,0xa96ee0028e7225b6d0109fe2740877d9bf5a3096
0x61fe5103dbce5c288e599f03db7133d989384032,0x612e2daddc89d91409e40f946f9f7cfe422e777e,1,0xa8c55a921caf754333e823cea828cc5b3587b345
0x0a9b046508dcaf04d5fadd047ea6848b5a220b41,0x000000008924d42d98026c656545c3c1fb3ad31c,1,0xddf3385f7e67e009199365a7b826f7cdbc2ca908
0xaa850a78deb167ddf3ae73d15ff7aa0ddb722a45,0x5aaf1313ff73ffd7a3b63e6d2ab628dcfd480a3e,0,0x5aaf1313ff73ffd7a3b63e6d2ab628dcfd480a3e
0xf1e82a435874bbbd14eab4fd030d2afd06de302e,0x612e2daddc89d91409e40f946f9f7cfe422e777e,1,0xd332abd808d7b950cbbf6ff56051f0760813039e
0xfb801372aced6c10919d78bc05d769501b9bd55f,0xa6c5f2de915240270dac655152c3f6a91748cb85,1,0xb0dd496ffffa300df1eff42702066aca81834404
0x7bcd710f48b2a89bc9a3ef7d3f27f31b2820c4a0,0x92c159895901439caa212997d505083a2fe88885,1,0xa2263cd9cfd5cb7da205eaaaa5a202bc3c39ae37
0x3691a726a5b6c60070b03f13baf67b4aef763a4a,0x09087f810f18d04b7d8fe7c5d75744e26447dd7f,0,0x09087f810f18d04b7d8fe7c5d75744e26447dd7f
0x6bb08efa1bc3431b8ba04d3e80da88611bfe1422,0x000000f20032b9e171844b00ea507e11960bd94a,1,0x1793189c1f016f4f17e46e89ab3ef01a3fa9ee05
0xf923555b9d01aecf28b353cc108a4190cde3f71b,0x612e2daddc89d91409e40f946f9f7cfe422e777e,1,0xb432cfca03a7ddd34f9469092316a88d01ba80fc
0xd07d03e8499ebff7aec7046aa9613ec3406b78e5,0x612e2daddc89d91409e40f946f9f7cfe422e777e,1,0x1144118ca3ed82f4a044f4f22497280d5b614c16
0x51855ec00a98d0bdad2cda0a2f31d799693bcaa3,0x000000f20032b9e171844b00ea507e11960bd94a,1,0x160cd78f1745f9fc8cc2c4f6d14e67d1d4331589
0x011acdcbf35bb228f8e0dc63d0db33563d3e4b1b,0x000000f20032b9e171844b00ea507e11960bd94a,1,0x1b8392189d48e1be327be1100364065e3d46e076
0x7512718a7551a8dfb75aad9c08b3d101694b3568,0x612e2daddc89d91409e40f946f9f7cfe422e777e,1,0xeedf854e46beac62837b9d94dbba3e57e42c4dea
0xda7347c729b800701f0f09499cc60952ce85a71f,0x000000f20032b9e171844b00ea507e11960bd94a,1,0x8f42671aa777c4910d7124019dfaaf56d6b1e4bd
0x682aedb3b4aaaacd949e92c8e980ec5658824d1e,0x6ffd7ede62328b3af38fcd61461bbfc52f5651fe,1,0x51fd87ad757cce8bed84e59487c9d97e2e3aba3c
0x331c7fbf0b122df269d10e6faf3ef482617c2cdf,0x612e2daddc89d91409e40f946f9f7cfe422e777e,1,0xa4ddc8e622f1901e734df667b1f43475019281c4
0x5498a9611c8316357d745a40631f5c548c613681,0x2dfed7dd046bd4f35615a6262bfcbe3c7c86083a,0,0x2dfed7dd046bd4f35615a6262bfcbe3c7c86083a
0xad8368d231d92fa9e96b1aed1b68e4c152b7ccd4,0x000000f20032b9e171844b00ea507e11960bd94a,1,0xfa38979da4922761ea8fb71f9130731e6d5f8726
0x832715a69143d7960d87031de6b8eb99c4285e59,0x000000f20032b9e171844b00ea507e11960bd94a,1,0xb2a4f9d166ad9c492799bfecc0047e742017418a
0x7dd0d1abcd76b3078ec6821c063d92f9c4e7d240,0x000000f20032b9e171844b00ea507e11960bd94a,1,0xf507e035b9243ae54b9bca48dc5448d2888f50bd
0x8dcf5238422fe1c598ab907a57240889f8c96065,0x78aeb88cb08211146e61f0080d1f002dd6ff358f,0,0x78aeb88cb08211146e61f0080d1f002dd6ff358f
0x79d73884fea4ab033459ba9929aaa83fa9c3962f,0x3ebce46d142135b26968af6a46a0b3b9a64d0102,0,0x3ebce46d142135b26968af6a46a0b3b9a64d0102
0x4f7d598151ef93a4a56a44a5beaeaeb0a6162a57,0x000000f20032b9e171844b00ea507e11960bd94a,1,0x579cb8153b613b688de326a82dbc8a035b4683e0
0xe70a4e8c0d03714da7ba6ddb7442b3fd334cfb19,0x5ba0995f6f31e24468467a07e16a673f50fa6367,0,0x5ba0995f6f31e24468467a07e16a673f50fa6367
0xf906934079c136a125aebd3d1e2adaacae33bbc0,0x000000f20032b9e171844b00ea507e11960bd94a,1,0x493d199815b895dc8f41aedc90913177b4a18246
0xefc0602b7367c1bf8a7a8c891fe564d489328142,0xa921b326759ed36fe91adc610984a1210209a02b,0,0xa921b326759ed36fe91adc610984a1210209a02b
0xbcbc888aeea1949454c726793f6ca3ad18bae3e1,0x9d46377b5bbebab2949243babb0a55d000353c22,0,0x9d46377b5bbebab2949243babb0a55d000353c22
0x2f98dd8fdb3b087c8eb660d2960a64bd26440584,0x000000f20032b9e171844b00ea507e11960bd94a,1,0x3861bbc0f3c714d871fb1b4be2b34992fa9efe00
0x33fc0d83862bff1ac126198529e0cf30a62d25c0,0x76f948e5f13b9a84a81e5681df8682bbf524805e,1,0x0013adbcc6ef94fb0b4f00dae90235cb4f9a2438
0xf3abfb040e775c453249f59565486b282d47c3b2,0x000000f20032b9e171844b00ea507e11960bd94a,1,0xf5995ed927955aab086dca55e60c2d60ab07a7cf
0xcaeba8370596141f92b6289cf91f185e160c471e,0x612e2daddc89d91409e40f946f9f7cfe422e777e,1,0x241a3446de14e89d0dcfb05cb2f7377346f0ba5c
0x399416992ddb07de93bd962d8c4306652bd70c6a,0xa6c5f2de915240270dac655152c3f6a91748cb85,1,0x7df7ec571b84861a3b4475010dc23224e4da8863
0xd6ff4aac6267cb077a6e495cf61a429fc92f797d,0x76f948e5f13b9a84a81e5681df8682bbf524805e,1,0xa8c37e684dcc35bc96543576c8ed1e0360a2119c
0xe2f52f05db13bcd2f25fa9d79119d0c9c6494ec5,0xb9a87cff5d0d632da36c6fc8bfbb36e4cbbf1cca,0,0xb9a87cff5d0d632da36c6fc8bfbb36e4cbbf1cca
0xed91d75fbfc0ed7e96c452753eb8cd32d752f250,0x6942013379d195323e17cd2616435dce819c1fa9,0,0x6942013379d195323e17cd2616435dce819c1fa9
0x67a17663553338d46c4c553a8553de298ea24783,0x11dc91e2be2356e0611e10f5f510a4a18f8315d9,0,0x11dc91e2be2356e0611e10f5f510a4a18f8315d9
0xb7db0f21f496d4b6227977d548541b10a5d39033,0x4c150e046504d2eac76b147cb7fdd05858d84d7f,1,0x25edd12055e3b3d4dd8699e82a0d68dbcb8ed5c9
0xfe6e9a0361bb39574acf78da72b6b1d5b8ce3817,0x000000f20032b9e171844b00ea507e11960bd94a,1,0x5deab255f7093ce3d4309e53b3d161852be20cbc
0x19664d12aea2317d6a891dccfdef93ade7c038a0,0x8d1ce41f9c9df9a60449ac29975058dcdab4e98e,0,0x8d1ce41f9c9df9a60449ac29975058dcdab4e98e
0xcccf2e4983630c4cd98228c2723be7fc3937eb91,0x000000f20032b9e171844b00ea507e11960bd94a,1,0x2a3d6e4051fdd107987b99de5c57960a0860545e
0x6e40d06fea1b4e55ac7c23cf2a7fc1f2244379a1,0x000000f20032b9e171844b00ea507e11960bd94a,1,0x3072c16fd5bd8eade1f4d262a02e1c7b9f3a2022
0x36a9cd25924c10bd218058d79b2241db69416203,0x000000f20032b9e171844b00ea507e11960bd94a,1,0x35fd9c7310f2b2759c7e1cd68756b147a24eac17
0x6ca3ab4631823a5b77ac5e91e3f2b03982205146,0x000000f20032b9e171844b00ea507e11960bd94a,1,0x7d2400e5a92b5e7a131078081b346786f177f24d
0xebcb777e2d64d61602451ea257405bf07d181d54,0x224d57c0987bcd89eb0871d289ee865167dd469f,0,0x224d57c0987bcd89eb0871d289ee865167dd469f
0x7886802eba87d11023ac5e61f7cd25364ee2a4da,0x939bb50bba492015d8a1a5725fda5c444ce14f56,0,0x939bb50bba492015d8a1a5725fda5c444ce14f56
0x1afa4ac234e0d8b9e7279e5f58ae66c9f52fbf94,0x000000f20032b9e171844b00ea507e11960bd94a,1,0xfaa44640d9398dbdbe61a376c4ec76497817d118
0x16ce65b8a01f0497a34dfb3f2ad9fe81029d97f5,0x612e2daddc89d91409e40f946f9f7cfe422e777e,1,0x2cf84968ab79a7812061b3bd4eb8bf9b03432744
0x480f3c1a717841c1aefe945f67267905c5bbffdf,0x612e2daddc89d91409e40f946f9f7cfe422e777e,1,0x928ba3d85d23425cd58f3518cd98ff2df8b0f9a1
0x4d4cf2c4aa75ee3532228586292ee0d110be7bba,0x5ab1cbcff0ff369a459b4e60094a698cde8cbbbc,1,0x97483a7337901bacca0cd198917fd1da774889a2
0x2ba16a3609d78e045df6459b84b0abe0f2938ab0,0x97e633585508399b8022fe6b65d24957c2f389fd,0,0x97e633585508399b8022fe6b65d24957c2f389fd
0xcbce2f8b9a9585d70ab49281029a5c7582a4fd55,0x000000f20032b9e171844b00ea507e11960bd94a,1,0x3d644fcfec0380e31c28921e1567691217d64f91
0xc18c75d166d38d4e02da1a596f2333880c78cc9d,0x612e2daddc89d91409e40f946f9f7cfe422e777e,1,0x7bab1557f17717127d29162dc1755477a02f8cec
0xeeab159941a332ce0b1185b5ff98ef9fb36b8fa1,0x612e2daddc89d91409e40f946f9f7cfe422e777e,1,0xa041d30f2fc0c83df3ad8fdd1a5a9719f4da2d6c
0xbb702df719fc6990000627e0cc2ce8d43774c1e4,0x612e2daddc89d91409e40f946f9f7cfe422e777e,1,0x7bab1557f17717127d29162dc1755477a02f8cec
0xad4bc802faf8e11ef8e5a2cd199ebcdeeed46d29,0x000000f20032b9e171844b00ea507e11960bd94a,1,0x08eb4cd4e9748e98e09c0c3e123862ae6c5ccfad
0xf4dfc442f0d6be7963a6d2c36a0312a293f7358b,0x000000f20032b9e171844b00ea507e11960bd94a,1,0x12dafee816e241bf66b9a5e62b96a40901694718
0xed05e4399a059f2d356f0b67421a38d01c819e17,0xd219122e3a0a327fd028a6fd9389315d1b2ed99f,0,0xd219122e3a0a327fd028a6fd9389315d1b2ed99f
0xdbe7cfd3dbf03a762d3f197ce896b98f0ec44985,0x000000f20032b9e171844b00ea507e11960bd94a,1,0x08eb4cd4e9748e98e09c0c3e123862ae6c5ccfad
0xfa946226fb42bfe2456962552d0e5a91564c6145,0x000000f20032b9e171844b00ea507e11960bd94a,1,0x7bf8c4d8e58545ec4bf660993003726ffb1ee3ca
0x92945401cb8b6d3620cc0344d058cd887cc59d98,0x000000f20032b9e171844b00ea507e11960bd94a,1,0xe069914989e3b816062701094248789363a8a8e0
0xd438140326b0cb5ac62c124a72c2e3cc37b8cde5,0x76f948e5f13b9a84a81e5681df8682bbf524805e,1,0x6a17d3dd92a8d8fdf8a1f27c36a9e046121fc69c
0xee40e147e42e53ba14b851a883e9bc594aa59343,0x000000f20032b9e171844b00ea507e11960bd94a,1,0x96930e79f71849c4a983d58d0acf54afbc0487fb
0xcf73e3fcd08df2fcb72a35c571756e3d35e53e48,0x6755377e2ef1a73b56d9af4e7bf5a09dfe055728,0,0x6755377e2ef1a73b56d9af4e7bf5a09dfe055728
0xc1a5fc34e0ed513516da843f74045f564be7c418,0x000000f20032b9e171844b00ea507e11960bd94a,1,0x2306def8b0c79a843f5a9118d1981f157f39d243
0x129280235ddb57ad27297e1acb4fe0f443c481ec,0x612e2daddc89d91409e40f946f9f7cfe422e777e,1,0xb3eaf12a04d9e9df7efa681a92043ef4371ed6fe
0x554255c9e902333438447333bcacda451ed14fd2,0x0000000000003d61b3d0a96b70b9c9006947759c,1,0x06052df3d7b52728e2303c37c521c3a379cab9df
0xa4582afc1554f4219490cbc0c3c79cf8418b0990,0x13c39b3e6e6159bc233fad90825f1f9f84fcb102,0,0x13c39b3e6e6159bc233fad90825f1f9f84fcb102
0x3d4d1a13a6a465471cb5a6488af6a4a14bff938f,0x000000f20032b9e171844b00ea507e11960bd94a,1,0x05d0fca7a025775dc64d8f196d983dd9ec62f0c5
0x572d292757751795092726153373cab6390cedb0,0xee22e1cb4ab4a167d922a74a18758a1af6a87f9e,0,0xee22e1cb4ab4a167d922a74a18758a1af6a87f9e
0x12d8970cf6a7f0a73a795d2001dcd24a7306629e,0x000000008924d42d98026c656545c3c1fb3ad31c,1,0x18dd90d900e8c890128102d2ea9f8c5c48ddae28
0x0cb02368ab4d88186f265f157ac7fe6ceca8623c,0x612e2daddc89d91409e40f946f9f7cfe422e777e,1,0xc97f169275b3ed28b28f7050385ec0ee533fd316
0xae3f656778f874c3f6b5b4c5751576fa975d3887,0x612e2daddc89d91409e40f946f9f7cfe422e777e,1,0x0717092aaf1b75b40403cd4b368af0602e9df584
0xd5fb1bedb59bcfdad0aca1e3bba647d7141cd687,0x000000f20032b9e171844b00ea507e11960bd94a,1,0x47c4429df5d329fc098a0eb56ecc01eb9e3e6b7e
0xaef5f9957b8cc86e05313a67ae2b9dbcdbb75766,0x76f948e5f13b9a84a81e5681df8682bbf524805e,1,0xb8e86cc85e97e6f3484466901a39ced09acb0b7c
0x412ab68fa484deb4066f27110d9cb4b33e7f09d3,0x612e2daddc89d91409e40f946f9f7cfe422e777e,1,0xd234a18bd59c38da00193b0d92cd7da40ea0a426
0x78a055896744e00a47e0a43ac7cc5c0d07fd49f5,0x70d6eb2b3b9a2a7d6d67c3f24c246bffc05b48ca,0,0x70d6eb2b3b9a2a7d6d67c3f24c246bffc05b48ca
0x60f94724b71bd268e6f8ed3de47c1ca77732245b,0xce4c71c5c91c6fae4d5adfea9b0beac98d9d8a27,0,0xce4c71c5c91c6fae4d5adfea9b0beac98d9d8a27
0x097521bb267ff6aa7be975b25aed02d13f3c846a,0x612e2daddc89d91409e40f946f9f7cfe422e777e,1,0x4143f7767be6ab1b1f83f6759adbc2e50798a193
0x400e6204aa0c6aa9d2ea3cc8363017463f2327dd,0x8d1fa935e5e8a5440c9efc96c0d9ff387ebb179b,1,0x13d0bcd155085bc80772518b0f8194f85fd354bd
0xa60f73ef58e8878037a8fb68328a3de272200f21,0x000000f20032b9e171844b00ea507e11960bd94a,1,0x1f099e22bf5544b406c7ae807b87f08b619954bf
0xfa96c1e4d40b4badd577686a085ab8c342c0671f,0x83378eb64704e73a2e32152041c1b5717b1971bd,0,0x83378eb64704e73a2e32152041c1b5717b1971bd
0xf2ca3c80992b803afd719c3618060f970d198299,0x950bb23acd52ff5c16b4825067ed2bce2de0aace,0,0x950bb23acd52ff5c16b4825067ed2bce2de0aace
0xc4b0075ff890d42773a6457905d0b642f033c04a,0x000000f20032b9e171844b00ea507e11960bd94a,1,0xea9b1ed511632e48ddd3e5a231cd2f5f3a3a4a9b
0x83e94a067ad837ca3c66e4dde6a00e9b0fdb31ef,0x4d8a683895a68e1844a8e3ceb61d7d0343cf055c,0,0x4d8a683895a68e1844a8e3ceb61d7d0343cf055c
0x9cd565ffe2eafa174e7b7c0aa767bc237103973f,0x000000f20032b9e171844b00ea507e11960bd94a,1,0xc5332b2e47ecd4810e053537e99d33671f026116
0x2c45dcb3aa5de40d9bdb43afc27c9d9b0decd820,0x000000f20032b9e171844b00ea507e11960bd94a,1,0x9814cbf2f72ca63caf1d00606e08b721a29f1678
0x79ba977b9262f0fa91fb8d7e6526e70be682e530,0x8021b3e876bc1db9779deba99c8102e318594d60,0,0x8021b3e876bc1db9779deba99c8102e318594d60
0x802a6da5c82b07ff87575782a46142e4cbbb9ee6,0x000000f20032b9e171844b00ea507e11960bd94a,1,0xa9c3094d87d91bee97842ee68ccfa8858282fcda
0xd48da25c7f6d0da43d694f7464b5c175cef1ba1f,0x000000f20032b9e171844b00ea507e11960bd94a,1,0x51302464ac536c25721b7aeb75f1c0d72d0b22d6
0x7dd267a8901c28bb4fb9660fbc6928144363f2e8,0x612e2daddc89d91409e40f946f9f7cfe422e777e,1,0x7b913dc0442cbf02c4de8f04e52fdb2cdd88b793
0x4aa2bc42fcac903e5732dfd419eeb09d97ae287c,0x4e59b44847b379578588920ca78fbf26c0b4956c,1,0xd6cb50081a0087be91066723211b50ee3753f0da
0x136397158ce3ee0e4e530372ec1f3181708e3dbb,0x4e59b44847b379578588920ca78fbf26c0b4956c,1,0xd6cb50081a0087be91066723211b50ee3753f0da
0x72cfa115f0dab5d5b3525484c52c2a46a83dd25d,0x000000f20032b9e171844b00ea507e11960bd94a,1,0x50ac0f4e27f0704b368a4456833916a205073426
0xc69680985e33878fbd4e77103934e2bcf9dff7f0,0x000000008924d42d98026c656545c3c1fb3ad31c,1,0x67f36c8b448ea0bd49b92d2ea65996bcb1d1cc67
0xc129902dc5748363e6e223a559afe2fce5b72df5,0xf0d8809034c0fa5d98186720fa2bb097ba395da3,0,0xf0d8809034c0fa5d98186720fa2bb097ba395da3
0x5bc85d9a565e769d60ba7676edcdc1900628191c,0x000000008924d42d98026c656545c3c1fb3ad31c,1,0x8a919eedaace3ad61a1280965d5c5b298600169a
0x1af72819f5a5f7948befa58c292d7f4baaa05cce,0x000000f20032b9e171844b00ea507e11960bd94a,1,0xa4b32bde02e37db63107b85465be8976d9de47cf
0x5783fb6a98a548502d7f06fd65a417005f77d5d3,0x612e2daddc89d91409e40f946f9f7cfe422e777e,1,0xf6dfa4a1213f1d14f898f2eb840b1405984fe014
0xa6b384461237062a673ebafd7430d257e01f352e,0x6e42262978de5233c8d5b05b128c121fba110da4,1,0xb03d839883eab6a2a3e5813aab81a58e181199db
0x61e560b3b10be26281c07a52525b64b306f84feb,0x0416b68386035ebe8524f7f5962ee66945967010,0,0x0416b68386035ebe8524f7f5962ee66945967010
0x1dab9b85511cb76244409ecccfb44efb3c5c3ff2,0x000000f20032b9e171844b00ea507e11960bd94a,1,0x73176df8392488bf73b6897726a40e01ef497bb5
0x4505b3fa7ea6acc35ce19b59950660280ca2cca2,0x0591d820537bcd58096f31199b943e6d1eac327c,0,0x0591d820537bcd58096f31199b943e6d1eac327c
0xc690ab82d0ec61210508aa1fee5e27d30cc0e2a8,0xa8400b97ad11d08f26a0d840810711e6cb7a8750,0,0xa8400b97ad11d08f26a0d840810711e6cb7a8750
0xb15f0ed6a14b0f64d4d683d878a3d03823ea78ed,0x76f948e5f13b9a84a81e5681df8682bbf524805e,1,0x6fd2bb2f372809d37cb2727e051d35260599269f
0x22cb342583863edc4e4b8750e673a76e8c43fe79,0x0000000000aec84f5bfc2af15eafb943bf4e3522,1,0xa4c8b4784ed48e05c6566250d6d153d20f5dec07
0xde5716ed1cd83b12c6db4f18294fb2c98ccda9f0,0x2ae1ce02219c4a5d9ac0bd5fcf2aa5a38b3107ca,0,0x2ae1ce02219c4a5d9ac0bd5fcf2aa5a38b3107ca
0x46286abe9548314376b206b92390bc77af240df7,0x000000f20032b9e171844b00ea507e11960bd94a,1,0xcb67145d17b65234da80d821b187bd62a15905da
0x7f7bc02fdb1d10d204571dd4cfc6b6e2176a5a9d,0x000000f20032b9e171844b00ea507e11960bd94a,1,0x2d846402a5d928da205d0133544c2ca1bab3284f
0xa12b4670ee2df278555b113e72a6c3265e5258b3,0x000000f20032b9e171844b00ea507e11960bd94a,1,0x6622e828038b6e11d18072536e03257ae958980f
0x8fdab3ab32faca0a5bc54e52749c141f7710bd8f,0x4635498ac0b2859e2a1c0bbfa69f3d68f8cbd4be,1,0xe3ca3d3767781c12ca9140b3f091f3dfec48d5c4
0x2791b6a5689606c297bcebfc43a0a3703962ebd6,0x4635498ac0b2859e2a1c0bbfa69f3d68f8cbd4be,1,0xe3ca3d3767781c12ca9140b3f091f3dfec48d5c4
0x98d72c3882ba7e412777862f9b195e6eddfa0140,0x65edfaf4ebd0fcb21fb600a60b0ba0dc05323156,0,0x65edfaf4ebd0fcb21fb600a60b0ba0dc05323156
0x2c950869f54d1d239d2228ed2e37a4cb56f11f57,0x000000f20032b9e171844b00ea507e11960bd94a,1,0xbb7df4f4b0d771d781bb9f12233747a0c4ff13ab
0xa1d17e32266ed4b92662cfdd2002a3131777e876,0x000000f20032b9e171844b00ea507e11960bd94a,1,0x9be50000f2cc674f3b13e9ab438fa41a3fea2944
0xf66a78506f7ee57f52b909a6a8212b63532eb28c,0x000000f20032b9e171844b00ea507e11960bd94a,1,0x6a76df62e16ba9792568f259d73b450f62a83e54
0x0e7871b829d9940e823ec9195eb0fa48be46d751,0x19478179ef8bb7c4792a4041903080e097d137dd,1,0x1c6964ef0004c2d1a667f507f25e87cb523b4b3a
0x0fd4b0a425a1af1f99c7c37f43d6841827191e31,0x000000f20032b9e171844b00ea507e11960bd94a,1,0xa12f423e97ac258d0ad485aa4e5cbf6f5a2580aa
0x8f708e20db85e5ba0ef61d3faaff5a6e246996b1,0x000000f20032b9e171844b00ea507e11960bd94a,1,0x5c5dee9d3fe028a356a438618e39e2e868ee7816
0xf2f9bc4bbcf24e1cb1f04f8dbfdfc2071d9b92b3,0x15a6c020637e66a385ab87a8f710682affc17b1a,0,0x15a6c020637e66a385ab87a8f710682affc17b1a
0xe2f0fd2bfa149dec7c9e99894a387c2e5f1a3202,0x32a3f8483df787055a56d76bda1996c4202b683c,0,0x32a3f8483df787055a56d76bda1996c4202b683c
0x3982aa29e378af4ae915b71c2b907ad83be4ccc8,0x612e2daddc89d91409e40f946f9f7cfe422e777e,1,0xb21688f1dafdb6eca3f9b01664d40fc30e49e746
0xf37e7c6cbd1558a39dab566c8cc0ec29d5500c19,0x000000f20032b9e171844b00ea507e11960bd94a,1,0x18d25b3ee1bdea8e6dba11e5626171654b6f1af1
0x62183b72a3ac1ea6cd4d4135e17b122188d87910,0x000000f20032b9e171844b00ea507e11960bd94a,1,0xeb4ce2e5e69c99fa227d23068625e5706773952e
0xb2caf4fc8c2731b73c802c9e36129da50a6ea394,0xf16bf1c992e8ff1011d87f7d48a55746f0966bca,0,0xf16bf1c992e8ff1011d87f7d48a55746f0966bca
0xc5328b64e888ef633bc48d2c4b0db88b9828e11e,0x6ffd7ede62328b3af38fcd61461bbfc52f5651fe,1,0x9ad4d3ae94ba9156b0dbc1e036047c7a435d087c
0x9ca1cd7ab95011e50c4be3d624bc0b0ed2216b6f,0x612e2daddc89d91409e40f946f9f7cfe422e777e,1,0x824cbb4b0b838c95defa31d0e2b810947ee8ac39
0x7e739c8af1fc6ad5cfbf3656f2e4ec8b75675585,0x000000f20032b9e171844b00ea507e11960bd94a,1,0xfa38979da4922761ea8fb71f9130731e6d5f8726
0x0d6ccf40e871f73c8ff4d7f974591ce104bdc841,0x000000f20032b9e171844b00ea507e11960bd94a,1,0x2343aebf20165f12fedc89455df7a62a1da5c054
0x9e9307b9d830427c309f2753ba2d9c9ae4fa3ca3,0x76f948e5f13b9a84a81e5681df8682bbf524805e,1,0x4b86c01e49c70cb7adbfda7570e627420105a761
0x59425efb6fcbfd11a82f4026458c98ecd677d8bd,0x000000008924d42d98026c656545c3c1fb3ad31c,1,0xda97095ea851a04c668149e226aeb0d1d025eebb
0x847576eba0fbc861c02856de8894e01e2158adc5,0x8d1fa935e5e8a5440c9efc96c0d9ff387ebb179b,1,0xc2318e8012807b1dfeed3acd94aa40e96db16653
0x8b9b39679a13824ca4e8959f18158955bf4cb6ec,0x612e2daddc89d91409e40f946f9f7cfe422e777e,1,0xb1afa50dffb29c8cba9371e838bb298ec6f6ba0a
0x0594363a2c36a1ecfc757fd006e8dbd84eedd2d6,0x000000f20032b9e171844b00ea507e11960bd94a,1,0x82e031832673702c443e028862de078b765faea1
0xc2a35e0c8ffbc5a0ef3fa0d0a5e0bd343d0ff733,0x000000f20032b9e171844b00ea507e11960bd94a,1,0x7e4d1f4cd565fe7961b70f54f96e887ab9d6238b
0xb32da4be17d19483a51468a45d822074876ea54a,0x426747fd6ef508de3e4f1a3bf610c8fcc35f0eec,0,0x426747fd6ef508de3e4f1a3bf610c8fcc35f0eec
0x8e8227ac35d2a24ba2c2acdf9740f3378e168d8c,0x7354936bc7a72c8baf5a2f9262e70a52c427be4a,1,0xd3ddc0fae05aa1024ed3b3baf7b2cd0a0c226ecd
0xf6605f909170098e35b2c466c8de29aa32c8aadf,0x612e2daddc89d91409e40f946f9f7cfe422e777e,1,0xb35a9c1eed6178c702de894cfbc1c77b3c4fea4b
0x3e1a5fc36522ec5b7dbbbe25510dc75691011387,0x000000f20032b9e171844b00ea507e11960bd94a,1,0x1e86635503782eee9855cd43a6c889c55ce67559
0x0c6db9c290f7fc4d6eb406a22d734d636e056b1f,0xf74b146ce44cc162b601dec3be331784db111dc1,1,0xf97b8e8d0640280b7eea81096fa54574f52b6063
0x3d42adcf51ec3c6b46eb615b03978ddfd0b1d71b,0x000000f20032b9e171844b00ea507e11960bd94a,1,0x2593e775222bc496b8c6997b8b11b1f48d40bfe9
0x159610ac29d497ccfface6e95f837ba2d1cb3296,0xca7681626e3f5542ac3806c88e5bfe916c7908cd,0,0xca7681626e3f5542ac3806c88e5bfe916c7908cd
0xa3b5db49e9d47bb2b67536da7958c4421bf5f4bc,0x000000f20032b9e171844b00ea507e11960bd94a,1,0x785723b64a19788dffe1147d1b65a7a8b7590a87
0x26060ea1168b2851e793a321aaee61d433f48f5d,0xb792e941750c4ed3c9cd6d5a6c98057d65d01b29,0,0xb792e941750c4ed3c9cd6d5a6c98057d65d01b29
0xec4a7c62bb63069cde41a2c9d55cb4fb64458eba,0x000000f20032b9e171844b00ea507e11960bd94a,1,0x201586d5413a913b65da3d7280eb4598452ee539
0xc67bd8cd67d9468b5b2ea686bf96c2f19b1d5063,0x000000f20032b9e171844b00ea507e11960bd94a,1,0x24565b4092ef168f74a4cc6a338993b751fe1f29
0x7225fd32f655edd61041684a88a67654bfe0e6e9,0x000000f20032b9e171844b00ea507e11960bd94a,1,0xe0c268e937ad6a60a0e595f6d48e803a0cf68fa8
0xbf73e97360f7c356c599183dd33333b4b6de6277,0xc689c4e2298f5d0ee8118f46f0262421d17db813,0,0xc689c4e2298f5d0ee8118f46f0262421d17db813
0x1d9afb0f3ee363778dbbe61ec5e097dbc9849d43,0x000000f20032b9e171844b00ea507e11960bd94a,1,0x5c52e123e4b67e94f6371034976e350060145d90
0x891abbbb4514c762c1fc0d30fdc3e0a4a6f29f58,0x612e2daddc89d91409e40f946f9f7cfe422e777e,1,0xed96ed4523404642325dccf84b583c2ddea26a0e
0xd5f1034041ef4929c22069f96b5e1d6e76d120f3,0xb792e941750c4ed3c9cd6d5a6c98057d65d01b29,0,0xb792e941750c4ed3c9cd6d5a6c98057d65d01b29
0x9464004385f839ebd0bfc2ab79cb8614f9cb2b9c,0x000000f20032b9e171844b00ea507e11960bd94a,1,0x143563821f6f7336588a992a796039a4019dd071
0x9aee1c9fa2c33dd82164c4b4bb5517a00f823e9a,0x000000f20032b9e171844b00ea507e11960bd94a,1,0x9e9081492c8c8bb906bb66da9621241d4b14f9a5
0x3b919170825cabd355f3a3dd64dd820a68fee477,0x3acf4eb191960c49860503f628a6f7c300b0e7b4,1,0xddb08939f7c3b9ac229b238eb913cadb9d90d534
0x3fac4412854e62852a9bceb7e3907434cb58a2eb,0x000000f20032b9e171844b00ea507e11960bd94a,1,0x22fb245a223ad61c70a1315c5f06c5ad64a4d30d
0x417e3e016c55b755ab14c04f470e7b3e53987586,0x000000f20032b9e171844b00ea507e11960bd94a,1,0x867317ce17a9c2da93c63da9ed14d522cff4dbd2
0x8a90b46a797fca7aec683f99731ddbf1c7813291,0x612e2daddc89d91409e40f946f9f7cfe422e777e,1,0x4dd507445c21aa806ffdaa75ae8398735f942e6c
0x342229d1537e4dade67176ecf7bb15bd6512e0a4,0x000000f20032b9e171844b00ea507e11960bd94a,1,0x45762b5f16bc91836b149fcbcbf54d0a9e7304ef
0xc97ce0aee26e982e33ca8b435d9b6095076451c8,0x7354936bc7a72c8baf5a2f9262e70a52c427be4a,1,0x8b79fa779af9391a10c5010101c180534ee9af4f
0x73f4fdfb4c92bc89a7fa30bb9b7f323d504a5ee0,0x000000f20032b9e171844b00ea507e11960bd94a,1,0xa62ad74eda1153e1dcf7b5ed4d105322a7e3ffdb
0x60a970ff14ff855b5eb7869c077dd9b2057bf4d0,0x000000008924d42d98026c656545c3c1fb3ad31c,1,0x57ae16b9726b620f4326bdbb40bcefac013922f5
0xade80107eb2e8112f0596faa27504d4643e06f30,0x000000f20032b9e171844b00ea507e11960bd94a,1,0xc2de074232657001f3de6289e5b3fa19f0f9a876
0x48dc8aaff5c67e3b9ecacb6798b8af5a067a33f5,0x74414c87f560beecbe1049d6ad19ea43af25565f,0,0x74414c87f560beecbe1049d6ad19ea43af25565f
0x2322717ae521e19d565be9b3a38d60d31b9cc61e,0x4756d8f89097c434c6ccd52d6dbc7dc9d2ff7697,1,0x40df4dc41fc5dd7828b122cd2ad8f34ebde86fd5
0x58138ffbfeae404475ddbcb912cfe69668d2b1cd,0x000000f20032b9e171844b00ea507e11960bd94a,1,0xe60ea8b44488c1c4a83fc688c595d2667ce6bcc0
0x5650b899afc192a58f36fbc5b204bfe4578654db,0x7919049aca223c3ca6b1bea0770a9226bd8f9b1f,0,0x7919049aca223c3ca6b1bea0770a9226bd8f9b1f
0xa633d6f918f90ec9572e60d7ec9242dbf059c133,0x27ce3c4c5cf3180c2839939cdd37650a52da5609,0,0x27ce3c4c5cf3180c2839939cdd37650a52da5609
0x0002d65f127a5afb5503db1655dc71901d7c674e,0x9f75d7f3105f30788252ce887f42512828d7e1c8,0,0x9f75d7f3105f30788252ce887f42512828d7e1c8
0x035a013fdcb79885a64bc17b602faaf23505f631,0xefc8d0161c0d87e9c095783be55d77813540368a,0,0xefc8d0161c0d87e9c095783be55d77813540368a
0xe9a061a49d63f1e13d16cb6b13bbea9bcee4b9a8,0x76f948e5f13b9a84a81e5681df8682bbf524805e,1,0x6bcac23fabe440004a2aede25e5f4893027ddd4b
0x3d3e34efed689d51fe15fe6d5201f8481583f734,0xdef54552f61c28f8d77d25a592276f7405233c14,0,0xdef54552f61c28f8d77d25a592276f7405233c14
0xafa14ce1e55062af505298a2cb7eec10f8fa236f,0x60877a6603f39a4a9078d80952fcf8b90d8fe779,0,0x60877a6603f39a4a9078d80952fcf8b90d8fe779
0x68f431ab6b9fa03abcbff9cc4bfc96418dc5a4c7,0x4c5287834576f7f1f3732fc2dddef2d2db3fea53,0,0x4c5287834576f7f1f3732fc2dddef2d2db3fea53
0x3924fb085aac3afe0370d47b2c51ecb8771ed99e,0x000000f20032b9e171844b00ea507e11960bd94a,1,0x679e1b7ce4337efeb8eae26330230cc0bd7065cd
0x60649c1d2e9727db30588e9629b862d2c16e8be7,0x612e2daddc89d91409e40f946f9f7cfe422e777e,1,0xa04611ac0438bdada004680628704151c8db044f
0x2b60fef11611f8cf5fd170255ba49e3d84dabc3f,0x612e2daddc89d91409e40f946f9f7cfe422e777e,1,0x2178e346d24d9dc0dc1591d2b0d90928e7b4dbdc
0x20b95ccd64858fa5c5548f3a6cae02ec0eabfe48,0x20ba81078529d3da017762996215e11e7c943a7e,0,0x20ba81078529d3da017762996215e11e7c943a7e
0xfa8b03a67df74d113fe6b89786d2e07cef4d0e73,0x000000f20032b9e171844b00ea507e11960bd94a,1,0xce0886aa91cbfe84c664b8b23c732913d7d936f0
0x035bb7bac2fef611564a06c3d9ef4860712e8dd5,0x000000f20032b9e171844b00ea507e11960bd94a,1,0xe30e0a10538856f02f4fdc529715ee0cbdb0f3ba
0x2d104264336633aae6c1b0ec56c54764690705f7,0x722fc9127214af3b1cdf4d59a5872778983e67d6,0,0x722fc9127214af3b1cdf4d59a5872778983e67d6
0x5903712b6df44ff42a0334b74a733c990ff627bc,0x000000f20032b9e171844b00ea507e11960bd94a,1,0x01c32a90e73c126b66972bccf88428eaa349964b
0x5dbc2b421d76bfa5bd10d65a0d524973ab28aa99,0x000000f20032b9e171844b00ea507e11960bd94a,1,0xe372e6271787c233f1f6bc58a4903dd790febb6f
0x1d3d20d40bc22130aa723bf16607e842fdd43272,0x612e2daddc89d91409e40f946f9f7cfe422e777e,1,0x631d2d9b9d1a8f8b6bebe6cbff4a01536c396194
0xc13a36414c6fa5b69bf4cbc5ef1ea2ac6f354410,0x000000f20032b9e171844b00ea507e11960bd94a,1,0x1922db8c784c5a8957ce8b4ab16cb6fe5947842e
0xa90b04925fe93bf766041d6e79ae75ca35254e1f,0x000000f20032b9e171844b00ea507e11960bd94a,1,0xf490dba1bd923c4a9adc8c70bd572501463a1282
0x4910eaca196e93faa21b48c2ce048412b62450c9,0x019c59207866cfa338545d0cbbe3a4fca5f8b366,0,0x019c59207866cfa338545d0cbbe3a4fca5f8b366
0x5b9f9bf275dbc3129721ec81487c21eb5a5c1548,0x000000f20032b9e171844b00ea507e11960bd94a,1,0x155a375a25fdb05dc335ebc1ca52210c09ff42c2
0x04e2e36793d2f27bf9ba65952a97a5caa2da3ced,0x000000f20032b9e171844b00ea507e11960bd94a,1,0xda48cb142b3e7082d5b0b7804616dcad299534a6
0xdde5134cb3fe10cdb723b39bbcb0dad64e2bb18b,0x391186ff4381c432f6ba1373886f84cb0cb04461,0,0x391186ff4381c432f6ba1373886f84cb0cb04461
0xd58b576d12e047c7eee4876871be131a6fec86bf,0x396531467b826937654d34067c3c9190ccef8ea4,0,0x396531467b826937654d34067c3c9190ccef8ea4
0x06909a1b53d240453bee845940bbf569131c1072,0x000000f20032b9e171844b00ea507e11960bd94a,1,0x24907c58e080f2a9d1f31f25d555aa3d5a5e3419
0x1a21ed0892815d82340d1747aefaa326ca457cb3,0x612e2daddc89d91409e40f946f9f7cfe422e777e,1,0xb5572fd2a0eca5c3ff5aceebb6225446454dc58a
0xd91d2c9cead772d21ee281ed3f1ecf0eb7a42705,0x000000f20032b9e171844b00ea507e11960bd94a,1,0x190a2349e49f8a879cd481f2386ad8b5bffc7e80
0xa2a84b54ce4f4828dac769cf2caf70c32308ce1c,0x612e2daddc89d91409e40f946f9f7cfe422e777e,1,0x4b8a7736eef978de728629fd9862f836597cc5fb
0x09c9ec41a99eaae86ea3c4df2c003770bc8d4419,0x000000f20032b9e171844b00ea507e11960bd94a,1,0x1ddf5d5404b4a80623597143f806f41b373a9e13
0xc6fd5aac22c20944480b8bff74b6c72ea78aea14,0x032a069ab2c98a4329e4ff0b30642485ed78cfb3,0,0x032a069ab2c98a4329e4ff0b30642485ed78cfb3
0xd2faa8212b33d00771d4f7f9b98b3627913488b3,0x442295de8a31d65026dbc09c29d469f6854f188a,1,0x449d316f19c21111159a73b43181e6bd9e4ff55f
0xb944bdd9d7029d5d2e4f2983fc441b82fc579b98,0x64936281426e7557fce3b6a0b672a22a417a9d78,0,0x64936281426e7557fce3b6a0b672a22a417a9d78
0x44bd56d39b99ee7a16661f1f6d1d8d5be47cadfa,0x77579dc56d7bfcff4f2423c26e5fe5d9893bdc72,0,0x77579dc56d7bfcff4f2423c26e5fe5d9893bdc72
0x3d39aba73b5a7fc55fea75c24c71d89fb5f2aad3,0x000000f20032b9e171844b00ea507e11960bd94a,1,0xda2a24b4b318c7aea2e7c3757d295f4e9862a181
0x324636ace33e39844ae2eacaca833709e8983294,0x000000f20032b9e171844b00ea507e11960bd94a,1,0xc9f37e224d2a50a2a29c9c835517597921c5c88a
0x5cd78f4426b781af1f56c1e6dee49f599ed1646e,0x000000f20032b9e171844b00ea507e11960bd94a,1,0x9619d55d3e8bfc1c08d678fe473d260673262a90
0x3bc3e75a39e4bbd634d10261fc7fec5104413a29,0x76f948e5f13b9a84a81e5681df8682bbf524805e,1,0xfab136ed12392b92e8cc13433dc1b5bcb1b68b24
0x33ca889e0431f47058e42e376138bc53e0716612,0x000000f20032b9e171844b00ea507e11960bd94a,1,0x313f75dac1175a9e6489ef2fcaf6947f2b192cca
0x7a050ec63f79523cf688c3eeb8fdb2cdf429c54f,0x3ba65ad297a3b0b3c00508ebf5bc3d72c9d5f1a5,1,0x5d98ac27db9f28efde511ce32ed8e6a876f0a214
0xb6456b5343f73879f557b83226a42efa93765640,0x19478179ef8bb7c4792a4041903080e097d137dd,1,0x056000dff1fa5f3cde5826317d5e8de0f88b70fe
0xba5ae55b12876ae9a7a04ad98a2598c9b5065aee,0x000000f20032b9e171844b00ea507e11960bd94a,1,0x206ce452df41f4f4c5d2d0fadefdf16644a09428
0x3bfcc9af22cb1508df8451236b6bbd27c5a3f1c3,0x56883cd46da43351f86a0a2b5de3b717e9329402,1,0x996ad22a9cee2ec884838772c9bde5956e427944
0xfecbd574935acafe4c9928a588ae680dca47ffb1,0x56883cd46da43351f86a0a2b5de3b717e9329402,1,0x996ad22a9cee2ec884838772c9bde5956e427944
0xda2bd52beaee37d058b61a9ba92c7ca62668a37c,0x612e2daddc89d91409e40f946f9f7cfe422e777e,1,0x1d591ece9940ea547c9f72e1785642cf3eb72791
0x17f3c3d8dcfbb95e8428707cfa73689d8d5fc2c8,0x000000f20032b9e171844b00ea507e11960bd94a,1,0xe8b910da00bc637837c40ae8e203740fcd21d076
0x18a89b4ecbd15232e8729beed39ff43d3a5d99d8,0x612e2daddc89d91409e40f946f9f7cfe422e777e,1,0xe1fd47053169333e4300e528d89b7a235cd88922
0x95cdc9655f15c3fa3cbeb7b4266eea2a51cef066,0x000000f20032b9e171844b00ea507e11960bd94a,1,0x5d50426fa8793176978193c9316f77a75adfd0cb
0x65fe895caca321b371da89e47df18979c92b7fa6,0x612e2daddc89d91409e40f946f9f7cfe422e777e,1,0xc10265a30a8ead588cfdf7ae56b98cbbcb9c923c
0x0c4bd3cc734d6662f7291efdab87fe96939047ad,0x000000f20032b9e171844b00ea507e11960bd94a,1,0x27223c9963009d90868b5408f9cfd4d9d01408b8
0x0cc8f280e93c546295f8dc8a3c0d846ed45d9976,0xbe20556693bd24e93c5db3563786d7122fc58175,0,0xbe20556693bd24e93c5db3563786d7122fc58175
0x83b818114ef338bbd8b1f14dfbc4c2a7a7001193,0x60541d2b82d08833aada70c17ece46f547d93198,0,0x60541d2b82d08833aada70c17ece46f547d93198
0x9be465cbe8e261785403a7a43fb41ee269455bbe,0x593ace2feb6f99aba0c6e53714a6ed0658dbff6e,0,0x593ace2feb6f99aba0c6e53714a6ed0658dbff6e
0x5c82fea2ee161b0c24ce0fbc7a40792215d112c8,0xb25297abe97947d8e3926d2c0f8e6c6665a0ec0b,0,0xb25297abe97947d8e3926d2c0f8e6c6665a0ec0b
0xcaf7ee75f2a2597c12405128ebca9e89a18c9c5b,0x5dfd6a36ffd09de5cf03b520d013f207c8775a18,0,0x5dfd6a36ffd09de5cf03b520d013f207c8775a18
0x5e8067c1758362cf423ba5394db26d0fb5a4b86b,0x000000f20032b9e171844b00ea507e11960bd94a,1,0x255b956be8197d991d8c7115f0954c40eb095c53
0x928b1c354ec16a543cdeddb17f9c3be97f74eafe,0xa1874003a74a8ad855e442ef99df610b9b7bacd2,0,0xa1874003a74a8ad855e442ef99df610b9b7bacd2
0xb972813a5fdb0a6a546f76c313fdeeb5ea9d36f3,0x6175b8d7a08c880a9ed1665db86dcbaab3af0e54,0,0x6175b8d7a08c880a9ed1665db86dcbaab3af0e54
0xc435133f45aa48ad5e20fbf598ac3be241cedd84,0x000000f20032b9e171844b00ea507e11960bd94a,1,0x8ce902a64ad38279626dab4cdeeaaaf375dcca1e
0x8dc2b356b94a4c494c16c5b3856abb5dde8e285d,0xc33c30d6f27cc17ef2172d462ab25e4d2cbaddc4,0,0xc33c30d6f27cc17ef2172d462ab25e4d2cbaddc4
0x12b5428a3b39ce1abc89b5d04da2ad3ab1294ccf,0x7354936bc7a72c8baf5a2f9262e70a52c427be4a,1,0xb8c0216ade6db36a31cc81c600d97caf96f9243c
0x7007ce64c76d240704e96be5fef87f82fb99c19b,0x974015dc4bbd892ef6d354e1e0ec7b5770b80f1f,0,0x974015dc4bbd892ef6d354e1e0ec7b5770b80f1f
0xa5d0204bd2654bd669ff4efd768189e7289f877e,0x000000f20032b9e171844b00ea507e11960bd94a,1,0x30f0eaf41bf8fb6ffd5973c2f969227517fc94e8
0x434ea222030585cd304d274cfbe2554f2b615baf,0x000000f20032b9e171844b00ea507e11960bd94a,1,0x1477fe8ea45ae76e2b4b4cbd0de9f5aad22b27e5
0x712c5337c1cb3f419b5129f324dd376f9bf33b49,0x612e2daddc89d91409e40f946f9f7cfe422e777e,1,0x9bae35144345404c66617eabc6289788258747d1
0x62d8bb904b49e6071a11c41cfbc27a360daf2667,0x612e2daddc89d91409e40f946f9f7cfe422e777e,1,0x3d0251fc474ada7fd049aac18167e6f2ba73ebbd
0x858f04646944e8ecd49c52978bdc41a91483c658,0x612e2daddc89d91409e40f946f9f7cfe422e777e,1,0x4aa28ad481b1f929cf05041e672cac6f5efd022a
0x8599d267aa42104285bbb918a9bc2fdc90edfbc5,0x612e2daddc89d91409e40f946f9f7cfe422e777e,1,0xc2f03ef8ca50fac02d6a1730f8f5022e974d3eef
0xc6983f51900d316578704f0603111b8840b24436,0x751eb2848debbfb80545c9ea56ac458a9956dde7,0,0x751eb2848debbfb80545c9ea56ac458a9956dde7
0xf4c34a8c7fbda86a3a4fa07e0463daf6a3dc1a79,0x8d1fa935e5e8a5440c9efc96c0d9ff387ebb179b,1,0x3062cf358b0ada23a2c754fe12c78c923cce00ed
0x07892f5705a482c503e87e38d49296a809a11977,0x000000f20032b9e171844b00ea507e11960bd94a,1,0x51c6c4e6ce2cf7ca2ff4dae6fd95b33816a21663
0xb6aba477a28a6b73599ddc8775941d64be251f91,0x000000f20032b9e171844b00ea507e11960bd94a,1,0x0795ed8e12844f2a31f2dc85bf86ece8dad76e93
0x23fcb439c1a0103df11585f45047f45206efdb35,0x000000f20032b9e171844b00ea507e11960bd94a,1,0x197541318ca6db8fc2cc320ddc370baad2d113a9
0x0b3930c2a5eaa3c49973d8782d37cd67536ac132,0x000000f20032b9e171844b00ea507e11960bd94a,1,0x91288f29c2bb0d43d99ef70a860ba094dd8f18ab
0x614a79ec9dfe7c8fe00a79adef45a31eb775140b,0x000000f20032b9e171844b00ea507e11960bd94a,1,0xf1408d9159a98e26494bde3f5411343b7ff73ee6
0x57b668caeb40681041178612b72a535381a9fde1,0x000000f20032b9e171844b00ea507e11960bd94a,1,0x08332ed138cfe3f130bec53ab720803dcb4f6bdf
0x358ef9c495b730570504ffbba2c67de98f84dcf8,0xda5bfe0bd4443d63833c8f4e3284357299eae6bc,1,0x83ab106f6df35e6ec67c4268c6f4ceead749ef28
0x8a87d4f3cbac82490ce19bb9854e2875bc50aa0d,0x8c8f849a7cef1262cf467ccf2957d07bf2acce86,0,0x8c8f849a7cef1262cf467ccf2957d07bf2acce86
0x392ada061907925ba894201294bb0aede779197a,0x000000f20032b9e171844b00ea507e11960bd94a,1,0x78a0b2ddf295ca7437587f106fd229408dbf17ab
0x3cb8fbe86d4e7754cfea03b13f62e88b15546f12,0x612e2daddc89d91409e40f946f9f7cfe422e777e,1,0x2f081a8832dd8519ae79c3075fa6e9932a182fb7
0xf240626b0f23a3c1e3178c02033a41c58760727b,0x000000f20032b9e171844b00ea507e11960bd94a,1,0xeb0c6396121404990d8d786d17c75a95eb7d31ab
0xf32bc2fd91131aba287cfea94775c5facd7bc50c,0x9669930b8715cd799d783eae1ca70ca0b4422e4b,0,0x9669930b8715cd799d783eae1ca70ca0b4422e4b
0xc6a38156b91bb4e487377bcb2b93cb2e21d20348,0x537dcb72cb78b8970a4b2a30eb71e541d0a07f60,0,0x537dcb72cb78b8970a4b2a30eb71e541d0a07f60
0x1ce3931f614e9cfe04aead321ac3c4be0ab75c8d,0x000000f20032b9e171844b00ea507e11960bd94a,1,0x29d1d53b1df77ed976b93597ea1de84573c31e99
0x949c587a248c629a3abc5c8f2a78d75e1be90d12,0x000000f20032b9e171844b00ea507e11960bd94a,1,0x456afd8d4762f9387aa3c3cee9c36da2a175ee24
0x9c5d091322085a9efe3abcc1b955736d704973af,0x612e2daddc89d91409e40f946f9f7cfe422e777e,1,0xc0a3de4d4cd1ac1c7523bd6d88a08175a4b02a6b
0x7116986332103bde1c3811a3610659c225397065,0x000000f20032b9e171844b00ea507e11960bd94a,1,0xc8b35b7b41301636a2c7af8cd9917e075075f4cc
0xb9b6540fa517dd9a8f9aae64631da1660029399a,0x810601ded372dddcb497d426d4e6d0db05978404,0,0x810601ded372dddcb497d426d4e6d0db05978404
0x38e1d18ffb2b83f7867357e6bd217b0c7eb61f16,0x000000f20032b9e171844b00ea507e11960bd94a,1,0xda3e629b94478a5f738c75c60a57ca5e8deadb58
0x8e695e6ad1c35f733eed88797780a2e2139ab0f6,0x0ada251c4fb1b964151e980f587549fdf185480a,0,0x0ada251c4fb1b964151e980f587549fdf185480a
0xfed62271bbee5a00d0bfa0c1a455520284cb9de2,0x442295de8a31d65026dbc09c29d469f6854f188a,1,0x5ff55388781efd458bb1e1b1c658899544966c53
0xc293ffba2c3dd9421858ba0f9dffa226b373329a,0x000000f20032b9e171844b00ea507e11960bd94a,1,0x79956f426ca35f24091830748de58e151031e1d2
0xe4b8dfe67028a321899d0e25a27c14b293f77bd8,0x612e2daddc89d91409e40f946f9f7cfe422e777e,1,0x621a92c093683cab2c436283176019ba73488fe6
0x606c5c708009ea47826a384fd641070e27c041b1,0x000000f20032b9e171844b00ea507e11960bd94a,1,0xe7c858936322e844c9432721d6b697485588e4ad
0x012fdd1f9dd3d1b37041f75269c5af0b2d26fe17,0x000000f20032b9e171844b00ea507e11960bd94a,1,0x9fd1c01c49e72c0f4d24a171ad8fe7020ad44f17
0xfb5b612ff4fe08b9e0b660d26065a1eb5fb465fa,0x31dfe64287042bcf154f0b5c63b48b41ddc8d8cf,1,0x26bddf3e3a83cf3b7f9eff859908fd122cda9df8
0x3bb0c0f33181989d380365afac6ebda6357eb44f,0x000000f20032b9e171844b00ea507e11960bd94a,1,0x60e4885d9189359b81f1ea85d135ade53a0b09fe
0x69cc422e34eeb080d27e8fa86c54a23f72edff32,0x000000f20032b9e171844b00ea507e11960bd94a,1,0xe5f2130f861f206bbcc07934a916a055fcc1e043
0x536b78dda92adf9517dcfe509caa65612b63b8ac,0x4e2bc421966a70e0a1939f2f88abe1c1aa68cbb1,0,0x4e2bc421966a70e0a1939f2f88abe1c1aa68cbb1
0x4ff4ab41742affd2f7bedb750405137e8b564e5b,0x000000f20032b9e171844b00ea507e11960bd94a,1,0xe7ec2622735deb1bb542f0e5a6342bd20ee86473
0xef45f156558c5b8f1e81139a738a9645123111cf,0x000000f20032b9e171844b00ea507e11960bd94a,1,0x949e6d845595247659f23ecbfa9c3691c4bdbca6
0x4f44cbb56bb4650b71791aa78450b6de5e5daabe,0x000000f20032b9e171844b00ea507e11960bd94a,1,0xcd68d125028cb052bd5cd1cace7fafe8accd4b36
0xc4ca8ba28a9aecd2ed81f398ec5fe79e5fe267c0,0x61da99e5dd832f57ab1ff9a5c1a6e5d7f0dccf62,0,0x61da99e5dd832f57ab1ff9a5c1a6e5d7f0dccf62
0xe650c6f9d09e836aa5f5c7718cb9408d4c8c67a3,0x000000f20032b9e171844b00ea507e11960bd94a,1,0x2a95408ac23d1c374951aa415772cc750f1f90e9
0x4d3a69abbeb70c61533f2259188b343b84617bc6,0x09b17830cb4a734ab8b66d2bb7e6b97111076ea1,0,0x09b17830cb4a734ab8b66d2bb7e6b97111076ea1
0x20c99f854aa0aca484402d3966352eca78646288,0x000000f20032b9e171844b00ea507e11960bd94a,1,0x899a7e5e7e6fc4b862837b92b348232416accfbb
0x33e50f71e114b1a2962f83dc43ac1780a9827e38,0x000000f20032b9e171844b00ea507e11960bd94a,1,0x7626752d03e6e2464e254e5cab46c6927a539c18
0x4a4c72d6a8dded4a58817346a3f1238769c65b53,0x000000f20032b9e171844b00ea507e11960bd94a,1,0xf701b1ec69c59f089ff7879a2655b8af76e5ff9c
0x981550e007c60d4f3152bdc1b4d3daf7c4a56336,0x000000f20032b9e171844b00ea507e11960bd94a,1,0x31ded7c33ac75cdb2aa55e3d3bea87dfcbd2d407
0xbefe10c5e88944ea299dbe521a441e6a341b7241,0xb13e242e56293ffe6ade751b28c2db95c7413907,0,0xb13e242e56293ffe6ade751b28c2db95c7413907
0x272ed67ac02832b5f127509c84861dd15ca8df88,0x612e2daddc89d91409e40f946f9f7cfe422e777e,1,0x5a5707185e614a78da8a9cec3fb994c1cf564910
0xd161a8acff31d020452776b2be42fb9cd9eb5d28,0x000000f20032b9e171844b00ea507e11960bd94a,1,0x2eaad6f08f31501b21624712f057510a50442f5b
0x359de029164f3c2bea8f81b5e28382f967a05d74,0x000000f20032b9e171844b00ea507e11960bd94a,1,0x4656f125a2efc1a6872577958281f5958b30d3ad
0x30d6e2ce2a2d4e922cd6a61fe828a3210f30c09d,0xa6c5f2de915240270dac655152c3f6a91748cb85,1,0x78f67dac93de4f1dcc155ac94b3e8e6bf8947935
0x2e1ecb9f25f9f1c80d1bad38bb124018925d8eb7,0x612e2daddc89d91409e40f946f9f7cfe422e777e,1,0xb1fea46262951641b9125d197365a74cb9ec2392
0xfeee81a3abcaeff35374635694d9ee8af4ad48ef,0x000000f20032b9e171844b00ea507e11960bd94a,1,0xfbb1637b95c8fdbba2edf16dedb6f7443223eddd
0xd4f7f15828dc6f49c84f7951509418faba68b349,0x000000f20032b9e171844b00ea507e11960bd94a,1,0xc9b0ec9cf8e660500b4ad5d220422417b4a83306
0xa1fae749d702e5a5763f4fc1f2f3158de7f23e9c,0xecc6043947fd65a7ba93e755d42594c7c7bc2cdb,0,0xecc6043947fd65a7ba93e755d42594c7c7bc2cdb
0x68ac3b62b58aaeb386eee9f4b034db59e2e24e35,0x000000f20032b9e171844b00ea507e11960bd94a,1,0x119ba9d08ce7986c2e73ad4d1911dfc76e9a7285
0xd71360ad836fa6bf30c733a8f36981e7a0f22c99,0x612e2daddc89d91409e40f946f9f7cfe422e777e,1,0x14b015a7a4de3b306b34cfde194949530f32c6f2
0x0ed7ce73a5779eaacbd80ac0108bb220c41bbbe8,0x000000f20032b9e171844b00ea507e11960bd94a,1,0xbaf50cb702ef9e8e6e5146644ac4e7a88d48b9ff
0x230269cdd16526cadea76d9a284b7cc124526fd9,0x000000f20032b9e171844b00ea507e11960bd94a,1,0x80e63cb87a9999504622efc8f7ffa8801c1471cc
0x5cc49b69bfdc92aa7a01e98efbc399d782acf1fb,0x000000f20032b9e171844b00ea507e11960bd94a,1,0x6145497b3d35644d87d8302cb23c9aec3c4a2707
0xfa40d98f8d1a42946b9bfe67dba7e42cae8a1c72,0x000000f20032b9e171844b00ea507e11960bd94a,1,0xe68540a2b6531b8b9099651c77655fd9074950e2
0x18130ffef202dd6dc28408ff0928901f900b1198,0x92c159895901439caa212997d505083a2fe88885,1,0x862ce788768b321064f1b56cf017d402b5246f9b
0x74ddaa35fdf4ac53e557535ee03f147089e631cd,0x612e2daddc89d91409e40f946f9f7cfe422e777e,1,0x5b9e8042315f61d4c93bae0c2ff507de768ba2f4
0xa22658db6d30ec518f3278ee60a7ce9ac2f345d0,0x612e2daddc89d91409e40f946f9f7cfe422e777e,1,0xed96ed4523404642325dccf84b583c2ddea26a0e
0xca39c72d591e1aff8339491c175c3621b2f89f32,0x000000f20032b9e171844b00ea507e11960bd94a,1,0x0f8373cee135c99d45c840155a89a797ec8be5ff
0x71c6fb41af24632890f5920e4d1f8907c8a2a6d6,0xfdd120ed376f9c7ce805a75bdc92b8f4609f1f38,0,0xfdd120ed376f9c7ce805a75bdc92b8f4609f1f38
0x899a8c30766441596d0728bfbec65858d30477fb,0x000000f20032b9e171844b00ea507e11960bd94a,1,0x936f49a443328201f862959c3fc35f99f2ca5f3b
0x6580986475e1176f7093b6b2382d033d27bfdb84,0x000000f20032b9e171844b00ea507e11960bd94a,1,0x0917a83ecd351a2389808a4ebe2e71d6a1dfe031
0xe36ba750d64aa21a65a5885319a4c71ff1a070e0,0x219ef9bdfcd97f74f7cebd1b67d358d1f7ec2cf4,0,0x219ef9bdfcd97f74f7cebd1b67d358d1f7ec2cf4
0xc8c9ac4826af6494f0e3061a64ba83c36183dec5,0x000000f20032b9e171844b00ea507e11960bd94a,1,0xa886d191574fa5e1c6851ffb65ed8f8c7079a1f4
0x5d2531f8c67091b072d3608a9730882becb69c61,0x612e2daddc89d91409e40f946f9f7cfe422e777e,1,0xc5b9c9a98a35cd9bde1533eaf0120b773dc7b895
0xdcd75686def04b41e799ef4ae28024bae4be24ff,0x19478179ef8bb7c4792a4041903080e097d137dd,1,0x31249b6998bae31e5519dc8585933b5495c50d5f
0x556e69b7a99af1426a1345bf9e54f4b5304bb6c4,0xee193f18cc3549e1158e4b940f065d8f460c143e,0,0xee193f18cc3549e1158e4b940f065d8f460c143e
0xc6fa7b472cd38f6d37cf423d3f045264b2f9dd76,0x000000f20032b9e171844b00ea507e11960bd94a,1,0x1f57a566b520ff09ceca081fb334614e483bbf68
0xfecf0f3afd33472d1c9ba576a334e8b0d3c83747,0x612e2daddc89d91409e40f946f9f7cfe422e777e,1,0x4e4a1a5f8212270bbb77cb02d071781eda1b7cfe
0x555dfcc4b0c9efe388a42548998e27be05c7010f,0x000000f20032b9e171844b00ea507e11960bd94a,1,0xd447444719cff95d6f8f45b208a9c50eb50cc5a2
0x1746917e33808c1b6ef74b91720d82e927f39b3f,0xa1874003a74a8ad855e442ef99df610b9b7bacd2,0,0xa1874003a74a8ad855e442ef99df610b9b7bacd2
0x482eb886010d0c423a56e05538b423695a11271e,0x31dfe64287042bcf154f0b5c63b48b41ddc8d8cf,1,0x26bddf3e3a83cf3b7f9eff859908fd122cda9df8
0x240a863be49daa6667b6e5669bfa481d206183f6,0x612e2daddc89d91409e40f946f9f7cfe422e777e,1,0x04714eb0015fced099a07977a6669f423a5f42e1
0x7f7ebcb382de38a0c3774e737912760669f72ef1,0x612e2daddc89d91409e40f946f9f7cfe422e777e,1,0x45ce826ee6c5a131e14ef2399f419c8e9a537deb
0x5b66db4ba9dfa86704ddca41c9fa6c01c84cbd09,0x000000f20032b9e171844b00ea507e11960bd94a,1,0x3b5e1e1a87775428a248419391c3c461b4708cb1
0x17b3d42a63f6a49f3b306d38d9a9fb3b3b5fbe53,0x000000f20032b9e171844b00ea507e11960bd94a,1,0xab31e97d38265f7f1dce064bf1a8563af0018101
0x20f0761eb7fe800b42dafe5243098dc11878810b,0x000000f20032b9e171844b00ea507e11960bd94a,1,0x3b3a1d289f6c37d1529702c77a31ea45e1dbd32b
0xeb88ecdfff46873affbe18055f2011f10465e7cb,0x76f948e5f13b9a84a81e5681df8682bbf524805e,1,0x6f981fdb9a28c918f816e6f0dfbd555eb2727232
0x334c0129f7d538c2bfec299be6dc36717d6b202a,0x6e42262978de5233c8d5b05b128c121fba110da4,1,0x07205434627914012d8c9d09ef6a6673a5e8d5a8
0xf997c38d3f2302964845a45698ce57da339f812b,0x000000f20032b9e171844b00ea507e11960bd94a,1,0x77b7d234c5a894fba489f152fd40d28ae41c2c10
0xeb4a1275c4939aa4442188f1ce6ecb4391c16e6d,0xce0256c68288143870ff6da14a2997004634aa1b,0,0xce0256c68288143870ff6da14a2997004634aa1b
0x8b588b77ae70bf1a2b7c682bfb53c7481fc7a22d,0x612e2daddc89d91409e40f946f9f7cfe422e777e,1,0xeb334a9ed800024889989eb4fbe1e16f4474dcab
0x004e8d51db1a492cccd3477ed354ba0c4c5a26c9,0x000000f20032b9e171844b00ea507e11960bd94a,1,0xadc259579c21af9f950b1d3cf6929c5af7268ba5
0xfad57bf16f7714aef54870a1de26bf214de7a0b0,0x000000f20032b9e171844b00ea507e11960bd94a,1,0x41a304ef291237bf47c110d53617aa51c0843bc2
0x64d938ac2a267e5a7b2d8034fc853e9326cc5db8,0x049c23afcaf9864dbd036b7ae4cb34a54539f8c6,0,0x049c23afcaf9864dbd036b7ae4cb34a54539f8c6
0xe16da3993b2f4df3798567a880ee998ec5775871,0xf3dd15da3dddaf37388f18e49c7ed43f51b1c377,0,0xf3dd15da3dddaf37388f18e49c7ed43f51b1c377
0x1eeae99ee911c8f0fd2279e236ee44e79d2b3945,0x0000000000aec84f5bfc2af15eafb943bf4e3522,1,0x964824a9fabc60ba2a8e70a910c113a8c98b1512
0x479ba864768ef5cf382588d3ccbe02122c9e92b0,0xa4d122232adaeaf0372572917d07714de08ffeff,0,0xa4d122232adaeaf0372572917d07714de08ffeff
0xff618ab4da1aa4e0941f5078e797ef22fd93060d,0x000000f20032b9e171844b00ea507e11960bd94a,1,0x42ab1ee2e488a8eacf2c3f6c89eb25ca8c875a54
0x80b26d513fd3f4dda74fb9dee2814656eff79a59,0x000000008924d42d98026c656545c3c1fb3ad31c,1,0x0e9ecd7fb89c4673c27171d709d3721f045d230a
0xd9f0413b03c80d6a1cde3071c83b06e27e9dd573,0x2dfa21a5ebf5ccbe62566458a1baec6b1f33f292,1,0x7f8069dfdd61f3aaabdff9f6d7257496733d340d
0x56c28fac3c3ace108ff2c56de315a9d7bb7e09cf,0x8f049f77f04b5ecdef56fe0de2ed1d1c9019e83b,0,0x8f049f77f04b5ecdef56fe0de2ed1d1c9019e83b
0x267a22f8b97335a164af9d5c46f43b88e5a1ef6b,0x000000f20032b9e171844b00ea507e11960bd94a,1,0xda9c4566adc45da91084dc638954aa5bf87349a9
0xf796e37a63a44614d001a1ac137dbf982a4fdf0f,0x000000008924d42d98026c656545c3c1fb3ad31c,1,0x51edef251e84efa6ecd99ce301bebfc386a3bff0
0xc55cfd2252dd1b3c9ca89b062783b0bc822b3df5,0x000000f20032b9e171844b00ea507e11960bd94a,1,0xec3253e22fcf7e419bca335b22915d75cc2a59b5
0x6913b3768072760071ed54ba186e4e80228e7406,0x76f948e5f13b9a84a81e5681df8682bbf524805e,1,0xd32dea592e88e79b47a2bb498ef7c88935bd63bf
0x2fead13fa10aad8090d6d72469a5d76de95cbb70,0x612e2daddc89d91409e40f946f9f7cfe422e777e,1,0xa1be903256a247d23a67c5f748b23c27d3346de5
0x07749701462bb9ed5993a25233464b97159e21b1,0x612e2daddc89d91409e40f946f9f7cfe422e777e,1,0xc97f169275b3ed28b28f7050385ec0ee533fd316
0xd1c31b69d2beae0064b60b842badd4136f098924,0x000000f20032b9e171844b00ea507e11960bd94a,1,0x14bde3947cba792fbc8b421be73b0104acbd9698
0x878ee280dc490b8be7b3c3d9ebf0e6ef1cc0846e,0x612e2daddc89d91409e40f946f9f7cfe422e777e,1,0x57f384982c6daa34daa9d5aaf428a80df15c0828
0xe49fc4cb4fc2bb94f8a24794b738098a6187dd6a,0xb2019531de3bfda451668acfe40fb3aee59975b5,1,0xbb55eb1199ee75937a7b89a5d8d0484ac873ab11
0x121ad03a990f1cd82687a82f1a2cc73d3955c763,0x000000008924d42d98026c656545c3c1fb3ad31c,1,0xc3d909683270f33842dd8f566f8f960ca219875d
0xdd19594a711f196961f94ca3245c785aa6ab3d0c,0x76f948e5f13b9a84a81e5681df8682bbf524805e,1,0xfe8ea76b045d76f0779f9888d4e6919011d84a20
0x15271c38157a0687265de0d4ef19ad36d64224f9,0x1d15a2d8d660bf24bdf9ddec0f94cfc5d6d5ab39,0,0x1d15a2d8d660bf24bdf9ddec0f94cfc5d6d5ab39
0x2ea3be6567defd0a11cdb960265814dfd83a6a01,0x2ac3285e2d4b27847f7b1dda9c20f26cebe84367,0,0x2ac3285e2d4b27847f7b1dda9c20f26cebe84367
0xfe1fc4b1117d61a674c8ffc1f3dc6f06cc80f3b7,0x000000f20032b9e171844b00ea507e11960bd94a,1,0x6e30810a166794c95668b92b51bcbfd8730ae630
0x390684eb5e26083dfa2df1882016cbfde87438c3,0x612e2daddc89d91409e40f946f9f7cfe422e777e,1,0xfc604597612b6eac7bb260f157dff287934ba8fc
0xf39d5b627b9a63d7cf87b778aab821affe06f005,0x000000f20032b9e171844b00ea507e11960bd94a,1,0xb9c248bdf1760cf48aadb54beb749bb769ea06d6
0x7f38d5488a0e9ecdef095f079ff0bf71233d13da,0x612e2daddc89d91409e40f946f9f7cfe422e777e,1,0xb99172161b5edfb4e01f7ee5feb4264d684541f1
0x575ec4d8ba683262ae7b53649e79f619bbc94ab1,0x000000f20032b9e171844b00ea507e11960bd94a,1,0x31cd38dbd4bcd1bfb412e7996c3372cdf35b58a6
0x60f28bddde01d94522db06b31b3251b011dc059b,0xa552118ead1d3d350a0a32881f4862048bc6718a,1,0x10c9d12b2cdfe6ab3fd22e93593a7adfa8246f99
0x94c828772c9f9ffbffe3cbde787762705b78de78,0x000000f20032b9e171844b00ea507e11960bd94a,1,0x24f5849ad218f883e323157fe3592d4d91c9eb13
0x026e5a078592eab88589664e0ac36351c4ab46f6,0x65fa1c002e2cfe0a8ade791c292a7d8e1f4d05a9,0,0x65fa1c002e2cfe0a8ade791c292a7d8e1f4d05a9
0x5a997e221a35c175fb5cfd458c1479ea3387296e,0x000000f20032b9e171844b00ea507e11960bd94a,1,0xd2cb3fe860073b66ff1b1cf36b85890e82ed623f
0x99c82f05b4be28cd265edcded4e7c1981668616b,0x9d3e4f8cddd6be1bca4b6ed2835cf8fbbf93ba33,0,0x9d3e4f8cddd6be1bca4b6ed2835cf8fbbf93ba33
0xaf22e7537d2f50847a0c0dc3b81b2e6fe51c9b57,0x612e2daddc89d91409e40f946f9f7cfe422e777e,1,0x57ffc16c3514e17605da6bd33e5af47fb855e340
0xf9d0d561cf5d2b011e49c377eeb8121aa3eb62ff,0x612e2daddc89d91409e40f946f9f7cfe422e777e,1,0xaac5ea28ca555927bd56d29383454e2638f85208
0x4fbaf9238cdffbcec071ede33b092ca523ed7a03,0x000000f20032b9e171844b00ea507e11960bd94a,1,0x4f3c9f3781a6f226d4a1e0028276e579e2e68c5e
0xc01eb1fee60996563e7300059d2bd380b5567592,0x000000f20032b9e171844b00ea507e11960bd94a,1,0x57b2948da4786b5d56d9d5a0f1b68533bbbcaca4
0x63dc6842e43d1b6b601bd6dd4300b02b5ba33cc4,0xb2019531de3bfda451668acfe40fb3aee59975b5,1,0x8807c30b5734a547e8539437bcf492923b169cc0
0x8d6eaa2b8270c2dae95cdbf95ebb72ede6856bec,0x612e2daddc89d91409e40f946f9f7cfe422e777e,1,0x29d7e1da8daca7a9d1edaec80255bbaf0eef594a
0xb445666684490b58821cf35c88774a5f78e8d588,0x12fb6a37d42e178c53c9958ddbce741cc758f5f7,0,0x12fb6a37d42e178c53c9958ddbce741cc758f5f7
0x2699268f1931f194346dc86c0d453a7786856ba5,0x000000f20032b9e171844b00ea507e11960bd94a,1,0x5063bb08915d6f6d25e14d6ffd51b9574f587b05
0xf2a0624dc666a097d338b7b0ef8fe49c81020e09,0x4e59b44847b379578588920ca78fbf26c0b4956c,1,0xd6cb50081a0087be91066723211b50ee3753f0da
0x53bd967c0b871383b816146bc5de1a3c060f196a,0x000000008924d42d98026c656545c3c1fb3ad31c,1,0x7f5c80fa473e63a8c1ab6aa3b3872a3383d78e2b
0x3f4480712f25eced5edd1f5c12f936458597270f,0x000000008924d42d98026c656545c3c1fb3ad31c,1,0x6072479d380824744d0a675a9ee2b9b25a76f6ef
0x76f53f236fce92ba744109aeb106ab0ea004a7f9,0x612e2daddc89d91409e40f946f9f7cfe422e777e,1,0x97fe8b7ba616945b5031e146229b9e727830f131
0x46d6ab9613753c4a2d4653dde39b304fb67b6925,0x612e2daddc89d91409e40f946f9f7cfe422e777e,1,0xb8018c2460aa01573736f29581efbcfcb1d0ede3
0xcbea126a145325418c221be6a345a7d457754861,0x000000f20032b9e171844b00ea507e11960bd94a,1,0x17eea4724737c121b8d582cceb96fc8228667d06
0x7d369739d7e5fb80d3b1e4e1b6f84cfae1ae126b,0x000000f20032b9e171844b00ea507e11960bd94a,1,0x3e4cd24b712736abce76cce4c252bc83ed7086d3
0xc2afd9722d54f06e42e99e31b53437bba71f7a90,0x93e3da489dfcd40f393750a160b7fd4a2d7fe2ae,1,0x44f1fba96af6013011ce4a766a42baa64a9c96a8
0x3d0c59cb8db297e36cacf629410339770181b7df,0x4c150e046504d2eac76b147cb7fdd05858d84d7f,1,0x19363a40a5c7914bc6024e983433bf2254841073
0x303a4d2a91444066deb735f03f2fc7a69ab77f35,0x612e2daddc89d91409e40f946f9f7cfe422e777e,1,0x4266f0b48d78a4a2029b62295ca0b9ba5046b9af
0xa0759e8f04ec26916c4cecb41175385b17edf9b4,0x000000f20032b9e171844b00ea507e11960bd94a,1,0xd621382c61daa38a33889952c725e98ab74601fe
0xb09f3481f76a6a273316e764e3a550f7a5377e2e,0x000000f20032b9e171844b00ea507e11960bd94a,1,0x73a09512821ed7e817bb3d86877da745da692298
0x9f6015da17dbc34b0d6b864cffcbf39c14b6a696,0x000000f20032b9e171844b00ea507e11960bd94a,1,0xb95cfa7d8016d207fa707753a58154ec1efe121c
0xded5f803f475daf8442573ea47b2d214fada3dd3,0x000000008924d42d98026c656545c3c1fb3ad31c,1,0x6430c99dd26b23bdbadcb8bf56fdab731fbfd267
0x289d24a3eadbc5d04902af0ab10aba0639a38b1a,0x0000000000aec84f5bfc2af15eafb943bf4e3522,1,0xc95c29a834ccc1e2efa8d32a8d435ea8db9a1e23
0x9fccc9c3a119328fa7f8a47f697581e7116fd799,0x000000008924d42d98026c656545c3c1fb3ad31c,1,0x7a065241264e899f890aedb32c6912bc4f7571c2
0x2143ed71c80a92574c1cba6d37495e1edc259853,0x816fc2addfa4f24b30b7b8668639ab7a64f67a7d,0,0x816fc2addfa4f24b30b7b8668639ab7a64f67a7d
0x13147fb53ffb9dcb805922edc49b901e96355797,0x000000f20032b9e171844b00ea507e11960bd94a,1,0x0fd9cd4f9b1690a03e2af26d6eea618642a202f7
0x020bdfa32dd343868086fe67262bb3e1854ffffa,0x000000f20032b9e171844b00ea507e11960bd94a,1,0x9f1fddfa405520933c0cd8405e9dfc563db068aa
0x8f0bf6ad4a85ff22082de009d350de479287238c,0x76f948e5f13b9a84a81e5681df8682bbf524805e,1,0xb8e86cc85e97e6f3484466901a39ced09acb0b7c
0x0ae633f474f55c0bdeea3868ebf280ca5cbf93ae,0xcf88fa6ee6d111b04be9b06ef6fad6bd6691b88c,0,0xcf88fa6ee6d111b04be9b06ef6fad6bd6691b88c
0xb1404a8b80dabc302ef8728ce1eb85c38dccb60d,0x19478179ef8bb7c4792a4041903080e097d137dd,1,0x7fbe0450d0199dfd81c41c10d334133532f2d972
0xc54ebc836c5da496276d736b4bc7b0bf0303b42a,0x612e2daddc89d91409e40f946f9f7cfe422e777e,1,0x72d5ac8eb06b0ef8311f74789bebc05076f5c3a2
0x00000000000000343662d3fad10d154530c0d4f1,0x0000000000ffe8b47b3e2130213b802212439497,1,0xf48685806b44fbb768728d95f40b017fba22b6d3
0x50957f43ded93892e2d2ca4140e0c9425766b073,0x000000f20032b9e171844b00ea507e11960bd94a,1,0xefbb7300ec0326a45e778bb560ddc75ae3617d4c
0xd74ecd06376b0560e7a679784c44a30e618c9e36,0x000000f20032b9e171844b00ea507e11960bd94a,1,0x0d8f442cec35f252832695ea0fb90b78d98f4197
0xf8763fe0275d4d674a1ff861acc656fe843e8b06,0x612e2daddc89d91409e40f946f9f7cfe422e777e,1,0x6eebccde60749a67f46413eab48d13b853f40333
0xfea40f6f1696b79bf48fd35f8d95f178b26588cf,0x612e2daddc89d91409e40f946f9f7cfe422e777e,1,0x126ba95287aff69d019059d9258615f95158ab79
0x821589b8e4457643c9ee37ab014118aff8229ba4,0x17d2d7ba2fd2945ed4f12ab641bb19a1769df457,1,0x1445385c6e4f0d570730e824562d96db9d3b955f
0x234b70ae0f5c5ad0d2d61dbb850fc0078d51b323,0x612e2daddc89d91409e40f946f9f7cfe422e777e,1,0x5ae2b8e7aab54dc0ffd571c30f76b2d8cc9fc1ac
0xd045e8262cb8f7d25260265f085034d26de5f1b9,0x612e2daddc89d91409e40f946f9f7cfe422e777e,1,0xeb334a9ed800024889989eb4fbe1e16f4474dcab
0x45c6175cef0ca4a19c4a453d00fce3763f623535,0x000000f20032b9e171844b00ea507e11960bd94a,1,0xc6627c91d5fa2521a62e552d34fd3e384ffe4717
0xe2b9088548376263ba5084520dad7bc25fb28461,0x000000f20032b9e171844b00ea507e11960bd94a,1,0xa93ae3a2ce1714f422ec2d799c48a56b2035c872
0xd2c5cf3ca040fc8af20d02e15eec9e42c0c281bc,0x000000f20032b9e171844b00ea507e11960bd94a,1,0x819045e42e614abefaf7f48b25aa3f07eea64335
0x4494b24934f1bdeda3a7daa8d5734636e15ff0d2,0x29a61bffda102cd17bad406a01646c471d115479,0,0x29a61bffda102cd17bad406a01646c471d115479
0xf8e331e9bb4762a7910e8ce53b774643ccc3ef24,0x000000f20032b9e171844b00ea507e11960bd94a,1,0x22e3fb94f93bbd4f747bd524c188795fd5beb149
0xe35883eebee8ba053ca214a3bce41e7c0c0f8a1b,0x000000f20032b9e171844b00ea507e11960bd94a,1,0x34f938be74730f513be499c71463845db9b3b735
0xec342acf9f9efd325ad801297a538960602bcbd3,0xcbd5410e05efa5b12ebe61b4dd363776b5ceddc1,0,0xcbd5410e05efa5b12ebe61b4dd363776b5ceddc1
0xffeeaf37e958f724a17a95c755833ab886a0c6af,0x000000f20032b9e171844b00ea507e11960bd94a,1,0xc899e46df1f1dd49e3dffa88f42b5505345219f2
0x1edd4248aacc93780be69224bbd632b7078d3309,0xb2019531de3bfda451668acfe40fb3aee59975b5,1,0x8807c30b5734a547e8539437bcf492923b169cc0
0x03e9dd77e824b7bd253d54b21209345a2c0bc5be,0x000000f20032b9e171844b00ea507e11960bd94a,1,0xe4a1b0a5d6f52fd1998141ec7e22332b8cfb1c1e
0x3322c817c87dc44de123e092660052f921f361db,0x000000f20032b9e171844b00ea507e11960bd94a,1,0x572290a7dd62e8d03e1bfd0fb122f80e7c97c2cf
0x0e66076ce69cb645bbdf7ec84ff193ede67c1a13,0x612e2daddc89d91409e40f946f9f7cfe422e777e,1,0x180484c982e64c0ece5aed772944bff14be4d06f
0xa82305ee0ca0da0d33e2a8cc0b4afd4f9c61275b,0x3819660cb4d48b192b4973cb8323d6cb1404d930,0,0x3819660cb4d48b192b4973cb8323d6cb1404d930
0xb092e6b2b194d3e68b49787b2248c1c9d4d6d61e,0x000000f20032b9e171844b00ea507e11960bd94a,1,0x46ad4a9ffb95341a6218ae5e9491c5f383e24909
0x07eb24017f05f09768cb1151640ff4d5e5cbcc5d,0x76f948e5f13b9a84a81e5681df8682bbf524805e,1,0xe9a0252b5ef9daabe1eb0fe97eb912d84983fe04
0xc5914d3d5247d3e9aceef2460c343db267b77606,0x0000000000003d61b3d0a96b70b9c9006947759c,1,0x986984d79479f6154ca0c4d4d888f5ae0263b03e
0xdf78d17cd3d7ca88af8ec6f8f29b9e6971b2f020,0xfea0f1f609958ee43ab46a9eff6c505afc61984d,0,0xfea0f1f609958ee43ab46a9eff6c505afc61984d
0xfc348bf0b3e8f3ea401d6820526943aaf05d7933,0x0b3574adef9af914e895c4a4eb73beb308f90a37,0,0x0b3574adef9af914e895c4a4eb73beb308f90a37
0xbb2a6dcd958e7b8a24967b6ce6bd80ab1ebec0b3,0x79e4b132776e182c7d2d4322833609cba1ee7956,0,0x79e4b132776e182c7d2d4322833609cba1ee7956
0xfe186a24df92e29c7739aa8224cdd330f197d66e,0x000000f20032b9e171844b00ea507e11960bd94a,1,0xc5b6f76a10d65f9718869dbb1510282b391a0dc4
0xdef98b9619d4c1c4ac24947d15f8da85ee209eea,0x000000f20032b9e171844b00ea507e11960bd94a,1,0x0c71b9b3780ab109ffa368875ad61cea1da5a022
0x2babbb71cb905e34e59fedd32f2a1c2ade788713,0x612e2daddc89d91409e40f946f9f7cfe422e777e,1,0x45742d640011084bccd9cbc55dfe15671f694aca
0x2f0f055ad3873a943ed91faa41656443913d9c83,0x000000f20032b9e171844b00ea507e11960bd94a,1,0xba725eb27ae2b214823943eb9a92f79004411dc1
0xbda301fb6d54a800a942e24e08671a7079265a15,0x000000f20032b9e171844b00ea507e11960bd94a,1,0xb96f44b80ab7969b84e8fdcb4d0e7baabc9ef8c8
0xe75276213f248826a5e8c5a5005f4f9cf4568fab,0x000000f20032b9e171844b00ea507e11960bd94a,1,0x6d2b7f7b94021a64d491532cf6296b57f1bea94b
0x21d8ab4e8d4c3a738822d703ac59c76289616744,0x000000f20032b9e171844b00ea507e11960bd94a,1,0x10678139ee239e2f804d3cfe5e4f682f331ed16c
0xdf8b6568fabf9cd6c7b19889f9f0719cb14fea01,0xa54ccc855b600b2207fc111f6e490260363abc2f,0,0xa54ccc855b600b2207fc111f6e490260363abc2f
0xc4e9daec6c465527812ba00ac7b83bc82e4ac6fc,0x000000f20032b9e171844b00ea507e11960bd94a,1,0x00d6a35c6b234a6e95bcaa911a4c9248ccd90500
0xa219b381658ceada47a28213b1afe48f1276d9de,0x000000f20032b9e171844b00ea507e11960bd94a,1,0x12dafee816e241bf66b9a5e62b96a40901694718
0x2c4d3b2828f4880a27c5872ef752b62ea4cf77d9,0x612e2daddc89d91409e40f946f9f7cfe422e777e,1,0x355cefdabe285a1be7edacef2909e87bd9b7f798
0xd5966c009d752fb7d15625958d9d3ca04bf41948,0x612e2daddc89d91409e40f946f9f7cfe422e777e,1,0x61a47895a648746872fe8238285c6e18f8989bd1
0x193d9f2d9265c2a106e3557bf6d4d409c9c18880,0x000000f20032b9e171844b00ea507e11960bd94a,1,0xc899e46df1f1dd49e3dffa88f42b5505345219f2
0xa6b5e099736b8da74ca265476f733e50236049aa,0x612e2daddc89d91409e40f946f9f7cfe422e777e,1,0x01fba3c49952a430e4e77ac275baf139fad15ab5
0xb6c339e4133d6ee557c5541d687925f311a21ccf,0x000000f20032b9e171844b00ea507e11960bd94a,1,0x1a37108026b6991a64de6d4213da092f757f5ddc
0xf695cabba698bf2e69c20b7cbb01f1b6c939ec2d,0x000000f20032b9e171844b00ea507e11960bd94a,1,0xab7130e7b6e1a25e936997528878a347144c02c1
0x113ff224b613797e7e250f12a93b296a8bb49894,0x000000f20032b9e171844b00ea507e11960bd94a,1,0x431758768e251a5294bd75311258962130321630
0x222f13a6a8b81ff3558f9897bc8cd16fa17938c3,0xedf0e51bbf44f8e5ba01b126575246029b1c61d6,0,0xedf0e51bbf44f8e5ba01b126575246029b1c61d6
0x8f172a32bebf2ba88ade85f1dec0616e8f4a4667,0x0000000000003d61b3d0a96b70b9c9006947759c,1,0x974f2bfa4df68a3acde38e1b28b8804a865f01a1
0x5446c725c43161eccbc4620bcaa957616a75a7b8,0x612e2daddc89d91409e40f946f9f7cfe422e777e,1,0x5dfc7032a699b17dcbd1fffed3097c814bc70bcb
0xc5f072e31b2087cb9d918bc6e375326376bd47cd,0x8bdd0535d3971c3ab09c7f1e35266e047fe972ce,0,0x8bdd0535d3971c3ab09c7f1e35266e047fe972ce
0x77871bc0d082203a37c52bf9d4806214a3a43b63,0x000000f20032b9e171844b00ea507e11960bd94a,1,0x6002cf05ef1369e2610d7e205b12ee15bfc3cabb
0x095d9cba0ce00500ce005621732547874ac0d831,0x4fd3bf4b285bcd30848327052abda467a16f9f48,0,0x4fd3bf4b285bcd30848327052abda467a16f9f48
0x2fd3eef5c223c17bb79285fe03f35d9f2d043851,0x612e2daddc89d91409e40f946f9f7cfe422e777e,1,0x720d505cb1d1b78178199dcd7c0f075c42163859
0xb89e0c01ac91574b78c2e97c3ce50f5eea4209b6,0x000000f20032b9e171844b00ea507e11960bd94a,1,0x5ee1d8c6d4bd63b3d5dd2f0b351e80fed375a104
0xec329a734275f69df41665cde17382fc070b1832,0x000000f20032b9e171844b00ea507e11960bd94a,1,0xa96ee0028e7225b6d0109fe2740877d9bf5a3096
0x2700f12417b9800f5b0caf868864e17b6508bda6,0x000000f20032b9e171844b00ea507e11960bd94a,1,0xe843a767a9f0a6cec477dbae3b571151728aa2e4
0xfb200cc34d76e1ab02d590fa2e6c3d11219f8ba9,0x000000f20032b9e171844b00ea507e11960bd94a,1,0x3cb0d17ff24eb0d7ad9bcf850091ceecf147ffd4
0x093dbaeb0019ad19a6fcf6a3ee776b92713da7b8,0x9d46377b5bbebab2949243babb0a55d000353c22,0,0x9d46377b5bbebab2949243babb0a55d000353c22
0xace4ef2be6cd7ad66f81050f3b78e680b5ce3e89,0x000000f20032b9e171844b00ea507e11960bd94a,1,0xa64e9fac5d55a716507c4d252e62c8a2063c1d63
0x148241af51e511741a36df9722985bd4621d3c49,0x2707eab409e0709b7ce71bf27cd8f85cbf78e7f4,0,0x2707eab409e0709b7ce71bf27cd8f85cbf78e7f4
0x81bad963caaa13d88f2fe6a0b418b7f2d6e3476a,0x000000f20032b9e171844b00ea507e11960bd94a,1,0xca04ed7e4411a4a9aa13f94ec8aff74ed2ee1ed9
0x0deaa0d003c32bcacccabd6c204a8ebe1121c0f6,0x000000008924d42d98026c656545c3c1fb3ad31c,1,0xeb119f265508df53f34123e774379c70b5ab6bdd
0x7e723763cee635cebed4e7146ecb5307d8b5e38a,0x612e2daddc89d91409e40f946f9f7cfe422e777e,1,0xba3fd2cbdbf15afa98f9c42562e953f5f5cd60b8
0x5c358d3613556d8301112fc757ca6b45e87030d5,0x000000f20032b9e171844b00ea507e11960bd94a,1,0x34e26e76e5e890f57571c374d3ddc583d690d1cd
0xe5ed0b230cfe9b639820b56153bcf268b4c7b2f3,0x000000f20032b9e171844b00ea507e11960bd94a,1,0xf5fedc6ab8e5aaefb73ae7cbc0454707a9d4271a
0x79dbb6928413a492764686b291132fbad7d80ecc,0x4cafc98eb53793592f20a1305288f64d9643d6d2,0,0x4cafc98eb53793592f20a1305288f64d9643d6d2
0x1d36edb25f93ed93b106846b058363405826c641,0x9af7edc48bc8db5e4afd3af95df143ea29e2e2d6,0,0x9af7edc48bc8db5e4afd3af95df143ea29e2e2d6
0xf0798785d165452bf886c258d2e21b8e9aa6fe17,0x7354936bc7a72c8baf5a2f9262e70a52c427be4a,1,0xd7d415d21c39f1b94217aa920cf06fabb516a36e
0x5ddcbd5550a966ee80085a20e8b45669752c7a2c,0x93e3da489dfcd40f393750a160b7fd4a2d7fe2ae,1,0xc562989c42ba8ccd8b41335f2fce0a3fc8c2fbf0
0x54d0f42c00d125f7ee9ec2cabf71d04f2d0c2d25,0x000000f20032b9e171844b00ea507e11960bd94a,1,0x1e86635503782eee9855cd43a6c889c55ce67559
0x3b4733257470b662f5563447966ed8ccd625bf39,0x000000f20032b9e171844b00ea507e11960bd94a,1,0xfa45a4ae9a9c479ba773697db52b8e2d4e852a93
0xae5306152e3a8359b92fc0b72828ebc1ef4956ac,0xefb9ab34297218e41aee8223abf3d7dbf63ec59e,0,0xefb9ab34297218e41aee8223abf3d7dbf63ec59e
0xc6888c1b40f3736dece6bb8dee830f7fe1909a5b,0xb1772cbf432411318491b4e5060eccd63392b97f,0,0xb1772cbf432411318491b4e5060eccd63392b97f
0x816a56775c053cc3634ebc01b4fa6bb035b0a87f,0x0f0eae91990140c560d4156db4f00c854dc8f09e,0,0x0f0eae91990140c560d4156db4f00c854dc8f09e
0x30cc74981b233b6d7296842083c32b073d532e2f,0x000000f20032b9e171844b00ea507e11960bd94a,1,0x4a270db87c166a44e430ed37cf5c039ad44e1ee3
0xd21c4607f31cc3b1f6462152fe6426d1f2f8164f,0x000000f20032b9e171844b00ea507e11960bd94a,1,0xdd973793aec57356c83280baade1688ef9d7aeba
0x203a7fcfc9dd3c47162379bc88c5c195429f85be,0x000000f20032b9e171844b00ea507e11960bd94a,1,0x5c52e123e4b67e94f6371034976e350060145d90
0x517e7c67295f759f55ca69ed40ee0254181b6b76,0x000000f20032b9e171844b00ea507e11960bd94a,1,0x024f91f9b68adf273739da4c99d4581109d9b118
0x9e0f03d7c5bfb3a82c12fd91058472284951d393,0x222d81f2c66574509abcf40a16abd53b1937ebb5,0,0x222d81f2c66574509abcf40a16abd53b1937ebb5
0x04095c45ee4046cf17e2ccac2deadcdd964b8755,0x7f2d4062d7d4b106dfde98343bd50d179b406df5,0,0x7f2d4062d7d4b106dfde98343bd50d179b406df5
0xf54a13cb738cd52ae7f4651a6f9f781fd6860c5c,0x000000f20032b9e171844b00ea507e11960bd94a,1,0xf31228a08867ea0680a4d8793e709ab335c151aa
0x4a97e0fc1083466baac1754ace84cfc3acd00dfd,0x612e2daddc89d91409e40f946f9f7cfe422e777e,1,0x4931472932422e50659baa4a93a28e212bbc26be
0xa2ea33afe3c4ed2f1e1b431b72375f04957d914d,0x612e2daddc89d91409e40f946f9f7cfe422e777e,1,0x2bc417a78252a371c6b02a8192bbc53ac705830c
0xff6269271a6dc161815fdfe5cb6493b66e1ec93d,0x362aa6ce4465ff47bb031be9fd4ea6834e2ab165,0,0x362aa6ce4465ff47bb031be9fd4ea6834e2ab165
0xe1c2c30b12ded37bf2d90a46fb5c59fb0274ad4a,0xef081b4975afbe854d5e89a591b3f5372f4583b3,0,0xef081b4975afbe854d5e89a591b3f5372f4583b3
0xa0ac99fc24e3f0975c86c37cd32fe336a14d9eda,0x000000008924d42d98026c656545c3c1fb3ad31c,1,0xe39dce43237c9bdfc0fa1ceae70fb3f40b411acc
0xfe9250489a07d8a53da67705dba862c5c1157321,0x000000f20032b9e171844b00ea507e11960bd94a,1,0x5d61f268eef978c27d56fc2722111481e6ae21ef
0xd07616fccee80b5264a641cfd4e5710d0f8c8cbc,0x000000f20032b9e171844b00ea507e11960bd94a,1,0x02bcdc6a2b2667637730bb02cb6b1763e82c08bd
0x49b6a71239d6f487da724eaabb35e650bce49b45,0x612e2daddc89d91409e40f946f9f7cfe422e777e,1,0xf589974962c39b2662c664a46ceac86319a57580
0xd7b7217df8c66ae0b9d18cac6d6a7288c1dab753,0x000000f20032b9e171844b00ea507e11960bd94a,1,0x23fb6bdec37fabfa29d544d7a0c4a67cc7bd725f
0x3d897db1fec2e3cce6971963ce478d3146c27bbf,0x000000f20032b9e171844b00ea507e11960bd94a,1,0x00ddb66a2979f3a55ad56d7c020ccc3b670a5dea
0x4365cd0f5092e4867d1c6d58fd0850be32fdd3ec,0x000000f20032b9e171844b00ea507e11960bd94a,1,0x20cd48a3b39ce7df97b57a7e6e650c6df109a057
0x2a5971677994f9bf2fae3e377360ba5b41f8dedf,0x513fe9f2520ab2b035bd6b739fc27baa85d98672,0,0x513fe9f2520ab2b035bd6b739fc27baa85d98672
0xa11fbe2be4787f190f2ad68a08015dfcee1b5e40,0x000000f20032b9e171844b00ea507e11960bd94a,1,0x4643d55271cfdf0eb49eaa48e35b0e5aa104d9bc
0x28a6fb2cf8478310c157a710aa37a6a8647ea275,0x000000f20032b9e171844b00ea507e11960bd94a,1,0xba5b70b9f04b077ab466d0ef90cc590ae496408a
0x0938c5372675e58ea315cbb574e5ceafae9a8f5a,0x000000f20032b9e171844b00ea507e11960bd94a,1,0x71e2b4635f609fbd46eb7209991427e638ab24de
0xc141ac104a40ebcbd8b614208cc25d9e1d4316eb,0x000000f20032b9e171844b00ea507e11960bd94a,1,0xfc1d0639ced3278ed1ed3fc6aa103e8ec3071fea
0x2d3e9ff564a2aa07e9e05691d4d2b7536fb96c65,0x000000f20032b9e171844b00ea507e11960bd94a,1,0x435d1cb0dbda7483f2fadfa0b8bf04323eeaed53
0xd2d79f5559184904b56b678d444b88a88558deed,0x000000f20032b9e171844b00ea507e11960bd94a,1,0xa7a1e9bc31e5d8ccc44ea51e862785ace6b2892c
0xd2c38706d29d4470b9f18c1152d606af1030edbf,0xe980ec62378529d95ba446433f4deb6324129c59,1,0x2b84bd501b5487e78ac82307d7677ceed119216a
0x675f5795f0b38eb5b7dd072ba4d98915433f03c5,0x000000f20032b9e171844b00ea507e11960bd94a,1,0x2d9b0ea2772b5aef432867af884c502a2c0da485
0x79acdd778ab405f03d75dd0b50ce43e3aba157c7,0x8ef797e616ad41f858eddf2c2e8c3d2b0b2bfb14,0,0x8ef797e616ad41f858eddf2c2e8c3d2b0b2bfb14
0xadd71af2749bdd80bd3673c24b6bdf7851a4d0f1,0x000000f20032b9e171844b00ea507e11960bd94a,1,0x751c8a5fc81a7158911e684f8f2e9378ee23dbd9
0x4544e070417f9f4853bde21fd3aa60a7283d3ed8,0x000000f20032b9e171844b00ea507e11960bd94a,1,0xaaa4edb9bd5e4bc5793a45d52d845c175bb1af15
0x45e27f62e7edb39f56c1087b71ec559f56678829,0x000000f20032b9e171844b00ea507e11960bd94a,1,0x36b638ee6a2a50ca169770632f3ec57640b8a749
0x18e8f2824553da7bf561992a401f820e5388edbc,0x76f948e5f13b9a84a81e5681df8682bbf524805e,1,0xdb118c310d1a84633e2eac9d7052088ebe5971ad
0xe6ff9f5b6817d40c1a6947d7483085386791846e,0x000000f20032b9e171844b00ea507e11960bd94a,1,0xd84aa8f64069ad163d541aed34e6188e15a29476
0xda0ed6a4b977a824750934778a6f6005812ce102,0x000000f20032b9e171844b00ea507e11960bd94a,1,0x76e12993a639efff3629843b5f9d02a215966c33
0xdcc0b53eaccf1276619751b7dd186f019bc28f45,0x000000f20032b9e171844b00ea507e11960bd94a,1,0xbcaf67d3e3f3b325819dd6e6791b126f06cd17ef
0xbe7354cf04a040d81da4edb2d2d62b4f1302adb2,0x000000f20032b9e171844b00ea507e11960bd94a,1,0xb7944533b6ed7f7799716bb4f34f48b7051c35fe
0x0d09d372a1505486f5ba64816ae2ccdda07b774a,0x612e2daddc89d91409e40f946f9f7cfe422e777e,1,0xb6adb76db345bb36166d0ac42a4e243f2b248c6d
0x9020974187aaccc6bd94fb3c952f029215b4fa9f,0x79d922dd382e42a156bc0a354861cdbc4f09110d,1,0x868964fa49a6fd6e116fe82c8f4165904406f479
0x12e3b658e72352d0580a2ef06a14caadbffc25a9,0x612e2daddc89d91409e40f946f9f7cfe422e777e,1,0x174cd4cd4b023dcb812dcffc45d52d3185782e48
0x5f9e2ae5a1998e44e6a339404b077c9c81389f4f,0x612e2daddc89d91409e40f946f9f7cfe422e777e,1,0x7f786a01e98de158bf9d49570c4b2ac01ee4f7de
0x0fcbfb5a747875fddc20587c2d388c9bd5f0ecc6,0xb99172161b5edfb4e01f7ee5feb4264d684541f1,0,0xb99172161b5edfb4e01f7ee5feb4264d684541f1
0x952f9b7b80c00a29a86090097d0f4fa6fc6b4f58,0x000000f20032b9e171844b00ea507e11960bd94a,1,0xb9c248bdf1760cf48aadb54beb749bb769ea06d6
0xef94b2622e54855f5cdda2d0c3873583c29f35bf,0xeb334a9ed800024889989eb4fbe1e16f4474dcab,0,0xeb334a9ed800024889989eb4fbe1e16f4474dcab
0x01f005147b69780fb56a5a3c5862254857654d39,0x2dfa21a5ebf5ccbe62566458a1baec6b1f33f292,1,0x8c76a394d736422cd0590d57f165b05e4e117835
0x309326ab31f6437045e10e61eb470d704c9e9398,0x000000f20032b9e171844b00ea507e11960bd94a,1,0x6cb3f849cf8775d2a5535a4c15590d85cc6f58f8
0x143a862d9660a6fb928ffaf50367e08bdfd4d6ba,0x000000f20032b9e171844b00ea507e11960bd94a,1,0x368728050fd79b9856e1ec61c3a35f737373f38a
0xb2b510ee1312b42b17554f3b408f853c058753f2,0x000000f20032b9e171844b00ea507e11960bd94a,1,0x53427de71c99fcc7a2fefe306595c416c848a069
0x0ebb45c476a2390be7ce7b9166bcfe20e287f02d,0x000000f20032b9e171844b00ea507e11960bd94a,1,0xe6d0b1dd4f8af7f510d3270a0b0df3dc9cd9af59
0x39508ea80c529a4fedfec858cc6763d3236b7a70,0x000000f20032b9e171844b00ea507e11960bd94a,1,0xdcb9990636015444094cef97528bf0f751f505b8
0x00fde73855a04c0f17a5e0fdcb79411737d524d4,0x0000000000003d61b3d0a96b70b9c9006947759c,1,0x38319e74cefe77b62fec8e7a2ab81318727f46c7
0xa092103449ea4db2562dc231ddef2b7bdaf22840,0xbe73a0c6a28504995a3849857a94a2915d793856,0,0xbe73a0c6a28504995a3849857a94a2915d793856
0xf0059691955c48c1555b4c65de2a4a0bef1083d6,0x612e2daddc89d91409e40f946f9f7cfe422e777e,1,0xed1cfdda9ab85738d984266f13c831f4cdefb91c
0xd0d96883a9ff7e5b1284085c60051ccc021c82f2,0x26be722da18acc407012d3b86a1774184ed56025,0,0x26be722da18acc407012d3b86a1774184ed56025
0xfd6ecc29fa4e414cbb6d46c3ade43e86c9e38a67,0x000000f20032b9e171844b00ea507e11960bd94a,1,0x6c9e430400ebc90f1f73484ef20e51a37c1f22bd
0x3166fae992a003014b57cb0045f01731b145584d,0x000000f20032b9e171844b00ea507e11960bd94a,1,0xabf7484c5c738aaf2bfb69fd58a5a6a86b278a3e
0xa09e86eca091d84cfc593f826a86f79ed70e508d,0x612e2daddc89d91409e40f946f9f7cfe422e777e,1,0x4931472932422e50659baa4a93a28e212bbc26be
0xb945a2631cc4425207601a9824a92b606dc3f5af,0x000000f20032b9e171844b00ea507e11960bd94a,1,0x9876a1cadf38f3f5926d0d002fb106a712ac6026
0x604137f5f7f515c5812cd4cb2dc04399139f9874,0x000000f20032b9e171844b00ea507e11960bd94a,1,0x4fa4c6b549da1388dcc27df3b1a7dbeb7cd07791
0x63a1e36ece430362cf3ce8dbef4ea643a672126f,0x612e2daddc89d91409e40f946f9f7cfe422e777e,1,0xc44d47f280a9339d66fd5814d0e3e2494b4569e2
0x35f5fde7ef456d2224441658d64647e433b726c5,0x000000f20032b9e171844b00ea507e11960bd94a,1,0x6f7179179a73921d53cf64971cd272fa108d295f
0xb39e0e8192b843d4918381a17e51e5cbe122d570,0x000000f20032b9e171844b00ea507e11960bd94a,1,0x2a3d6e4051fdd107987b99de5c57960a0860545e
0x0e960b097efb9e7b702199cb57b1f7699cc9a278,0x000000f20032b9e171844b00ea507e11960bd94a,1,0x5a55f3c52e0a0aa1b675407dff13accb213dec36
0x6e9655b24fe5ac975328487256183820da87ff94,0x000000f20032b9e171844b00ea507e11960bd94a,1,0x1542092e13758af6118c2e0b98e8eda04aa1e6ab
0xc46b0a45b7d52df422cc7d92b6c236b1ea21453b,0x000000f20032b9e171844b00ea507e11960bd94a,1,0xa06731a92673764e625e928817c675dff6661e25
0x475937cf7dbeccbacc7ccae6427d7cfaf7acb7d4,0x000000f20032b9e171844b00ea507e11960bd94a,1,0xf4ce32c8fef36516386e04c07e204584846f5081
0x6ef43ee68bcd56a588490fedb10693c54dc885d4,0xf0c0917bed1d2311cfa261493a21ddfc450eeea5,0,0xf0c0917bed1d2311cfa261493a21ddfc450eeea5
0x32d3cf9bbe7d86a6be08a124e9270c316ba57585,0x93e3da489dfcd40f393750a160b7fd4a2d7fe2ae,1,0x4274f86903171de601c8043876580859f7cc9406
0xc3b074e9a06b46091efa4f557a94bb43512201cc,0x000000008924d42d98026c656545c3c1fb3ad31c,1,0xf9084c5ddd1fa06f235c61c84f996f0dfcf3a82b
0xf3d3b262d2fa451642f110dba7af8a6e134b59be,0xd0f62d9caa9830a9c8e53d747356dc25571e1192,0,0xd0f62d9caa9830a9c8e53d747356dc25571e1192
0x4e25a21532e46a2ebd50f80275b9afce6948b410,0x000000008924d42d98026c656545c3c1fb3ad31c,1,0x53a4498940c4dde95a0cc07516257e404aa2b911
0xefec8fb24b41b9ea9c594eb7956aadcc6dd0490f,0x000000008924d42d98026c656545c3c1fb3ad31c,1,0x759c4ebebe5071db56c78b6c7bae53c15cb2f6d8
0xc332a0af135df7d742e8fcbaee8adcbe0517266c,0xea968e6ac95a95c68bf66decc803a1b2848cdc4a,1,0xe84b42d396f01904529b9447a24df1c0f93d5be7
0x820dd918fe81c0d5ee286065d22d61b09af623a6,0x76f948e5f13b9a84a81e5681df8682bbf524805e,1,0x836d952fbd482ff006652a8f17cba7f394cfda93
0x57c0fef5c08ad16424adba205d1b61869adeb519,0x2269bceb3f4e0aa53d2fc43b1b7c5c5d13b119a5,1,0x2c8b5f6e7cfbaa12226eb288eb75624016cd1727
0x058332d3070108381fd3cf4d425ed0bfc8fc9bc2,0x000000008924d42d98026c656545c3c1fb3ad31c,1,0xa6276b31fad78ff707a3949ef0813eb4901e079d
0x952a9dec7a81d6541ae9339e2f1982f776bc2715,0xed4220885a43fe9bd5ecb4fa09c6d71b18de9f61,0,0xed4220885a43fe9bd5ecb4fa09c6d71b18de9f61
0x4f211383078d3a633bc4e1d2006057ddcca034fe,0xc5a0156d9ac8a3cac53adec6e523e985e2cb8fae,0,0xc5a0156d9ac8a3cac53adec6e523e985e2cb8fae
0x0834bc7728170d7fbfbf26192071c7e2671b079a,0x000000f20032b9e171844b00ea507e11960bd94a,1,0x32a3d818f8d1b75addc804e8c5c7f48dc6d0fd36
0x279c720ff476659836370a7596917b21949561c0,0x000000f20032b9e171844b00ea507e11960bd94a,1,0x8a8935a3d0c57c031aa515a332718631641af1ba
0xa02235788a9cac34f317413db791457842210a0a,0x000000f20032b9e171844b00ea507e11960bd94a,1,0x8b2237eeaf999887d870b7e9eaecddaf6a8e6056
0xe527bc47dd6495d8d59d08ac2d62e8af9bff7a7f,0x612e2daddc89d91409e40f946f9f7cfe422e777e,1,0xb89c872a3b13b1b15761ed810b74c011201ae60d
0xea0c8619308e611ff985810b6c0465b225f4b4a1,0x7b50b1f2634fa38d078eb067a4f8f22a666b49a2,0,0x7b50b1f2634fa38d078eb067a4f8f22a666b49a2
0x49baddf023300e1c6f8a8612d3ce9381b5e46f1d,0x9674e6d60a63f7f7969821cf2f8f2c34fb74f558,0,0x9674e6d60a63f7f7969821cf2f8f2c34fb74f558
0x543bacc2b425204850bd82dbf03e1c72784ab698,0x440fb810c8f981c12572b63806f95a5adefe13ea,0,0x440fb810c8f981c12572b63806f95a5adefe13ea
0x9c86a657e23ed4f7af460c4494ac5dcbde87dedd,0x000000f20032b9e171844b00ea507e11960bd94a,1,0xfc86b14ceaa8dbdf0c1bd92ff7cb8fa6ddfba7a0
0x9604a2a912e22d4e8122096590f9cfb613c94866,0x6c270a8e67a42a12680ca4b17262353189e103b4,0,0x6c270a8e67a42a12680ca4b17262353189e103b4
0x4f4eeb30b5f409a796699599314c99ef49f35928,0x000000f20032b9e171844b00ea507e11960bd94a,1,0x68aa551182ed6614ebcc79fd71fbdec8ee0e958b
0xd7cb15345eea37b4d6faac48b0d38493ab385b39,0x000000f20032b9e171844b00ea507e11960bd94a,1,0x37c77e5dfe78940c716a937d987c68887cc5d22a
0x88906fdd9d079acb9286363ac6c53d210f63647b,0xd31d14f6b5aefdab5fe16dea29fa46f6b8c15bf2,0,0xd31d14f6b5aefdab5fe16dea29fa46f6b8c15bf2
0x8df06b07e5a40103aceef3ba0920ac5105f58a08,0x000000f20032b9e171844b00ea507e11960bd94a,1,0xcb887bd15e25897b7db043e425ed1267ec0fa146
0x89cb8b1be6a0358b1efce4bba072166a611d55bd,0x000000f20032b9e171844b00ea507e11960bd94a,1,0xab6e8f91a7c118eaad2023df5cc788894525d4cb
0x818892c1fef9b68b466ed67e49801bd80fcdf5b0,0xde0c12ada427f29871e00587c2fff5b68abb2531,0,0xde0c12ada427f29871e00587c2fff5b68abb2531
0x27db6ffdb1054898233cfd1811a32c36fafe560d,0x8d1fa935e5e8a5440c9efc96c0d9ff387ebb179b,1,0x0997037d937d273422e8cac59994784e02b93d5a
0xcc08c948cc07d54c539c5177fd493c12a2572bfc,0x612e2daddc89d91409e40f946f9f7cfe422e777e,1,0x15fd7178cabed50e9008cb42b474621e9b07cd5f
0xb8b965109d8a3124f8178c2a4d7dea61a5c291d0,0x612e2daddc89d91409e40f946f9f7cfe422e777e,1,0xe347e862fb4942191bb0a4f347214e5cdf24cb55
0x7b183b8b62de739f6993fb1bba676bbef4f63280,0x951360e606587ab33ebcad952593b2fc99d68c3a,0,0x951360e606587ab33ebcad952593b2fc99d68c3a
0x317ba5430f7ca4381d0f83e6928859cc5b115998,0x612e2daddc89d91409e40f946f9f7cfe422e777e,1,0xc19e4f418b0cd5cca087a28d1c9d1e70af4ff16b
0x687bffa3a1e7662b52e8d9115b22cacddf5604b6,0x612e2daddc89d91409e40f946f9f7cfe422e777e,1,0x153214fca16c8cf75a46e01094394a3ecbff70ab
0x7a352ec35a52440731f3e4827a852c5ff9ef95da,0x000000f20032b9e171844b00ea507e11960bd94a,1,0x28353125c9d0f4f44c7f59f6c9913c191cf65e10
0x241c8c8a2990fde09e543c8d0950de9e01bac46f,0xce417118275171e1f2ce1ca5206b897be17f0134,1,0x5735879a550007c312eb67cbab6b52175fb0f4f6
0x630b864270bfc1fe94c8107b797e5d1c5557bcd9,0x000000008924d42d98026c656545c3c1fb3ad31c,1,0x51dc837c77f467951bded3ba69eecc0654496e5b
0xa4879d49a81ff79a66133d36afa603507e9d9e02,0x054a37c6554a9649a7171452d1e25901e53f647d,0,0x054a37c6554a9649a7171452d1e25901e53f647d
0x01043139038f62046beb7b5f39f856e4725b9311,0xcde435494e84fa1b497c698858a79468f9f3f6d3,0,0xcde435494e84fa1b497c698858a79468f9f3f6d3
0x48f673d64ace44918a2613bae29ba1091ab0cb35,0x6ffd7ede62328b3af38fcd61461bbfc52f5651fe,1,0xad9d4fa4c42fe7093019b746fbb88e420b37a16e
0x91ce2ea714a67455fca74b4abca005b3215db9cc,0x000000f20032b9e171844b00ea507e11960bd94a,1,0xce695637fbf8923e01093138bfdcdeb337a7dcf6
0x6edd434cf478f90fd20aee372348e2ed2bdbaf85,0x000000f20032b9e171844b00ea507e11960bd94a,1,0x66be278e9edf76ba60525db8472799d5660c7e8c
0xe8dc451fb7fb1fb8322978b96fd414ab2aa65350,0x2d62b7b4ab2aea16f53f78af3544088300040126,0,0x2d62b7b4ab2aea16f53f78af3544088300040126
0xf8c07c6c88b64416f5bb72009fb83049dda0aa1a,0xcbd5410e05efa5b12ebe61b4dd363776b5ceddc1,0,0xcbd5410e05efa5b12ebe61b4dd363776b5ceddc1
0x00580bec54d36047e6dc202ec71168915030a5de,0x000000f20032b9e171844b00ea507e11960bd94a,1,0x72d6d33d09c40f64a8ab0b5747e0d39dbb61b36d
0x50023852cc91937a19abba77e068b7849fe21621,0x98dee4fee9e45b06b303e0e5cd2ff70b6b553767,0,0x98dee4fee9e45b06b303e0e5cd2ff70b6b553767
0x5483da9da9f906ed92267d68d913182d1dcebf1a,0xb92a35119c4c2fbb5dba45093b5ab3f57e435594,0,0xb92a35119c4c2fbb5dba45093b5ab3f57e435594
0x627c003646ebc2b4063a067a229cc62dbca79ce3,0x000000f20032b9e171844b00ea507e11960bd94a,1,0x946750148557047ab24fa7dfe2fe6a6f7485d6ec
0xacc44165fbc28a1da03648808c2ba9e83c1b1c45,0x000000f20032b9e171844b00ea507e11960bd94a,1,0x61da99e5dd832f57ab1ff9a5c1a6e5d7f0dccf62
0x91a58814497967acddaf14025ca6a9788b3ee092,0x1ed826b8d24570db1a991c3e170177dcd1459a2d,1,0x8cdff3d63851e2d5a569ba5713fb2dfe071736cc
0xbe90344b694be7d1979bdefa06452ed6e20c80f0,0x000000f20032b9e171844b00ea507e11960bd94a,1,0xfaabb182824f38875be4d7b91326ad8737a1a8fe
0x204a9f386a93cf1ca653e5af84aee1c99dded3a1,0x000000f20032b9e171844b00ea507e11960bd94a,1,0x4653c732cf01d222172e40341573be8f275e344d
0x82eb23b2f145b8fcf94d8531e47c58312b740154,0x000000f20032b9e171844b00ea507e11960bd94a,1,0xaa87032047f8e723e77b87a23ce298a479557a9e
0xe0a29b7cbe1c8e40b5246fef9843f9a2d1213b71,0x000000f20032b9e171844b00ea507e11960bd94a,1,0x83b49deca246db8c4663d9437c432047d6667a2b
0x874e6773ab4463bce8ed9f7529b7544031ad8031,0x6bca3bd7979c6ad42d7e01b4c7716bb93e9ac65f,0,0x6bca3bd7979c6ad42d7e01b4c7716bb93e9ac65f
0x7448a8adc7369502c9d9b377bf992c73759307b2,0x000000f20032b9e171844b00ea507e11960bd94a,1,0xf1408d9159a98e26494bde3f5411343b7ff73ee6
0xe71adc8c6b764acfc3e357d3e47c3f0b92660e3a,0x6fdf8af92bd2cef6f974fe14e5225a3bbbf5fc23,0,0x6fdf8af92bd2cef6f974fe14e5225a3bbbf5fc23
0x9ce4ce50d354157c180c13a445898af545f6edbc,0x000000f20032b9e171844b00ea507e11960bd94a,1,0xf717ef7faaebad93d3193ba11b13b8548269db19
0xb99fb002bbb7dc652562f6ade5bca2edb3bdaf26,0x000000f20032b9e171844b00ea507e11960bd94a,1,0xfab8b19aabc6610026a181d1ba7b4964b9067e9f
0x11c8db959977cb7a9a58ccbb3c8d65d0839adb06,0x76f948e5f13b9a84a81e5681df8682bbf524805e,1,0xa46d35bd1aa3f875dcd04b48306291c3b28ded0e
0x7c03b2629119b20fa5149ac0facf875a70387368,0x000000f20032b9e171844b00ea507e11960bd94a,1,0x1d0913be53b1c6545059ead35ffbc9256a3ba050
0x166c61f39e5121d4b7e771fc0dbe98ef5fe54329,0xd0f62d9caa9830a9c8e53d747356dc25571e1192,0,0xd0f62d9caa9830a9c8e53d747356dc25571e1192
0xa2b995fb88a56eaa29f869952c2040970ce16571,0x000000f20032b9e171844b00ea507e11960bd94a,1,0x83cf8a8fc27631cee9431a41145624339e00df23
0x6bf385499962ad529f228c8d6daab833c264843d,0x000000f20032b9e171844b00ea507e11960bd94a,1,0x20d5870aa0eddf4cff0369a2a477234ec3826563
0xf803b99bcd082098b115c15d6ac90b775988bcfe,0xe9f1c3cf268e67d2bad6c410156afc2d063ad4e7,0,0xe9f1c3cf268e67d2bad6c410156afc2d063ad4e7
0x6ccea2370a01b37201ec426a92eba1d18e4c87c2,0x000000f20032b9e171844b00ea507e11960bd94a,1,0x63b5fcf8055bdedbbce30c5c8f541b50975f2f5d
0x985bc98c5dd227baab1cd47899cc1092cf6c5879,0x612e2daddc89d91409e40f946f9f7cfe422e777e,1,0x27939bfdd3a8946b25d8c084a92bdecf8b1ccc0d
0x0a16bfc225fa34bd1f671caf9bbe37e65ff9e601,0x2c325156416cc7b701151dafb6d4c0bdf0d398f0,1,0x8122f9bcd4f39a84c5de0810389e4f2187dc9e77
0x8ef538068cb7b2c31a2381c33a7789a67c95850c,0x000000f20032b9e171844b00ea507e11960bd94a,1,0xb6f18f42ceda7cfaa6994a158a6c7df8d3343c2c
0xccf3d219a2059ba9c77d5cd0a762f837f8f82389,0x000000f20032b9e171844b00ea507e11960bd94a,1,0xc42f1ae76104c4449692608972c887f2e3455155
0xc1bab866f9277bb201b2065e1b709b6446a189cd,0x000000f20032b9e171844b00ea507e11960bd94a,1,0xd72e39bd3b3ad7fb220c20e4be3393280fffcaf3
0xb9c7d352ad42b715472fa6522503550059f1a041,0x0000000000003d61b3d0a96b70b9c9006947759c,1,0x16382623dda6f43e9efa25959a85bf0a6507cd40
0x33b59b4f7c08be711f03df5d25e6ec979b89b5ff,0x7354936bc7a72c8baf5a2f9262e70a52c427be4a,1,0xbdfbaa4dcf4ca559b90f23cf8a93a0eba969a500
0x6291b818fd8b3fca4cdfc513f13ddcfdcdea8d36,0x000000f20032b9e171844b00ea507e11960bd94a,1,0xae70acd6e759415cad556bb8851fa93ef8adca66
0xf092630967015268b43c32c52562effb51ab317a,0x612e2daddc89d91409e40f946f9f7cfe422e777e,1,0xa48438f3463069d4ec1be1636d6940357a74adfb
0xf70678b85eee316fb99d72d2f9362b36c7e06526,0x612e2daddc89d91409e40f946f9f7cfe422e777e,1,0x1324427e278bc9fc462aea1d7af289c3580be609
0xa2c0bd30a1083e533b06dc55e193bc34b03c175f,0x4b1060b4a34a45ac489ee55c96655a489cbba4d3,0,0x4b1060b4a34a45ac489ee55c96655a489cbba4d3
0x441bcd34b8dd61e39dbd87c191737b5df3f12e80,0x000000f20032b9e171844b00ea507e11960bd94a,1,0xcc4daaf81a6bc3a630c03745af74be8c071d2249
0x15750a52ea96488a1126a3f9a39d1da6c19bd2d4,0x612e2daddc89d91409e40f946f9f7cfe422e777e,1,0xeb334a9ed800024889989eb4fbe1e16f4474dcab
0x65bb23cbec737b018af465c88c7ee5fa8a9f414e,0x612e2daddc89d91409e40f946f9f7cfe422e777e,1,0x382264983276042c64037589dd6535caa9c26ba7
0xbf8fbb30ffe7376b0b2cd24e94289b4a38ee474a,0x000000f20032b9e171844b00ea507e11960bd94a,1,0xe4aab6dd34521ac379ffa0e6c1dbb0cee431c9b6
0x5d464aa728a592e08c3c92f9a0052d2f2b0fe80b,0x000000f20032b9e171844b00ea507e11960bd94a,1,0xe9ecda1cc367ab6f6db2550ba90f4234d29b9ff3
0x9066d35fcfdb9e625d465deb757ee87e5d237be8,0x612e2daddc89d91409e40f946f9f7cfe422e777e,1,0x8a90f7679506b79a9175bcf6cb755ecba8e905f0
0x3c510f8605f452f4e688aa64896ed876332fc9a4,0xf37ff282e95115f84a34070c9dc1e91a7ab84466,0,0xf37ff282e95115f84a34070c9dc1e91a7ab84466
0x193c7849f5684d94debedbf5c20e0bbb189e9fcf,0x000000f20032b9e171844b00ea507e11960bd94a,1,0x9098ab455d4622ad9c4930049a48197d96e31ffe
0x7d31a2db4c16c819581449338f8bf027eade6f01,0x76f948e5f13b9a84a81e5681df8682bbf524805e,1,0xbec5637072cfda9f70e7a3109efdad1c52a0940c
0xeabbee0698b8e7c8f632ec481b59ad66c5f2f05a,0x4b7a8ce7d004c5c68207f355f6a838c941ff6b96,1,0x38cca9a8848d538fb29bf55f664f948e24228baa
0x26387fca3692fcac1c1e8e4e2b22a6cf0d4b71bf,0xdea9196dcdd2173d6e369c2acc0facc83fd9346a,0,0xdea9196dcdd2173d6e369c2acc0facc83fd9346a
0x55afe177c71457eb9a64c17125fb71a418d1137f,0x000000f20032b9e171844b00ea507e11960bd94a,1,0xa165c5f2201e6d825ad5c371849a531934dd5b8b
0x44a13498cc24c73fcbd8b51d14571eacc59aa589,0x612e2daddc89d91409e40f946f9f7cfe422e777e,1,0x81793f28447e71b96423dce2b2f7d0b4d3e87a8b
0xfc667516b1d107c45db3903e92a30b436f4c875d,0x000000f20032b9e171844b00ea507e11960bd94a,1,0x4287c2ed6a655443205dce425c06bf363a4a6841
0x5ac9145b49039378f22353d19843b6b5886e04f9,0x612e2daddc89d91409e40f946f9f7cfe422e777e,1,0x85f637b14fb8625ca2ca048ab83c0f84244e5416
0x009e67576622b4c51af96bbd2e0da6f4e0397aa2,0x48159efc55e79cc6b3393b6fb26124bf55632fdc,0,0x48159efc55e79cc6b3393b6fb26124bf55632fdc
0x0b8bb36db702edd6550f3ffdee95ce806cf66b70,0xf1a11dd04a2dc1e0899cc774cb5db1f836bbc009,0,0xf1a11dd04a2dc1e0899cc774cb5db1f836bbc009
0xdf4c3db3fbb4d5cadad6fcf8f86c7652b68b55c9,0x000000f20032b9e171844b00ea507e11960bd94a,1,0xc6de4984abc79fb510378519e61b5520852c23ec
0x658fc729a2cb80dd9cba7ffce6fc7d04fba01586,0x000000f20032b9e171844b00ea507e11960bd94a,1,0xcfaa1dd89c5b98fe3d187dbcbdbf8f6b2b8d2f71
0x390f8712e94be531725526bd26fffe3b644bc121,0x000000f20032b9e171844b00ea507e11960bd94a,1,0xd73f11d5adfeaa9bc090899d7630a922c5472425
0x0970b1f8213403f3cdee1d9b258d45857aeeba68,0x612e2daddc89d91409e40f946f9f7cfe422e777e,1,0x87eeefa3db1000b4cd8a9696fca721b9f3ee6b07
0x8768d076441553342598389126fbdb0552724b6b,0x000000008924d42d98026c656545c3c1fb3ad31c,1,0x6b7bee4aa14d7a8bc2ec9062c7408063f9f2729a
0xb97c3a4a749574b864f41930b7af97dc3c37135d,0x000000f20032b9e171844b00ea507e11960bd94a,1,0x69447239bef21d5c3e57b477086cb3bda69d1adb
0x074209e815e4b99fed75ecca38568b1d221f5c89,0x000000f20032b9e171844b00ea507e11960bd94a,1,0x59be5c674cea55ef63c13c5bdef3f4a322abaa0a
0x2a55dc797d40aafe4749838ba0a8be5afc5ef462,0xb240d69617c43410f5f79724d2e7d0631f595c20,0,0xb240d69617c43410f5f79724d2e7d0631f595c20
0xd92d0dc52847fb5605e3a5042e0fb3d345c90667,0x000000f20032b9e171844b00ea507e11960bd94a,1,0x4924a373840238919fa73a89783ecc28baaf43a5
0x2f0ce341d9a85ec7cbabb50d7afe0df3abf5baaa,0x13c942e3f8be4faf966ef03e6038b33d000db22f,0,0x13c942e3f8be4faf966ef03e6038b33d000db22f
0xf48f12280dcf4d453bf4cdaba4e3f784c9effc1d,0x000000008924d42d98026c656545c3c1fb3ad31c,1,0x31068480b6a118b3c3b07c00e705f8d2c590c132
0x4338032487c3ed5d4684d515aa4c12dae59f6676,0x000000008924d42d98026c656545c3c1fb3ad31c,1,0xcb3a0209e9b1f70580d0dd169b4687bc6869700f
0x78e6c30db872bd53912060d02a78d5c5cd8e4297,0xee947e8d14cbd951105751bbe7d0a4480b6791d3,0,0xee947e8d14cbd951105751bbe7d0a4480b6791d3
0xf2e5c0cf2a515a95e8a8567ab5c7f4b7ed386353,0x000000f20032b9e171844b00ea507e11960bd94a,1,0x604d8738e273a597329817b02326f941964baad9
0xbf8d31c15dc5042018a8ddbdb1e04712cd2795a4,0x612e2daddc89d91409e40f946f9f7cfe422e777e,1,0x32a4bfa6540758444a31090a5d8ee51a40f48a8d
0x7764f44161e6893e8533e1aa0a4e3b480ed260bf,0x612e2daddc89d91409e40f946f9f7cfe422e777e,1,0x3983c4aaeedb8c109f52f933c7180bc800471cd2
0x4879203327f54b405bf64c7be571559bb588da13,0x65a7a1cc03b05d8060f4e464ea79693ace125245,0,0x65a7a1cc03b05d8060f4e464ea79693ace125245
0x4684544b0b5999e3a6a60e9b95644641ca0e80d8,0x97be94250aef1df307749afaed27f9bc8ab911db,1,0x53dd53daf8f112bca64332ea97398efbc8a0e234
0x3f177b5e50305e6cfcdfde46d805b7671c3681f8,0x000000f20032b9e171844b00ea507e11960bd94a,1,0x7c1deaaadfc5388177ff99802a6d5faf26358671
0x34b27edd01f41d3ce57069f505191a9cec196584,0x000000f20032b9e171844b00ea507e11960bd94a,1,0xe21f849946a9be9474f124c8ef6b7734e408d38d
0x627757fe28d9882906a56a4c842f40a2ba36163a,0x000000f20032b9e171844b00ea507e11960bd94a,1,0x006c87c3fdc560356cfde1bf6ea56620a7760c64
0x08574adf4055e6be72c17a297beddcf85948d35a,0x000000f20032b9e171844b00ea507e11960bd94a,1,0x8a0d66752c822e928024fbdb6fc2b09d40b27d95
0x1a6c9699fc4814739d05c472b93a91676cf8e15f,0x000000f20032b9e171844b00ea507e11960bd94a,1,0x83ce71e6499a96254c6f1c7b5c9e2e7264edae6d
0xe57e4dd256258a2130936d2aefc079ffd5156a98,0x000000002c93cad6f9cfd00c603aef62458d8a48,1,0xb0dd496ffffa300df1eff42702066aca81834404
0x0d2935eaf85810c345f6e52cca7223d1058f7dd5,0xe57e4dd256258a2130936d2aefc079ffd5156a98,1,0xb0dd496ffffa300df1eff42702066aca81834404
0x022cb0f99bc561bce6687bb5a89bbe595e0369ab,0x000000f20032b9e171844b00ea507e11960bd94a,1,0xaa97bc25fcc93615bfa92ba40b72a0158874c613
0x73df8ca51e005d140d45f94d9ef7877616fae536,0x000000f20032b9e171844b00ea507e11960bd94a,1,0xf424753e364ef4eac538986d10bb1c4f8d07b254
0x2045b07a8eed28568458439237e30d791deedd5a,0x000000f20032b9e171844b00ea507e11960bd94a,1,0xd4e6a288544ae0582db15ce30c1e98586ff78aa9
0xa96af4d2b5c61d130a7f6fa410af9cf6b1ddd107,0xf19d29debef68cc910824f03d5ede2a31d819ca3,0,0xf19d29debef68cc910824f03d5ede2a31d819ca3
0xb4918b12d5cfc63f5f6956b06b5d1d2b65e1afd6,0x000000f20032b9e171844b00ea507e11960bd94a,1,0xe2206093343fdc433de84273d795d9b0f75f01f4
0xac0a51eea96d281fb79a43318427ccf6d1acd80a,0x859e3e6069bf96f4fda3e34750595a20a51f1e6f,0,0x859e3e6069bf96f4fda3e34750595a20a51f1e6f
0xf638478110fb080308865bcff5a563b4eef30469,0x000000f20032b9e171844b00ea507e11960bd94a,1,0xf10a02296543b20266723e06feaa688f55da3185
0x077f36080d208831dd3d489726b25bd793dfc6b2,0xd2e6d01fb411839a5f8a6f5d5b387eded3d5eac5,0,0xd2e6d01fb411839a5f8a6f5d5b387eded3d5eac5
0xaf8fd4d7debf0b4562a21620cd424ad255d58dce,0x000000f20032b9e171844b00ea507e11960bd94a,1,0x31932e3a74d72202422434d34fc4ce515da92471
0xd9b8f917403c0057fafc43e2d22a032c48ea7a26,0xc7a6bda4df38e1701286c300ada9785ea4789907,0,0xc7a6bda4df38e1701286c300ada9785ea4789907
0xdb1844d9ff846d098c54b81cd0a792e304916858,0x000000008924d42d98026c656545c3c1fb3ad31c,1,0xc3fa1bc75b9df10fdffb53396c0dded68db27fbc
0x542792c1bad6276dd35399d4d9b47e6634c564f3,0x612e2daddc89d91409e40f946f9f7cfe422e777e,1,0x504b6a49d9ad4d528197f6557bdbd449245a9535
0x8bf54f5882f3d25769fb6bf37884c33fa5f93aaf,0x000000f20032b9e171844b00ea507e11960bd94a,1,0xfb867d50c6ca30a0a2070eebd3ef0227c3d56650
0x764b0f6d102c1448a21e8f32dd548bdb9ceba749,0xcaec4d2b0de574fd8a66eb840c4725dc3e36ce49,0,0xcaec4d2b0de574fd8a66eb840c4725dc3e36ce49
0xcf50e3132761000089b1f11db717bd8f65fa1a3a,0x612e2daddc89d91409e40f946f9f7cfe422e777e,1,0xed96ed4523404642325dccf84b583c2ddea26a0e
0x24b278b1cf2cdf8418bf160a44c45a4a5dc3e48f,0xe77d2d843904899c8adac411084ec1d0fc0cbb5b,0,0xe77d2d843904899c8adac411084ec1d0fc0cbb5b
0xcc54e40c6358447ef66403ffc0a80be2d9275bad,0x000000f20032b9e171844b00ea507e11960bd94a,1,0x6c44c4b3941c53ce7c8a6bde71f19cbe178517a0
0x489c0cd9b1fcd3581fa3010b72e9341c85386463,0x484a2d3ecdbe52b662b2351cd143fe466f113125,0,0x484a2d3ecdbe52b662b2351cd143fe466f113125
0xa5dcda8c4ba82888ee24fe4ed4fe6836ce77e73e,0x000000f20032b9e171844b00ea507e11960bd94a,1,0xa1729c7e1d74bc95285da18b9a1c60cb1487b691
0xead0580685e2e91f88a7db1a773679c5b1269419,0x000000f20032b9e171844b00ea507e11960bd94a,1,0xbc2f7d852a3431d11ad40030e78bebf97ff42ae4
0x092b313390664e54f49d577b1f6ea31c50ff4b16,0x000000f20032b9e171844b00ea507e11960bd94a,1,0xd21c99c86ecf090b480e9bb9a61428993ffc19a7
0xd37e2f4af317e5de7aaeb48f033bd0bad4485c15,0x000000f20032b9e171844b00ea507e11960bd94a,1,0x54cbe96906e072359cbd8ed1786812f6a3be872d
0x9ad2aa5da0b10dc2d47e67521d7d11ef81fa5a0d,0x000000f20032b9e171844b00ea507e11960bd94a,1,0x4e7ecd01657aae0faaf20529316bc10c7e8a07ad
0xecd5e2b10243a2d46905aa40f2820b90307ae704,0x000000f20032b9e171844b00ea507e11960bd94a,1,0xc1f31f94c87c526de9a4b4bc612fc385cbaa3af6
0x38ae9ab7c5b7aa0291cfa435a4e98837e14c2686,0x92c159895901439caa212997d505083a2fe88885,1,0x0f7a9df55e49387db4767b209af833fc09710410
0xe450b0fe26ebb1af03d5c2d71d550fb067c98b9c,0x000000f20032b9e171844b00ea507e11960bd94a,1,0xaafedc93af8b3620c44de12e8e402e1889f1b660
0x9470577597349e540ba731f08b01e4fda8a5381e,0x000000f20032b9e171844b00ea507e11960bd94a,1,0x17ec46aa4d71f61d90cf9fa9b72c0583853c0af3
0x1391e44ebe4c0a1792c53b478913c61b06641690,0xd03e521b811678d171180d33ae383450edb432e0,0,0xd03e521b811678d171180d33ae383450edb432e0
0x96c7f1ea87a15c9e6b749297346143c8ec548261,0x442295de8a31d65026dbc09c29d469f6854f188a,1,0x66a3716a8aedc2af71b3599251a89d7829c1508b
0x4cc2c3518b1a5b782fa6c5bde80b7388fd8c674f,0x7354936bc7a72c8baf5a2f9262e70a52c427be4a,1,0x458df506069358ea0407461a0355e8e2915ede51
0x0675747c4b850e12a2ac884812e3398da8e3aae2,0x000000f20032b9e171844b00ea507e11960bd94a,1,0x7ad15e3d58355a6afa09b236ab93ac2707eb6f56
0x8c3d892ecf27afbfea05bb02090703f754935fc3,0x612e2daddc89d91409e40f946f9f7cfe422e777e,1,0x7bfe963c7b6c653889c83e833ad59487147aa9f3
0x54537b2425595bad4b9969df5a2824fa06363a91,0x612e2daddc89d91409e40f946f9f7cfe422e777e,1,0x006c6ede95b816f579328cea28a8b94ce659276e
0x15cb076773b49f072620e6cf39f7e4027095547d,0x612e2daddc89d91409e40f946f9f7cfe422e777e,1,0xd381734831d4a4c1e0bbbf14992f8e667e827e03
0x1fcf026b75c6b5451942afb4cb3595d2224c4f19,0x000000f20032b9e171844b00ea507e11960bd94a,1,0xd7696e6fe1b474548a0349823bdbf0932cda1712
0x87f9cd451022959a40465d22eb142b95c6e5752d,0xe900bab3d67533b285891c6ddb66c63e53676a7e,0,0xe900bab3d67533b285891c6ddb66c63e53676a7e
0xb9e8f1421ce4bc1c8bb66c71b1681e188e9b7cb5,0x612e2daddc89d91409e40f946f9f7cfe422e777e,1,0x8320e47ec91537d3e7ab0eeef74605afad56e880
0x1919dc63c837010405a31c48eb368314906246f2,0x7354936bc7a72c8baf5a2f9262e70a52c427be4a,1,0x185b11a2a1963270f56a5dc15e7ecbd6fce3bceb
0x935c547a1c01ac4ea8119449df944a8c1e2c3c48,0x7354936bc7a72c8baf5a2f9262e70a52c427be4a,1,0x8b79fa779af9391a10c5010101c180534ee9af4f
0x75ae1a202b14dd19e80f7006f8ae08645889887c,0x612e2daddc89d91409e40f946f9f7cfe422e777e,1,0xc10265a30a8ead588cfdf7ae56b98cbbcb9c923c
0x1644920bd688c9b49e4acc0961c5b991ec772830,0x000000f20032b9e171844b00ea507e11960bd94a,1,0x8138aae02633dc686bc8467f865fb07bf57c7b8c
0x660d2883191b02e30c50d3e8f831003c4f964b27,0x000000f20032b9e171844b00ea507e11960bd94a,1,0x978d5ad2edde5f79ce8a20ac54d51edf9322103e
0x681dbce8fddc5f4ea47b3ec157f6af0030cc393f,0x000000f20032b9e171844b00ea507e11960bd94a,1,0xc54203f9423490442d0e0d6cf5f8d9a325a1c992
0x5d33f86f54c606e3ae6f8ef333f15f7eda158a9e,0x000000f20032b9e171844b00ea507e11960bd94a,1,0x819fcccdeeac99405348df192601dd07ef1d77e9
0x46292a76b468c09fc57aee01566b9c37fdbaa67c,0x000000f20032b9e171844b00ea507e11960bd94a,1,0x281549f3334d05da14179988609fbdee49bcdd1e
0xa8d754792ba4e802435b00a55d0288158e11b7fc,0x000000f20032b9e171844b00ea507e11960bd94a,1,0x6e0fffae716582a9a3162ce14d1d3b5f3e5a90e2
0xd6b8ba9b05640ac72d14ea518ee03bd7e7fe3f28,0x2867dfdeb160c2db64e67fe0d381c350b611cbac,0,0x2867dfdeb160c2db64e67fe0d381c350b611cbac
0xb7e06b56cecb62e62b6694293c9e8dc8d06bb2e3,0x197d527ae3bb742965a22a67c1be9a89cdc8ddbf,0,0x197d527ae3bb742965a22a67c1be9a89cdc8ddbf
0x76f01949f07f616d7e646f42fc1d52b31e6c4820,0x7354936bc7a72c8baf5a2f9262e70a52c427be4a,1,0xcf7d2b8a6a5851749cca61f81259cd4d8108f0b5
0xc4aa0118c9bed3633be461929f09745025d71e71,0x0007b9c4d506c6be7b4a3d454d078db5899172da,0,0x0007b9c4d506c6be7b4a3d454d078db5899172da
0x6b652de3035989d3010bd03114420737f4ac9744,0x000000f20032b9e171844b00ea507e11960bd94a,1,0x709a69fe9f82170f86a964c8f274ca8227028367
0x39f5b98005507cbc383dd5d8e16eac2801aacd61,0x000000f20032b9e171844b00ea507e11960bd94a,1,0x5f4994037f058ee87b42845909e7094ef44a9d1d
0x2f15a3a6dfacb76a089fc1e09549e224e0f09eec,0x93e3da489dfcd40f393750a160b7fd4a2d7fe2ae,1,0x00996fab01cda76c0a3c5ec98fb9f69c46a99d15
0x2e027d055f63494bc5ac66bca8e94a17479661e0,0x000000f20032b9e171844b00ea507e11960bd94a,1,0xb1b9b990819ef4886a6bebb58eebc3507ae2ab43
0x50c655d0ef0694ea8a8eff707ca2e9df66de63b7,0xbb4ca835a25a6274800e2518034a866bb2c19c9c,0,0xbb4ca835a25a6274800e2518034a866bb2c19c9c
0x5356b7e5eaa71222e21ee877af50a4aa329fadae,0x000000f20032b9e171844b00ea507e11960bd94a,1,0x7e875ede4c8d911a80f7abedfa55ade3c57ec413
0x39b3a43aca599a42af96a4e2cb1a3d08d50f0d88,0x000000f20032b9e171844b00ea507e11960bd94a,1,0x3be3605fe82d263d6bd6c07bc4387791f5f2aaf0
0xfb61a9d45c6f3cad2b57e8a0c8f1dc9164932a39,0x83378eb64704e73a2e32152041c1b5717b1971bd,0,0x83378eb64704e73a2e32152041c1b5717b1971bd
0x0c9b7647ef6c486fdae6905761ecb1c7593f583b,0x000000f20032b9e171844b00ea507e11960bd94a,1,0xac1a379b6d8344e5fc63ffda37a5c0b2c013709b
0x8e9f8bf8684966d2355ea4969302e74187f45591,0x612e2daddc89d91409e40f946f9f7cfe422e777e,1,0xfed52bf80d4231f7f6f017790935d0e44c59563b
0x10353523e0d9bbabb083fb8f1984fc9c7a8dab3f,0x61b98acbfc23326cfe296f380b5aa3e5adcc5238,1,0x123c6d03cc6810e35b9e396402c55bc501602b8e
0x90bf61d7b27e58a515972485c09c6b1de1fb13a8,0x612e2daddc89d91409e40f946f9f7cfe422e777e,1,0xdf52cf29507530408bfba8660be96f0b71aadb04
0x2681140f4e43b7345c89edc73321696cda4cbc09,0x47acbf4067e2d75cce6f228a952f63e75eece3a1,0,0x47acbf4067e2d75cce6f228a952f63e75eece3a1
0x58931fda625d897c8572c63665f41a84aa3b45fa,0x612e2daddc89d91409e40f946f9f7cfe422e777e,1,0x1b7eaa8ebf28b6d41cb846ef1c9ef541c3b1b5b7
0x4ea3a50be1d07ddfef487900173d062443f3c195,0x1df6e2636e29f50e29f4fb1ff7a9b1899108b0c5,0,0x1df6e2636e29f50e29f4fb1ff7a9b1899108b0c5
0xbdf04119bfbc54726c8887b3bca70c1a0e301e1e,0x000000f20032b9e171844b00ea507e11960bd94a,1,0x1b4d29553efb00fd4264b8fe6bcdb2b1fe99294e
0x2f74e13fb88c8b6a8b95a5dff92bf4708294f87b,0x000000f20032b9e171844b00ea507e11960bd94a,1,0xbddc315737fdf56064370586c6ed7ff93b72a7c6
0xc4aecdf083a4f9f7e0f1b8af8fa7db66b29fe0db,0x612e2daddc89d91409e40f946f9f7cfe422e777e,1,0x728e458df4202fbe1dddb4508157d3f2a5c4d8a5
0x59ce5fc3fad19b116227a9f280973fdf114e2864,0x000000f20032b9e171844b00ea507e11960bd94a,1,0x2e25a8c4636ce5dc20a03a1a82c165136366c91a
0x731afe2bdd2acb0f409a1ecb9ff68b5d1ea57b4a,0x76f948e5f13b9a84a81e5681df8682bbf524805e,1,0xfb68032fa91b383ce2801b4277569ff69efbebeb
0x8f4e0a71b0dbd8df6690406950cb3adc67b368fe,0x000000f20032b9e171844b00ea507e11960bd94a,1,0x83d9af1a92ae7e8155c9dba2bec925e650c05dd9
0x477ccb276137bb16268d211671b20ad357d2b538,0x83378eb64704e73a2e32152041c1b5717b1971bd,0,0x83378eb64704e73a2e32152041c1b5717b1971bd
0x28611a94dfb5dcfbdc4e76a7ebda1e285a47224f,0x8f55100b8565884141e7011b444c93f35178e0e4,0,0x8f55100b8565884141e7011b444c93f35178e0e4
0xb16e61d9c8b1fda7d7d9924b9c0f72b57154b340,0x000000f20032b9e171844b00ea507e11960bd94a,1,0xf7b878ac18b295b28648ac06ca045b122073b468
0xc2fd98dc7eb20d2bbce410057a73a1b1f5a50b66,0x000000f20032b9e171844b00ea507e11960bd94a,1,0x1a62f27266c9cf5f0105938b3b009febfdd7fc28
0x852ebb106ec116928bb7dad9ade804bf9844524f,0x09464ad754f39578bcaeedd64bc61f911cec01bb,0,0x09464ad754f39578bcaeedd64bc61f911cec01bb
0x397085355b165fd5c3e1df9df2feabafaf790ccc,0x612e2daddc89d91409e40f946f9f7cfe422e777e,1,0x7db9f8e904b146b62b20f01bdc95836564b40db5
0x799436f237d22fd2e7f36f81b2cfb3fac1b053f8,0x7354936bc7a72c8baf5a2f9262e70a52c427be4a,1,0x7022d90bf36f2a749b5064dc5efd3b112eba4cc9
0x8ef45f9b28381fae020d183fed07ac92ee8afb68,0x000000f20032b9e171844b00ea507e11960bd94a,1,0x40b35c6376a8fe1eb591807150743ef492cf75bb
0xee8e83a53ab483c2a866ce74a4c08ec12ba5200b,0x612e2daddc89d91409e40f946f9f7cfe422e777e,1,0x5f98736a54e68104d5e4f272484840094712d66e
0x4743305b5d4814239971d55ff8e4f3db64e5557a,0xbf035fd16ba9575fb4af205f2dacfbc9c0c5cb42,0,0xbf035fd16ba9575fb4af205f2dacfbc9c0c5cb42
0x279bb06620724259f276a03f5becdac6e407dd1d,0x612e2daddc89d91409e40f946f9f7cfe422e777e,1,0x021e2f27ee3a0ffa6bd08a971624979340c5977d
0x83b455482666a371e75cb98046de3e5ceb50e38d,0x02eb75be1e72e988de64f0088d654d8ea1081e87,0,0x02eb75be1e72e988de64f0088d654d8ea1081e87
0xd40da4397efeb202847935a3519f364d0d872b9c,0x000000f20032b9e171844b00ea507e11960bd94a,1,0x2161cb9dc55b4beec7175d0bb9703b7b5cc34d0c
0xa634aa54e8c18e91c5d099d55ea7bf812fcc8dc6,0xef3b955a35a9cd6feb0fa1a51cb9cba6f25f9e95,0,0xef3b955a35a9cd6feb0fa1a51cb9cba6f25f9e95
0x8aa2c787ff01c91abeb4b4f2ed1410e7bb0f2191,0x0000000000003d61b3d0a96b70b9c9006947759c,1,0xe174bac3b2f526d654e2efc9d7efb660a0c1d2a6
0xd70ed3e56757eed006d06762350b83044a0c7996,0x000000f20032b9e171844b00ea507e11960bd94a,1,0x53180fa7abb8eba4152f1e03f2fa3d163d91df29
0x2f7301e6d5bb197065e2a3f1715944755cd2d910,0x000000f20032b9e171844b00ea507e11960bd94a,1,0xa30560b2c765841ea16988e521e7d96743c5708c
0x192339575ee3f92fec3a7ced77692fa5485feade,0x000000f20032b9e171844b00ea507e11960bd94a,1,0x5f4726a7d43fbb69ee0646d98bef714a96dbac34
0x6fe7f81ba4527b25ce7eaf28076e827ab6b7a147,0x19478179ef8bb7c4792a4041903080e097d137dd,1,0xe19f5f6f3019ca6cdcf56d439221ce05447016de
0x665bb8aad4327f320e4b4d12a54650001bb518cc,0x84eeb7db3f93feb5a8a98f56dabb970a6797c187,0,0x84eeb7db3f93feb5a8a98f56dabb970a6797c187
0xb1728b0a07a6a0d4457ec5180784efa4fffe6ab4,0x00caa5fc4f0c1ef8936c576e830eb0799fab00d5,0,0x00caa5fc4f0c1ef8936c576e830eb0799fab00d5
0xdcae5cb325f11cf1b7f49b155391d14dd98ee327,0x339783eadb61a9f8714adc3f0dd856e6926f7c84,0,0x339783eadb61a9f8714adc3f0dd856e6926f7c84
0x1444daf6995bd9d662e60125c7ff109257469f84,0x612e2daddc89d91409e40f946f9f7cfe422e777e,1,0xb7ade4e9c2023ea68e7a2f1a0f62c16423ba19f6
0xe81d511be50a02f38fe67b4c64b9faa79df5ba33,0x000000f20032b9e171844b00ea507e11960bd94a,1,0xfaabb182824f38875be4d7b91326ad8737a1a8fe
0xe9083f948a32e53930e434aad36d1d55a1ef580c,0xa6c5f2de915240270dac655152c3f6a91748cb85,1,0x7372d04e7e298bae009e36a6f0c94385f48a748e
0x6ca4081e4fe3ea3501f26bde4d3f1f298106f4c2,0xbb89c3182111335c3baa7486205dad6f36ff6a9e,0,0xbb89c3182111335c3baa7486205dad6f36ff6a9e
0xa97a056928ef3dcc61b68195bd218862fe83a9ef,0xdc5b92eb618eef0de7aabf1f292f45f8bb001f1c,0,0xdc5b92eb618eef0de7aabf1f292f45f8bb001f1c
0x21d392a66bb736403aae8cdbedc364e56018048c,0x612e2daddc89d91409e40f946f9f7cfe422e777e,1,0xd48f3964b42d01e9c557b4cd93cb427cea851945
0x045b885d674bd46deca0b2a207a0638214c6e5dd,0x000000f20032b9e171844b00ea507e11960bd94a,1,0x938126f292e6620e736d7a27b6cc5f9bfee37f20
0xec6bbc1a055aa6bab08243bb2dab5c095f53c103,0xd4dabbdcf7fcb5c32a880d9a48ffeac18cc82c28,0,0xd4dabbdcf7fcb5c32a880d9a48ffeac18cc82c28
0xb566fe0730102a89b45de1db5109fde2a8ec58a5,0x000000f20032b9e171844b00ea507e11960bd94a,1,0x06b0e517f7b6957275982c35c593cfce8247b8d5
0xe9eeb36a89f36e6680b484bb3f7307b3cb105efc,0x000000f20032b9e171844b00ea507e11960bd94a,1,0x8bb59eacf66a62296e323500f3a7461cc2db9cc4
0x07c5338bb50ee0ed3a5c00d5691686dfd547eb8b,0x000000008924d42d98026c656545c3c1fb3ad31c,1,0x7e3af6b3beb788d21f028343645135092ecbc231
0x80d83ca3fe955b86bd63e797e24839b78254c71d,0x000000f20032b9e171844b00ea507e11960bd94a,1,0x44bf69dc5bf4733cad67a15cefdc1417220cf212
0x74aa9386648e107e61ae58f2f92992a7d592b490,0x000000008924d42d98026c656545c3c1fb3ad31c,1,0x2718f35e4d0c2343463b1c44d93efad4c82b602c
0xf3bfd640dd3ab470377edcbfc3a0d1497b813779,0x000000f20032b9e171844b00ea507e11960bd94a,1,0x29b5c37e9e4bf49a365f004fbc53dc697261d2fe
0x3ceb59bc639b84cd7cf3047d539f00954bdc143d,0x000000f20032b9e171844b00ea507e11960bd94a,1,0xf47d1992d78e9e0d8e33321266dd66fdeb5a337a
0xcd68903146c9c7a7a70c729662c96de5595d0562,0x612e2daddc89d91409e40f946f9f7cfe422e777e,1,0x0ce6451bcdcbe5c15179c566547f41ca62904f36
0xb40d894215584dbf1577207762ef161e12db630d,0x76f948e5f13b9a84a81e5681df8682bbf524805e,1,0x164c3df08784171e0c4b61b7682263371f1eeb74
0x918ec957bc671da714ac80cf92c8ddefac9f5225,0xafb5cc55c672c123d5803a2352382d33aca65b95,0,0xafb5cc55c672c123d5803a2352382d33aca65b95
0xbf6bc136f740385bd6c86a1fe0b3c3e734acbb9f,0x7950e1a61ebf0c1b03d222c3bbcd6d70c50e838a,0,0x7950e1a61ebf0c1b03d222c3bbcd6d70c50e838a
0xe318557a4ba7411bdae8faef4b141c617cb77f03,0x612e2daddc89d91409e40f946f9f7cfe422e777e,1,0x018921c14b9413554587728424f3be3d4306b52d
0x7508dac9550eb4751f883121c78bb7c73a7e81db,0x000000f20032b9e171844b00ea507e11960bd94a,1,0x81e61a039017f1453058af5a263b68e6f56616b8
0x69a48f50bbd17c7b3fdfa55943b3f1f573799ea2,0x19478179ef8bb7c4792a4041903080e097d137dd,1,0xaa060b1cdde1e12b090c1d73cb2cde3fe5354aff
0xefbffc6e688cab2361436a48c0d97a1f7c485cbc,0xfaf3106bcbc512ce0f4026ce1ccfcff833b77cb3,0,0xfaf3106bcbc512ce0f4026ce1ccfcff833b77cb3
0x72fdd2a9d63e35a00234222fad993c9a82a38442,0x000000f20032b9e171844b00ea507e11960bd94a,1,0x8b240cd4cbf25ebedf66b97b4a341d6be67031d0
0x1f212e8cc2c208a8c113a776987f2a9b46faf1c8,0x000000f20032b9e171844b00ea507e11960bd94a,1,0x025a1ae7f37543cf4ebfa0effdcb08001059ccae
0xcba94efb52ca9b15e14834fa244ced36eddb8cd6,0x000000f20032b9e171844b00ea507e11960bd94a,1,0xf8de2d08d4fc5e22aedfb6806dcd2e947ad21745
0x93dc382904e12ca2050372bec57a598159a4377d,0x612e2daddc89d91409e40f946f9f7cfe422e777e,1,0x67705c3379c9983083faeba0b3c094f24b685c1c
0xeb621445cc459a945169b76e66f966806ab89416,0x000000f20032b9e171844b00ea507e11960bd94a,1,0x5f4d090e6d9ec0e22e2d30fceca23f0fd15c25eb
0x2fe92ff0955426ba4987e0eae45a2b98a906fd98,0x000000f20032b9e171844b00ea507e11960bd94a,1,0xbe2ac42bd400d204a529f87266c078d606501e37
0x0db080ebc551141ffee499a8aab3d4a7e45feecf,0x000000f20032b9e171844b00ea507e11960bd94a,1,0xa6dacaf76ae9f8da357ef1a8b68a31524b18ef78
0x0ab64921c3a93631bcbe38d88254dcf9448333ae,0xd1a6333d72afa6937bb09b8d09441391ff85b43e,0,0xd1a6333d72afa6937bb09b8d09441391ff85b43e
0x6055223489c8c3704d8c325efc40937f144363ba,0x000000f20032b9e171844b00ea507e11960bd94a,1,0x0209e6deb4bd50e84983e0be1a4068ba01ef501e
0x3bf443553d95379849e4446f1af83a880ae1b2cb,0x612e2daddc89d91409e40f946f9f7cfe422e777e,1,0x1c901aa311dbb319c1062f37b1a38927b2c68a37
0xca1994f5b3521678f7752971dc4ce2978a38de98,0x612e2daddc89d91409e40f946f9f7cfe422e777e,1,0xb7ade4e9c2023ea68e7a2f1a0f62c16423ba19f6
0x719b1f2424229d92df840a4c895d23d779445e9f,0x000000f20032b9e171844b00ea507e11960bd94a,1,0x168fbfccdfd537543c8248b6095500f2343818e2
0x0a821a8c07fb9679168f5ef8b7ac0297f82797bf,0x000000008924d42d98026c656545c3c1fb3ad31c,1,0x1bdee5329a6854d7c60dc20c12b0aa5aa275badd
0x2c479d3a393a40e89b6ec9169971f4c0af3dddbb,0x000000f20032b9e171844b00ea507e11960bd94a,1,0x3bf449c0c614aa73fa9cd487cbdf7971252dca7b
0x8927f1c278112a1698804f7b44cc4fbb89210c3a,0x000000f20032b9e171844b00ea507e11960bd94a,1,0x49db54cbccea62d01232d099a79393cf76bdda47
0x193d305e804244dfb689dde436c5b3debf6b25de,0x98e504ad99e4808ea1c686fd1ca9a0a04d1cb536,0,0x98e504ad99e4808ea1c686fd1ca9a0a04d1cb536
0xcf085036573175223706c284b3019e2646fc99c8,0x612e2daddc89d91409e40f946f9f7cfe422e777e,1,0x61a47895a648746872fe8238285c6e18f8989bd1
0x368d6ba8322276d58e34b47d22047eca2bcfb017,0x76f948e5f13b9a84a81e5681df8682bbf524805e,1,0x082543905c19a5cb2ea372e472893ae1ccfa4df6
0xe73e51bea1ee2721013b8738cda971ae309a8fb2,0x612e2daddc89d91409e40f946f9f7cfe422e777e,1,0xed96ed4523404642325dccf84b583c2ddea26a0e
0x9b250ed966630f488178a1b2bc2653ea594919b4,0x000000f20032b9e171844b00ea507e11960bd94a,1,0xfe349f599477cb5635a9c5a627599a1d3c6ed7f8
0xd0b666cfea9b0c22f951c353b2c25ed71ae3afa9,0x000000f20032b9e171844b00ea507e11960bd94a,1,0xe698c15ef41af8ec38a6ac2fbba4c33ae04da354
0xc59f1fee3b5867fc176de115867a634963d5063d,0x000000f20032b9e171844b00ea507e11960bd94a,1,0xdfc17042a7d7db1c73d6b2e0718e79647985a976
0xdc0694ce0d1b91be43b9bc7adfa4853b81458b67,0x4c177a6b3f915197c93d4e1b68d014f6d78c4a4e,0,0x4c177a6b3f915197c93d4e1b68d014f6d78c4a4e
0x21c002d82f60916eff075df43b5fd0e9dbdf1e05,0x8648880327b5afb6aec1bc6c4d17ffb3323a50ae,0,0x8648880327b5afb6aec1bc6c4d17ffb3323a50ae
0x1b80898bad0f98acf278e5f6db7bb98c0977444f,0x442295de8a31d65026dbc09c29d469f6854f188a,1,0xb60d52448a5c76c87853c011bb4b8ec3114a3277
0xd4a1982a63a273173d2942c629aba046ac94c652,0x000000f20032b9e171844b00ea507e11960bd94a,1,0x18e1dfcb9cc548e63afa943224d08cfa5baea7b8
0x06e40604c5387c5141780e1ed9687ccdb63d6ad3,0x2dfa21a5ebf5ccbe62566458a1baec6b1f33f292,1,0x6f6aa83387fef0a82e14a33622c9e3d20e8642f9
0x83cf8c12b8680e7a2a303a337f59fc5a911010cc,0x72eb30d3ca53f5e839325e2eacf535e70a9e6987,0,0x72eb30d3ca53f5e839325e2eacf535e70a9e6987
0x60bdfe099378f7a738fcf88d6c3bf7e0f1d1e517,0x000000f20032b9e171844b00ea507e11960bd94a,1,0x8a0d66752c822e928024fbdb6fc2b09d40b27d95
0x6bd70ae7c72475132644278f90ce9b0557119f66,0x000000f20032b9e171844b00ea507e11960bd94a,1,0x0bd809bdfaf687a97ad7a7895511ded3fb59387d
0xb1dfac607c90e45cffd2eac2ffdfa8c1dbad6dd2,0x612e2daddc89d91409e40f946f9f7cfe422e777e,1,0x673460953de8a52d1ccae3c7e31fd445da99928e
0x78dfc81d2edaec26c8255e5c9c20652abc3256af,0x612e2daddc89d91409e40f946f9f7cfe422e777e,1,0x7e6703c029ae899e6ebf722db9c3832f1e8f6fcf
0xb760605da52c03c6c2bfb03fc18e4d9b9b4fdb53,0x46a2f47b16e3e2324ce88f47ef9bb5929eb801f0,0,0x46a2f47b16e3e2324ce88f47ef9bb5929eb801f0
0x602eedea1616bfd95d51f28ffb074fc24c91a8cd,0x000000f20032b9e171844b00ea507e11960bd94a,1,0x57ae16b9726b620f4326bdbb40bcefac013922f5
0x4b936acadbe120e5c626fff2bfed222e25b1a9e9,0xbe4f0cdf3834bd876813a1037137dcfad79acd99,0,0xbe4f0cdf3834bd876813a1037137dcfad79acd99
0x1e4e717691b5722404f44e1a849443ff8172a176,0xcf10097022fe92fa601eaa8beeff6658c3dc1b12,0,0xcf10097022fe92fa601eaa8beeff6658c3dc1b12
0x2c52e0d6406801c0709c3a65df6df36dfee566e3,0x612e2daddc89d91409e40f946f9f7cfe422e777e,1,0xe19f5f6f3019ca6cdcf56d439221ce05447016de
0x26a61ee8315894c19c6a946f0c0689b1a65244b8,0x612e2daddc89d91409e40f946f9f7cfe422e777e,1,0x664d7462634fac1815353a10f138750ee11a91f6
0x0a141b338ad7f7e08bfc6d84b2bddd0e89959b99,0x612e2daddc89d91409e40f946f9f7cfe422e777e,1,0x05ee1ee157d9a1c62ee8a671ba2abeac0ae6f2d5
0x43b204d2f4f2adb3b94859dd1b98a5b498dc380f,0x7354936bc7a72c8baf5a2f9262e70a52c427be4a,1,0x071c27245cb9aa492cf317db35b9c5bdc830b2ac
0x91be626cfd5634e1c8dcbfff4e0da8f61115a7b8,0x000000f20032b9e171844b00ea507e11960bd94a,1,0x50d5de84e72e2086f59f8a64654285b898c58a7f
0xa53f49f8d6972884c53e2b4f3a5f4674a00bfc6d,0xb81cea0429c3887a3af91d09c2b2857af453dad1,0,0xb81cea0429c3887a3af91d09c2b2857af453dad1
0x775f0062d2d9baecfe8c74e973abe3329aa01489,0x6f98567a6551aa00033296a1b642845c25a7623d,0,0x6f98567a6551aa00033296a1b642845c25a7623d
0xfb899f3209753ad577b82aef2e58dfa190d7049e,0xc795562ff3076e1d230dd686382f154389a7089c,0,0xc795562ff3076e1d230dd686382f154389a7089c
0x2c6a9984076198f42d2eee620c3b80a1529114c4,0x612e2daddc89d91409e40f946f9f7cfe422e777e,1,0x222f14f0e3b56afdae5daa3235d2d50e2f971c7c
0xbd1a4400ae2885a1e2403edf7cce868d8f3baaba,0x7b9a6faa0ff6a59e7e7f06b61f99af53021d95cd,0,0x7b9a6faa0ff6a59e7e7f06b61f99af53021d95cd
0x0832c85a734cf628e2e0e83f5249a1f4a4023827,0x76f948e5f13b9a84a81e5681df8682bbf524805e,1,0x21925919035b17daa476904aef584adc5bd8f3a5
0x50bcfda92b38fe1d2a6dbb20dbf1fe2e1d851fc0,0x35a87150afa8ac5e85516d21129ac9fae9b2d777,1,0x51200aa490f8df9ebdc9671cf8c8f8a12c089fda
0xc9d88f8faf78109d3ccf5a6789fbc1ed0bf574b8,0x612e2daddc89d91409e40f946f9f7cfe422e777e,1,0xb3e756e689fbd52b660815563c47faba814ac065
0x4c09d33450704820f13b64dc32ceeaa3576f69fd,0x000000f20032b9e171844b00ea507e11960bd94a,1,0xfaabb182824f38875be4d7b91326ad8737a1a8fe
0x7ef6772f43fe8ed3fdbc9a850c11ece565385c1a,0x612e2daddc89d91409e40f946f9f7cfe422e777e,1,0x72f6d90d039210dd145f50ec6a4476eeeee28e9e
0x5bff8fb9a128ab2194b24e43fffce852b9aede0f,0x000000f20032b9e171844b00ea507e11960bd94a,1,0x959f0bdb7ba46dcba9341c1c26087623dd4d00ec
0xe017a8d8198d56b5ff5cd8f61b7a6fd059a23ec2,0xa6c5f2de915240270dac655152c3f6a91748cb85,1,0xce3002260df2b81e4a66da4777b6e55e65e0d5ab
0x634ce909490f5b1a7df1cd032e4ae8fe8365fbca,0x612e2daddc89d91409e40f946f9f7cfe422e777e,1,0x65e3f233ddcbfba3bd8a2cadbb44f7101d1662e4
0x50a72081e17b01a000729fdbc988ba9d9b6ad8bf,0x000000f20032b9e171844b00ea507e11960bd94a,1,0x9a2c8eba9800757de5b335a3cf0077cb900dfc20
0x9002a5c6d4508ccddbacf8a311d632a5083a8c56,0x000000f20032b9e171844b00ea507e11960bd94a,1,0x3b85e1b1a7a5ff52adfe868597bf88ed50b6eaf0
0xd92666a70847b30a008fb738de97b6b59e9d1648,0x866e4bc104a24cd0dfd8ae8f533e852b2b3fc8ce,0,0x866e4bc104a24cd0dfd8ae8f533e852b2b3fc8ce
0xebca762e7120ed332dd22d14748b3c606c1af2d7,0x000000f20032b9e171844b00ea507e11960bd94a,1,0xcf3edec8ea64a492898312d29002cdf967ee0b99
0x4c2aaf72de756623adc4124c749380c1d379214e,0x847cf6e15a30569879b3d997d2e7bf811db0fd31,0,0x847cf6e15a30569879b3d997d2e7bf811db0fd31
0x257195db6ecc6fd5476da27524182b22851bb86f,0x000000f20032b9e171844b00ea507e11960bd94a,1,0x94b5b5c10aab91433d00724a0afcf7500303f357
0x7b39ec6fc28d77426758a532026318566334a45f,0x612e2daddc89d91409e40f946f9f7cfe422e777e,1,0xadc2aa3ca63fdebbe1e3556020d5d1517b9cf066
0xd636117619fa792c53b197c3806f7135ef57f3e0,0x612e2daddc89d91409e40f946f9f7cfe422e777e,1,0x2f21f94e1e57543f4663b722b6b1bed97c576bd4
0x4332db2104da1cd5bce0d36ac13ce3eb140cf1c9,0x612e2daddc89d91409e40f946f9f7cfe422e777e,1,0xad08b3039c3ad5f3283a95c4521d983a14566d99
0xb792b4d454599e9439e34d3c294ed5a1a80c5a70,0x000000f20032b9e171844b00ea507e11960bd94a,1,0xa641dbabd031088c5475b4c953cf04d60ac9b01a
0xf44b1768c9530ba38d8c5bc008ee07ed4dd7f001,0x000000f20032b9e171844b00ea507e11960bd94a,1,0x5333b128fd8217808895942f926afdf92d7f3ac7
0xa9e7de19969d2c7884316f012bdc9ce203ec5e15,0x3ef8a3cfb11bcc8911fc8124554c8f18a453f2d4,0,0x3ef8a3cfb11bcc8911fc8124554c8f18a453f2d4
0x247f0a5bfb0985ef047cbce2edcb6e7e5b69e151,0xc411d2393edd298186a2b31c0c6cc979b0e81836,0,0xc411d2393edd298186a2b31c0c6cc979b0e81836
0xde1462f4cb4b0c5416b35c0089be49b599ce1d37,0x6fa5b0b7061b99129294a3ef727ec43792efed17,1,0x26da203573b59332b1334f5fbba7c3d11f638860
0x8536dfc35cf13122fdd60744fa030b9b22b9bacc,0x4257e9592edf8bdbb9b99f2b8b6810e23fb66c14,0,0x4257e9592edf8bdbb9b99f2b8b6810e23fb66c14
0xf80f898507314543db8d45540c403dbe2f6f17b3,0xba12efbdfdae25c1e82117e99e1020f772f8dd9f,0,0xba12efbdfdae25c1e82117e99e1020f772f8dd9f
0xfe39f5132df2a1d1e9dc4ae532e49bc02909a495,0x7354936bc7a72c8baf5a2f9262e70a52c427be4a,1,0x1ae7008918eb9b932be2bd93af5a569fc56b718f
0x6585407bb4a3f7cf9d9af3bf5036609d60327b79,0x85517c74359165a0057ad84f6f6ce9e132c87d82,0,0x85517c74359165a0057ad84f6f6ce9e132c87d82
0xe248cf186ec5cb0b8eaaf5083bd4731c084979bc,0x8b705c4f659572c86c042737372711fd71b28a85,0,0x8b705c4f659572c86c042737372711fd71b28a85
0x5899a3f398677e9fabf6f9d829ce4241e7e9445c,0x000000f20032b9e171844b00ea507e11960bd94a,1,0x83cf8a8fc27631cee9431a41145624339e00df23
0x3daef6b5c797e4195b2786700ba467f643136535,0x000000008924d42d98026c656545c3c1fb3ad31c,1,0xf5b9b530192e20eaf047bfa4b619dea17ba11950
0x50bf5e2022d52f2b7fb2842167690c2873b9601e,0x000000f20032b9e171844b00ea507e11960bd94a,1,0x6cdf12b6e5568683ea72960ce9125e2ab14b588c
0xc2e4eb01f747bec8535d02368607849eb0b9fad6,0x000000f20032b9e171844b00ea507e11960bd94a,1,0xd558316cbe6f74c48339b256d2a09508b84d1671
0x929f9ed9fd81e3628ea05aaf59663a40a5e979fb,0x76f948e5f13b9a84a81e5681df8682bbf524805e,1,0x42c7b7ea1bb5f7997982249fa377c1cd0d0bcb7e
0x463f49227216b27aa90c3675b16a500b7c360aaf,0x000000f20032b9e171844b00ea507e11960bd94a,1,0x30642f99bcf359b1cd82ad237385031823692eaa
0x29f39e8bb24b6bcefea021b9139f51320fa7726a,0x442295de8a31d65026dbc09c29d469f6854f188a,1,0x4c2103bdd4cf1c25a095a9e426ed45da498c269a
0x0efc511b7fbf93d175874ba363d634e8c82642f0,0x000000f20032b9e171844b00ea507e11960bd94a,1,0xd7206c30e6a7edc51bb8d0f1142a72c38a9a794d
0x6d0a8dc5a50d61be96ad27061ac146f060bfcfa9,0x000000f20032b9e171844b00ea507e11960bd94a,1,0xc58f29d718da2062c0e6d75e9240c8d4c2092d77
0x8118d6bbea2d32370ee7fe4b67be0383874c6c72,0x612e2daddc89d91409e40f946f9f7cfe422e777e,1,0x8960c031755d6eef7f8890e0662d2e3bd173c235
0x35e03f91eab956cdf90b993d5312072a1a2c4b4e,0x000000f20032b9e171844b00ea507e11960bd94a,1,0xe3d2abfeed184bee58af0959d5913ee614032a20
0x169286bc9f6874547426051d3c4f7e7db7fce7f1,0x000000f20032b9e171844b00ea507e11960bd94a,1,0x56e106c1aa3ba30888a6c6a577ac895bb01111ac
0x4accb3349108b70d1fc800dec636c25244b3e1e8,0x612e2daddc89d91409e40f946f9f7cfe422e777e,1,0x8b1e20eda3b9cec8090468527cbc4282ac8a0fb0
0x77fd229afdfebcd307d4a069733040be10aa2f8f,0x1e812e6141e81c99da236092f72bba30dceb1598,0,0x1e812e6141e81c99da236092f72bba30dceb1598
0xfb5dacbdb1aec6237a57672ac4cd04f7e57ccb05,0x000000f20032b9e171844b00ea507e11960bd94a,1,0x07c04ca0fb08e58260147cf2eaeb7abe4eacad21
0x386732994494b5df34b7b2e6c8ae249d3a9281d7,0x000000f20032b9e171844b00ea507e11960bd94a,1,0xad07b4ee9c291520907e652babba70915e9b44b7
0x524a30e1874e9cc7bd6f7b053046f5440f103b4b,0x612e2daddc89d91409e40f946f9f7cfe422e777e,1,0xf0c0917bed1d2311cfa261493a21ddfc450eeea5
0xb8a2dcabba00da1f77bccbf664f4888a2bb08ef3,0x000000f20032b9e171844b00ea507e11960bd94a,1,0x37ac408bee87714f9f651fad34698fcd7b01b11d
0x9eb32b670e1d04442a0d875e569f2fb184c27625,0x000000f20032b9e171844b00ea507e11960bd94a,1,0x415edeab3153538ad7032b020833d241b1a97606
0xddddac5259df747f9d15b0f42842880e3a60c95f,0x000000008924d42d98026c656545c3c1fb3ad31c,1,0x18dd90d900e8c890128102d2ea9f8c5c48ddae28
0xb4e6826ffccb56cf36b6c52c367a99e1a5ce5b86,0xf174fde1c29a8fd0fd5e694d7038d92542413729,0,0xf174fde1c29a8fd0fd5e694d7038d92542413729
0x5c14a2f53869cb0071a95116dd8605ffbecf5143,0x000000f20032b9e171844b00ea507e11960bd94a,1,0xcaea63b04d517b22c89f5614f46e79e03da8454c
0x7ef152637589b45e339b00b676ddcb37d5f409b9,0x000000f20032b9e171844b00ea507e11960bd94a,1,0x8174fde7368d35ae842f4e2d712de6e3aa0813e6
0xcbc78719bf45dfdcf83c3226ea5d285c74bf3d00,0x05fb8f9e2e126b73d89d10a9136f491557549893,0,0x05fb8f9e2e126b73d89d10a9136f491557549893
0x61a84a34dae31d26fe2b1238eb7a77dddb05c337,0x76f948e5f13b9a84a81e5681df8682bbf524805e,1,0xc110878482c239ffe3d459c57f985365f2d67a18
0x7292b61c192cecbb1ad3fee949d63cc2cb231cb5,0x000000f20032b9e171844b00ea507e11960bd94a,1,0x85e6cc88f3055b589eb1d4030863be2cfcc0763e
0x38ccf7adcdc05048a4c613e5abc2023ca2f08354,0x000000f20032b9e171844b00ea507e11960bd94a,1,0x5b79fc550e3f3d3bccd825175a9a9f728ac8ea90
0xd31f7c7c04e3288fbb88054adf552ffeb5f85616,0x0d22116c9500e56a0ce57c3953a2ce51a2709500,0,0x0d22116c9500e56a0ce57c3953a2ce51a2709500
0x3ded854ef757ec8a0ede5eede4a5b9e5578a1cbc,0x612e2daddc89d91409e40f946f9f7cfe422e777e,1,0x44a68b0bec1c46e31595d3ecad3ac51d3b239f54
0xa4c2acaedc4e3ebd049829a98ee2c9ee2f2032ec,0x000000f20032b9e171844b00ea507e11960bd94a,1,0x5faf2c3b66d522b5be74ca1c1b6b755c240dcb91
0x02577cdf213960829d6de62b173ddad26d593eb6,0x2dfa21a5ebf5ccbe62566458a1baec6b1f33f292,1,0x146ce783ad4542f612f42b5c209c545c2f1fcf8d
0x1e0809dc875aaac474ad4e83eb8e27ac2142dcc0,0x612e2daddc89d91409e40f946f9f7cfe422e777e,1,0xdf8671f53db260239e0ab0af114ac85a0f3ef028
0x7bff9783ec55e016340c1140339363d699c71215,0x000000f20032b9e171844b00ea507e11960bd94a,1,0x014a69a8ee7b0252dc05d6e9c5bcd55952437e52
0x6b849b9e0f6237f0e6be926dfd6d6a288c0c434c,0x000000f20032b9e171844b00ea507e11960bd94a,1,0xb57543232c5d3381237a0751bec425df48faaab9
0x61236f3cc84f73d4ae336b85c896ca9ad92ad755,0x000000f20032b9e171844b00ea507e11960bd94a,1,0x432f4193ae49215d4e5914180e1c6dc932395570
0xdecff839a1f30c20f72a08f2055e505f9fe74538,0x000000f20032b9e171844b00ea507e11960bd94a,1,0xd08a8401e2b8e917c2b3062b1aa8b14eb1b98852
0xf00581a68be890b8ce3062e5559223b002ca1d70,0x000000f20032b9e171844b00ea507e11960bd94a,1,0xca6f5112e964f1b03b0ec8534031c1fc62726d98
0x409d34f0109b3c852553c39769974204b1af9a9f,0xd6c07b167c96dcfe62829d2f900c2bb5119d564e,0,0xd6c07b167c96dcfe62829d2f900c2bb5119d564e
0xa0d1c7730d168f3958c3a8c631b4f9276a6bba19,0x000000f20032b9e171844b00ea507e11960bd94a,1,0xff589fea2df62e7c33d244c6eb45335778a7cb82
0x52f70f32e6201730adaa4143cdca8f1a0d613442,0x875f46b18781b5ff03e02e264eceec0c6c61e56b,0,0x875f46b18781b5ff03e02e264eceec0c6c61e56b
0xe7b9fc8fc618ed329bc41db150fb75fca2f614ea,0x000000008924d42d98026c656545c3c1fb3ad31c,1,0x2cf84928261f655a47d04ec714d3bedf9375de46
0x0a51776c80e2f6af450d4707392e5bf340e949c2,0x000000f20032b9e171844b00ea507e11960bd94a,1,0xa87139ab9e167243d41b16a04a6b8e6435907f3b
0xa73dadeb04a360acb980462883661c01736a4232,0x000000f20032b9e171844b00ea507e11960bd94a,1,0xf0c4c21a0522683eeb712ba4e310596f61763400
0xb2f7df3f48a86f7b808bf5fb0cc4cd7394e06f31,0x612e2daddc89d91409e40f946f9f7cfe422e777e,1,0x6a1612410c40f3147ef5b531c759d095e8239dca
0xcb79fbc1237f7e85d79cff41e5d065eb48434f7a,0x19eb78ab048225f38fc4cad6b8f5e08401c521ab,0,0x19eb78ab048225f38fc4cad6b8f5e08401c521ab
0x460b1b0f69def9526dce4e3e4b9754cfece160be,0xd5fa40f560a30a517db861e9c9e1e6be200b13ca,0,0xd5fa40f560a30a517db861e9c9e1e6be200b13ca
0xe1c3f463e2f57752de04a1333aa55970819bdc4e,0xcb195a6748b85e1e62afe0c838a24f55c2ab649e,0,0xcb195a6748b85e1e62afe0c838a24f55c2ab649e
0xf79da9e6841242acced0d69ed6d1689e79f03bcc,0x000000f20032b9e171844b00ea507e11960bd94a,1,0x88926ba1dc6f77ea787cae755629a111d00b9c99
0x57a1e5bed6997668cab6f1aedf712114926f721a,0x1516dd7d6e03efea3c6c4029a87d2759418deb0b,0,0x1516dd7d6e03efea3c6c4029a87d2759418deb0b
0xe905c6d55c5a869b6b5c16d7553ef4611888c461,0x4af42b8a2f5bfb5948d634841c30b46424ee321f,0,0x4af42b8a2f5bfb5948d634841c30b46424ee321f
0x31080bfe8ccd45db130b61415b6bc4b542cc0096,0x7354936bc7a72c8baf5a2f9262e70a52c427be4a,1,0x8b79fa779af9391a10c5010101c180534ee9af4f
0xc00cea60c62bee3eb4c5178ff995d6ca2956c196,0x000000f20032b9e171844b00ea507e11960bd94a,1,0xdd3bf0ca6929399dc5c5323d44de0505d795cb82
0x053251979ec1521670c259b93592a52f6131fedd,0x000000f20032b9e171844b00ea507e11960bd94a,1,0xe7e1da98a93248b23719908ab3666150d96cf9c6
0x501ea4355045994e17735da1caa50f74ba334ab4,0x000000008924d42d98026c656545c3c1fb3ad31c,1,0xf5a1ec4cf41243371c8b84d8841f0d24c766b57d
0xe80584bde2596250631ca3bd2abe6651132b1396,0x000000f20032b9e171844b00ea507e11960bd94a,1,0xcbed583c479c512d86602802316659c48c391c3b
0x939c24b177d9f3019eda5b5e4394ef1742470283,0x000000f20032b9e171844b00ea507e11960bd94a,1,0x119ba9d08ce7986c2e73ad4d1911dfc76e9a7285
0x46bb5f7b889068297651c587f63414daed14e7c9,0xdad130f0eb6eb9ee8259a85b85c250c9efcaf9fa,0,0xdad130f0eb6eb9ee8259a85b85c250c9efcaf9fa
0x3a4069623c97ea2fa21a7aae96b64b1a98908530,0x612e2daddc89d91409e40f946f9f7cfe422e777e,1,0x1246708d54efcb167ad3309d83b0491b58c534bf
0x13cd7c7f8f3161c4cfb99bc631b914955c7bc8b4,0x8d1fa935e5e8a5440c9efc96c0d9ff387ebb179b,1,0x427946842a0ccd123ceb424a4d5cd71ccf20b1f6
0x158339eec37206e20e6210fa4033ce8b66e64560,0x612e2daddc89d91409e40f946f9f7cfe422e777e,1,0x4698917d0f308658270faf65973a9872b99215f2
0xb2a98f559ec74745da3016fc047fb9c7ae4786fd,0x000000f20032b9e171844b00ea507e11960bd94a,1,0xf1634cfd8919af13f313c1d4c348792a02c31185
0x923dd1df6a5e2813eaf9bc1c38c2e8158297c6a6,0x000000f20032b9e171844b00ea507e11960bd94a,1,0x515bb6814b58d0707de1784eec07952963d48c91
0x332e9d1c23b3760ccb24cc42437027edc762379a,0x612e2daddc89d91409e40f946f9f7cfe422e777e,1,0xa9bd6caf5264c5a994e3bf029f6173823604c67b
0x456daa531db6478027d660463d682b9bcfe4a719,0x000000f20032b9e171844b00ea507e11960bd94a,1,0x5dd62faacc6b2f6590199138bfde0ca0cae2a069
0x0f2791258c0ae484afbbd04302eca331aeed96e7,0xbfacde4341f32b5f77ad81831e128ede4b5e6073,0,0xbfacde4341f32b5f77ad81831e128ede4b5e6073
0x1330a47a95b2b2cb15c599e527a1ef77e07ade55,0x000000f20032b9e171844b00ea507e11960bd94a,1,0x8d5a77443ab176fe7d845fd4b5f6ce85122958a0
0xd6b665b655f75985c51745e933699bfba1babba0,0x03ee832367e29a5cd001f65093283eabb5382b62,0,0x03ee832367e29a5cd001f65093283eabb5382b62
0xd7ad436c85b3cc97c61f0aec2713d18ff0a7a456,0x4d429eb48356d05acb879917ecfcfe8787f6552a,1,0x124d1d074002c0ff5a34aa60404708fb5ab838ad
0x2888dde183c89439bb20430ad3e5847d21a5282f,0x000000f20032b9e171844b00ea507e11960bd94a,1,0xb363ccf309c5c99394fe3cf1af6b457c0727b152
0xeb9dce36180e3490be5972288780e25e0e981580,0x000000f20032b9e171844b00ea507e11960bd94a,1,0x8f1604ab131aaca323f73f9018230bd1decfae63
0x6a76d286e4e684fd844220de0ae486cb40208503,0x000000f20032b9e171844b00ea507e11960bd94a,1,0xf0e48bdca354e84bb58b66fc1092f4a6e1461af5
0xf4bcaaa26dbc22ed78c18cb35871a4d31460f910,0x000000f20032b9e171844b00ea507e11960bd94a,1,0xfe58952786b5f3c05d65c28ce949aa9ecce1eede
0x5c522f5ea4f6358c35792f67654d30f58a2c3c64,0x000000f20032b9e171844b00ea507e11960bd94a,1,0x0f7f376b90e96bdeea901c4f274df533bd2692a8
0x9f33d7d625eef3efcc7ca1d206845b93683e7a49,0x000000f20032b9e171844b00ea507e11960bd94a,1,0xea645fe39aa4020f0a15d21b168c3bca16a127fd
0xee350a4d97bacbd87be22d0c34ce69e471eb90c5,0x612e2daddc89d91409e40f946f9f7cfe422e777e,1,0x2710dea7181445b0982b0a51366c3071f07d962f
0x610499b9cf2fd4a3f03f7e93f6b6fab07e0397f0,0x008c7f7f0f1af579ca34c005ce56851b6b60ef0f,0,0x008c7f7f0f1af579ca34c005ce56851b6b60ef0f
0x5b24efb5e965312a8576068c544c84ba42b6a1a6,0x86d89966f507bbffddf9a5dff22ef5609b0c80dc,0,0x86d89966f507bbffddf9a5dff22ef5609b0c80dc
0xd94ed1d1ada056a9bba43a3ab52942673599dbab,0x5d481d75fbbe9ac4322ef0be9167a7f23d64c9e7,0,0x5d481d75fbbe9ac4322ef0be9167a7f23d64c9e7
0x9134251dcfedb7b668fb075fdd2873a33b029dac,0x92c159895901439caa212997d505083a2fe88885,1,0xc716cee0c568601094bd045ddf8b1bc51a90263b
0x7b24a8b4363116211b839debe9795b26a6683bac,0x612e2daddc89d91409e40f946f9f7cfe422e777e,1,0xe23b527e37452e3eda408f1dc0bd56dcdb5e59e6
0xa266bafe1b32ac845736e000aa411b8c3c6ff9cb,0x6b62dcf7391bbaab10221022d295596b0518c485,0,0x6b62dcf7391bbaab10221022d295596b0518c485
0xb85893776b5abe49a29142bfd01e8810ed9381f9,0x000000f20032b9e171844b00ea507e11960bd94a,1,0x90f47f6fd68300bb33489ebf0ee7885e7c2a5341
0xba1659d83d95979f70e9172d5cedc1f13d3735b0,0x2d0bf3d19c95df4cecb72ab6ef7a9769cc80b79c,0,0x2d0bf3d19c95df4cecb72ab6ef7a9769cc80b79c
0x1ef1feab8fd7eea1d66ffb0c7a11a5db4c7cf4c6,0x0000000000003d61b3d0a96b70b9c9006947759c,1,0x5da61c032f51069e061b6dda23ffee30c463bc52
0x6396dadafc97d4187cb5a44b0a44da376e6c7716,0x000000f20032b9e171844b00ea507e11960bd94a,1,0xf4c3547400def9c4efe62e6a2789b4dbd82cf332
0xf5c3aac462b7bcc93f2c556c029dc2f2fee45a5a,0x024d93cbacd3e58641c97f6e4081213746d98c98,0,0x024d93cbacd3e58641c97f6e4081213746d98c98
0x6fdad4646f32ff366cbdbde336287104fd51bd2b,0x000000f20032b9e171844b00ea507e11960bd94a,1,0xac0585ee326d071936247fac8c57f72b821f78b6
0xcf89d46fe7b7c550e8b35d3dffbe1e288c2313f5,0x7354936bc7a72c8baf5a2f9262e70a52c427be4a,1,0xdd033eb50b811434a66de2c08a5f1ce64e74cb34
0x2dc654f0a7dbafa87c14267fc77d797733dd0f25,0x76f948e5f13b9a84a81e5681df8682bbf524805e,1,0xff1896cfc912ceda37319eba452906dea8cb343c
0xfafd3b8d827ac09f1db07d57f3ebda8e7560e768,0x4904ba3148147d2f78b05a8446c01c48a7aba4bd,1,0x4eb4c881654663170cd2c2ac683559ea0088d97d
0xb37ed97d6cc39d4c68ac52dc023cae3eeda5c55e,0xe5cea1d7845c72126cebac0dbb5e82d106aeac76,0,0xe5cea1d7845c72126cebac0dbb5e82d106aeac76
0x7eb8b4c281142d7012549d48d0614b029dcc5adb,0x000000f20032b9e171844b00ea507e11960bd94a,1,0xb36d1656923c9d6b42e655d4451e5e0c42a4b36c
0x045c50d08abca07b8c64704f20da053a30985749,0x612e2daddc89d91409e40f946f9f7cfe422e777e,1,0xdefd8563a7a48ed8d1175319e4ecfb477921d5e2
0x2c6b0e279ead5a6f925c646683d4b8749f4a9b9b,0x000000f20032b9e171844b00ea507e11960bd94a,1,0x93a10bf85a321f3528276fcbab5ae46620d2f89e
0x27f9f6b51ae45dfd61e5dade9baf43c9838f70a2,0x000000f20032b9e171844b00ea507e11960bd94a,1,0x6d2b7f7b94021a64d491532cf6296b57f1bea94b
0x8ef434b96c2f5468faeff375bc58df655ef747de,0x000000f20032b9e171844b00ea507e11960bd94a,1,0x6fc9195e777408b46f998f00e357b3da1977c0b8
0x1a4415e771838f98daf219ae76b5f770cc827855,0x612e2daddc89d91409e40f946f9f7cfe422e777e,1,0x0aaa92f5aca880179e6c53f13c95d42537b2a1b6
0xd25d8c673a4527fbb84e16ea93474548ec28d981,0x000000f20032b9e171844b00ea507e11960bd94a,1,0x97fd15832d63a200578bd12d7e5b92fec6cf738f
0x82fc3ca1ddefb2bc831d2ed94537886ed2ad0d9c,0x5dfd6a36ffd09de5cf03b520d013f207c8775a18,0,0x5dfd6a36ffd09de5cf03b520d013f207c8775a18
0xbe326fd361033f3680b3d86124b9ba43279ee655,0x7354936bc7a72c8baf5a2f9262e70a52c427be4a,1,0x1e1d2b5e7fa10be4cd5b04985722768f34928509
0x7d26235c3beedf5646a2d8767cfe6b1dcf74d58c,0x000000f20032b9e171844b00ea507e11960bd94a,1,0xfdd014f4b85f45b6cfdf79422a24b0c670c1154a
0x304b1ee079e11bf1c22dddfc91251f032b04bb0c,0x000000f20032b9e171844b00ea507e11960bd94a,1,0x57c900c694b97f87be858dac5bfa2131783e9186
0x4d1ee91062e7ef478050c851c9a20805c9900f60,0x7926dbf02d242ddc4c7b60333f719fb625aa33e5,1,0x9b6a9fec79078e59bd8b2970590585f305300457
0xec33944d11d0d4db3133a9f4383dbe82b2098d3b,0x0e11acba47383458fa9d5a22df25cb7e6fb98de6,0,0x0e11acba47383458fa9d5a22df25cb7e6fb98de6
0x5bcbc0587a1faa2cf4b31e5afbb8d2a0afa269f7,0x000000f20032b9e171844b00ea507e11960bd94a,1,0xe1352d9ec20e567d1d09a050d7929ffa1210826e
0xdd77e85716a992405334f27cafc781012947df21,0x000000f20032b9e171844b00ea507e11960bd94a,1,0x2136f167a521b4bbd5f4fa7ff20ebcc910c8cc6e
0xb45317f452f669ca102b30328490a0c49ad70db6,0x000000f20032b9e171844b00ea507e11960bd94a,1,0x798f6eb6632baad7c35a22ebeef0844d5500b416
0x9c8e01092a31826cee9efd753088e80ab218dd34,0x612e2daddc89d91409e40f946f9f7cfe422e777e,1,0x78aeb88cb08211146e61f0080d1f002dd6ff358f
0x8e405307b978b5ab6b359efc4cf463ca307a0a02,0x000000f20032b9e171844b00ea507e11960bd94a,1,0x2af250ab4e2e41ac4f825e7b99c84e92b92314c1
0x200d51250fec8d0ffc6b6f130886e2c45ebfdc41,0x612e2daddc89d91409e40f946f9f7cfe422e777e,1,0xd5953cb93a512787ba8a0c7cd2eb35ce15119406
0x1169c691971f1a1c23e7e8a9228f4bc2b8044c50,0x000000f20032b9e171844b00ea507e11960bd94a,1,0x579cb8153b613b688de326a82dbc8a035b4683e0
0x0e38e8569b9652a430a0f536a405fc978d77f990,0x000000f20032b9e171844b00ea507e11960bd94a,1,0x45346b91986e23d84448769f7dc3307603490859
0x911a20d8ee2fae1c588d48a8e82b31ee71b17bca,0x000000f20032b9e171844b00ea507e11960bd94a,1,0x36b638ee6a2a50ca169770632f3ec57640b8a749
0xaf23963f6e0b7b8a58707adfa2ac21b95c151436,0x2791eb71c88a36dcbcf3aa772aaf4e4122cb716c,1,0xb9d5c93ec9aba93180ddd00a628e8facc3103039
0x3ae3c058469e1f02cc1e2854172a5845508c3575,0x000000f20032b9e171844b00ea507e11960bd94a,1,0x73b24e1a8b159741978bf9ec3621874a0131be90
0xfaaa35faf8a3badb78d2f9e28713d7b3cdaf72ef,0x612e2daddc89d91409e40f946f9f7cfe422e777e,1,0x4a9b72d587602315c1951f53a7ff40e11dc46179
0x970c2baa5e22a3e74e42affe674522e32eb5fefe,0x000000f20032b9e171844b00ea507e11960bd94a,1,0x4e0988b00a3aeba05f69c94bc76fcc1ce3f26f5b
0x9d84f0bd70937055ccdafc0f3c5bbc187532dacd,0x000000f20032b9e171844b00ea507e11960bd94a,1,0xf7f94caa4083cae21ee4665737cac0bbd0bde43d
0x86d023aeb8f5c30eaaf6c409bf710c9499f8642b,0x380b2b75eed55b3429482e70cee201b4aca82965,0,0x380b2b75eed55b3429482e70cee201b4aca82965
0x2d5c55ba8875601ad07d4039d210a753882c55f7,0x000000f20032b9e171844b00ea507e11960bd94a,1,0xf4e2235ee49b0a5ddfad877565376fb3c4f99c46
0x83c6dab0bdcf6d0177a1c3718c52bef34da2e71b,0x69e2adf92dd9e69400d6a7ad6247a3d60bbec3af,0,0x69e2adf92dd9e69400d6a7ad6247a3d60bbec3af
0xa8bfb2e5f719e1724c0a0fc2dec6bc74bb155a52,0x40d744990431fb691e82de1cfe1583ecf04e6987,1,0x6ebe7f9cda8619ab2c508ba6c8f6675836185e0c
0x7b95c095efca596f31d5434002cf63941cbfaa6b,0xa6c5f2de915240270dac655152c3f6a91748cb85,1,0xc5b009225d42513343c99cf2e4ce60f11ddcf6c1
0x2c129624a77f76515c47347d4f7171a9b1a128e9,0x000000f20032b9e171844b00ea507e11960bd94a,1,0x8332341acd197865ef539873b7d37f8c9d268298
0x11b76ddfdf75b2b4324f86a14bfb762c4bfb2e89,0x612e2daddc89d91409e40f946f9f7cfe422e777e,1,0xe7540b681db047fbf0e49cd5d7b213b31499f4da
0x7964c5533f17ab2d382d6e916ffa56f2867adfbb,0x4aaa1b1467ed51977e86c828cb10fc63a22f2cd6,0,0x4aaa1b1467ed51977e86c828cb10fc63a22f2cd6
0x3dd04a4f02719eeeca587de988a9a0acb11e6893,0x8f920406fd274470a219616a81aac208f5ec64fe,0,0x8f920406fd274470a219616a81aac208f5ec64fe
0x2e369a36a251d92d53830cc3b34bdc64bfca8cc7,0x612e2daddc89d91409e40f946f9f7cfe422e777e,1,0xb5c9d75fb7c5d2682f5292b8db3bc549bed108fc
0x8c06fe87b3ea5fd46512ae359c5e4068f97e7886,0x97be94250aef1df307749afaed27f9bc8ab911db,1,0x53dd53daf8f112bca64332ea97398efbc8a0e234
0x45243485bc5504ea73b4921d0cd0ac845dd30c81,0x612e2daddc89d91409e40f946f9f7cfe422e777e,1,0x3dbe365ad85a82bbc27570799fe1612e6a55de1f
0x56ed0d51fc16ffe46f289ebef43438287bf7f10b,0xde7df94df79786184b6d98a2bd6c4a3a79551dc5,0,0xde7df94df79786184b6d98a2bd6c4a3a79551dc5
0x6344a0bdedd0b2382a916ebf167c3021598c598e,0x859e3e6069bf96f4fda3e34750595a20a51f1e6f,0,0x859e3e6069bf96f4fda3e34750595a20a51f1e6f
0x5d5a7601663948abe45a7345e7b42218d8ea4e72,0xa526a88e75c1543c545bea2d6f56706bb9884b26,0,0xa526a88e75c1543c545bea2d6f56706bb9884b26
0xa98956c45fd65b20af1a96b1fa46504adf2067a0,0x000000f20032b9e171844b00ea507e11960bd94a,1,0x2876fa361c58a8c9fcbacc6dc279e37017ff1541
0xbe1ebeca0baa0dc270115984325b89d627e8edfe,0x000000f20032b9e171844b00ea507e11960bd94a,1,0xc80e1addee6ef67174eb9f81f958bfee8f5fd142
0xd9cc9498adf4c0268622548249b007ecbacc5371,0x000000f20032b9e171844b00ea507e11960bd94a,1,0xca1dd8550df37341aacc7a30487e4e7317e30594
0x973548e3a3c1e3f7fc473ff2da85e3f7dd70aeb1,0x000000f20032b9e171844b00ea507e11960bd94a,1,0x99b3d25a865513289c554188c9be907c99ee12f9
0xf57b99d24faef110a6d292be1512fd185e0c88a2,0x78dbf42a5271c96207b227620f27d35f4ac80501,0,0x78dbf42a5271c96207b227620f27d35f4ac80501
0x4b424676d1a78fa49c9441fbbc8402b923b25acc,0x2fce7c231070932914962b69edaabeaedab85a07,0,0x2fce7c231070932914962b69edaabeaedab85a07
0x8d51bfe9e9dcca5f7d008592410d7216e4538a39,0x000000f20032b9e171844b00ea507e11960bd94a,1,0x572290a7dd62e8d03e1bfd0fb122f80e7c97c2cf
0x3ec2f4ec662a62ca5e2eddd3e0f01ac962fffec4,0x612e2daddc89d91409e40f946f9f7cfe422e777e,1,0x91b52e9833dc4c681b5419f3e96093e85bbe8f91
0x6134a739f068f2e287eb514592665ba705f0ade2,0x000000f20032b9e171844b00ea507e11960bd94a,1,0x1ce6ea6de4d8c408813725ed7093b6c8ce456605
0xd6e4ab0ac881f40de14b5a139fd42953fad05d36,0x612e2daddc89d91409e40f946f9f7cfe422e777e,1,0x61de6037a00e86fcaea09a5deb4f76ae82154ac0
0xc5b48e848589d80485c3537165095667531bc6d4,0x76f948e5f13b9a84a81e5681df8682bbf524805e,1,0xa646d4ade748b1b06f5cae56c16f8aa94ff12a60
0xa00ac88206b7dd20da5e200cc67a9bc84a088891,0x000000f20032b9e171844b00ea507e11960bd94a,1,0x7650d156490bf45cb1510348cb2012368b137b35
0xf2fd597c3758513e326ea331bd2eac106fe09188,0x000000f20032b9e171844b00ea507e11960bd94a,1,0xb91945c1cd6a432c5f2dacc29214fba692150c3e
0x2f89a4a982c536b6f5bbf5b515ac6522a6a190dd,0xa6f5c199b365ab3cea53f6bd06cabb8ed0e31889,0,0xa6f5c199b365ab3cea53f6bd06cabb8ed0e31889
0xb3157f079a131e57b94dbf5b7b98a23f117a0c5b,0x000000f20032b9e171844b00ea507e11960bd94a,1,0x94a6ce3828d405fa600ca3bf07738606998263e6
0x5ad5fbb92b9dd90efed35f134bee7457127d6d6c,0xc2455943680dbd91c4f385de759ac15dcacf52b0,0,0xc2455943680dbd91c4f385de759ac15dcacf52b0
0x56c3243ff5b9a679944fdbaa8001974adb6bc366,0x000000f20032b9e171844b00ea507e11960bd94a,1,0x1cbdda00444628813fd979083d6389ccee75e8fa
0xde203015f6840b9d18739e09655125e8d24a4438,0x000000f20032b9e171844b00ea507e11960bd94a,1,0xe1bcfe4b94832c45ddb35f6a9a3ef2a861a072c1
0x56c068bb972a45e50bd7d773ec2ef49db13f249f,0x29d7e1da8daca7a9d1edaec80255bbaf0eef594a,0,0x29d7e1da8daca7a9d1edaec80255bbaf0eef594a
0xb091cb20826cd5d09ad8b7d072a6776e1a1b52e8,0x000000f20032b9e171844b00ea507e11960bd94a,1,0x7674bd6d1f4b694d05795a504cedc4e21606626d
0x7d631beb57f5ffcfe2259cc8e2814beac90d0a61,0x000000f20032b9e171844b00ea507e11960bd94a,1,0x7b78f0729115e24985860bfe03fcd9183644b109
0xf05887d5ec9d51db7ae3117b6f1f1da5e9416a05,0x0989cd2871b36d638140354731301a32d2409c3a,0,0x0989cd2871b36d638140354731301a32d2409c3a
0x4c4b81cdb37f5319bcebfff4669bd35e8d63a61e,0x49a6374a6d792b345f7029577a3b7bdadb29cd80,0,0x49a6374a6d792b345f7029577a3b7bdadb29cd80
0x87c0b67dd2a82f9a9d811313c4bd3d430e93aca7,0x612e2daddc89d91409e40f946f9f7cfe422e777e,1,0xab7e2d187284a1876a56e20f282e7092e5a39f96
0x5a65e77ac0dc83291c415effa43b74380bb7902e,0xc605040ef710c84a02e654e73a3e3fe0dd3126bb,0,0xc605040ef710c84a02e654e73a3e3fe0dd3126bb
0x1ef27cea38f4c42db4a1dd8d448b6581e80989b1,0x000000008924d42d98026c656545c3c1fb3ad31c,1,0x560acc4c3e826249a7b3f6969a03f2f8a9c61492
0x6e91e4e12b0ab3fe1a1adb139f62bf3c53b69c49,0x3b612a5b49e025a6e4ba4ee4fb1ef46d13588059,1,0x5b38576cf213064ef9582e2b90ad30adc3de6add
0x558bfff0d583416f7c4e380625c7865821b8e95c,0xbd6c84b3d0cf40e91b396101873cf4a2a4dc868f,0,0xbd6c84b3d0cf40e91b396101873cf4a2a4dc868f
0xa2a37cf27e9ff6b0daf5733f91e5d9a97f83993c,0xb46adfe7e10675b1e43f9132da7f00a9ad3642f3,0,0xb46adfe7e10675b1e43f9132da7f00a9ad3642f3
0xe2eb284a0258e5855f3bbb4cc96376f7b2a43d70,0x3b612a5b49e025a6e4ba4ee4fb1ef46d13588059,1,0xb3df34f20ca9d2f3ffbf75b6247af60179ca6fa4
0xffc81a2b3e56bd7d9084f149f13447f17d844565,0x3b612a5b49e025a6e4ba4ee4fb1ef46d13588059,1,0x29d7e1da8daca7a9d1edaec80255bbaf0eef594a
0x411f88c6793696047dc6c4a9e35a328224898fe1,0x5dbc7b840baa9dabcbe9d2492e45d7244b54a2a0,1,0x72e48baed51b4c0af5d819f6c4d46a9e14efd8f8
0x6e885573873f51150e40e09f7c34ee3cd92c2a27,0xfb6a2267f6cf9c98a121c13cb7545c2fae295fea,0,0xfb6a2267f6cf9c98a121c13cb7545c2fae295fea
0xab40aa02f4ce76648475e26a82290bc8966be719,0x3b612a5b49e025a6e4ba4ee4fb1ef46d13588059,1,0x9254fad610d5af7c2af34532f41dd8c0f9c6871a
0xf548054dbf7ce3f1b57e497b488b9ef86234e70c,0xdc3f4b133561ab3278cf50740b9b6ac6cab34ff1,0,0xdc3f4b133561ab3278cf50740b9b6ac6cab34ff1
0x3f83636a1d95af384d64d0a9451fe2d7cb607b4b,0xf794e26f81831028a9b54314722224b9d7bd9af3,0,0xf794e26f81831028a9b54314722224b9d7bd9af3
0x7a9460101d36f07e85123f604d4f76671dced228,0xd932b57c2a2a019c5b5924b86134faf51280f956,0,0xd932b57c2a2a019c5b5924b86134faf51280f956
0x9c4c633600480ac51433d0632ec62665b5fc6960,0xf65a82a76874659444b704e75875921636d493c6,0,0xf65a82a76874659444b704e75875921636d493c6
0x375dfbe7ebdf082276fc0cb9447932dc1bb6e306,0xee90db0019c39a2e67ef548574960089effc6aa3,0,0xee90db0019c39a2e67ef548574960089effc6aa3
0x31471e91587dd0f072d6ba6f7f6a3ec49b707691,0x612e2daddc89d91409e40f946f9f7cfe422e777e,1,0x34e450644197d1182bdec90d2b1995020e930bcf
0xc122f1ba8255117025c82d08be59062746eda2bb,0x612e2daddc89d91409e40f946f9f7cfe422e777e,1,0x93be35d4e5737a20206fb74aef5820747f15da57
0x3597aa6690a3bd0df71ce98f19448dc9c4a1ce09,0xf740a4d6b0d35e3289af8f3a6767836744c3377a,0,0xf740a4d6b0d35e3289af8f3a6767836744c3377a
0x3eb2cbbc29f3facc98062e56ddf999b2b133ab31,0x7330f16e318d56734c7a9bef9bbdfc457acd7ad7,0,0x7330f16e318d56734c7a9bef9bbdfc457acd7ad7
0xcafa2eb89275e0028d370a8d0239b9c3ea2b9644,0x612e2daddc89d91409e40f946f9f7cfe422e777e,1,0x9dbe76805de4a78d39aabf8179fbb4c0405d7b1e
0x7f16b00dfef1dc2f718d834dc2a5fcfbf4d34dce,0x000000f20032b9e171844b00ea507e11960bd94a,1,0x803bcfe2fd53edd980c576b6001dacf19751bbdb
0xe865a1972e247ad6efb9c10d9e51d775eb963abe,0x61d910d6332f23b39d4c727eaf8f1dd288406e94,0,0x61d910d6332f23b39d4c727eaf8f1dd288406e94
0x937f4bdbfa96c456c72f599f3de486973996bf49,0x000000f20032b9e171844b00ea507e11960bd94a,1,0x6839d423502dd503565232ccd45bb0fa758d3fa2
0x44c82b4b5ae1930351ebefff6959d053ac8830d7,0x58add5015bf447ed729893a9af6f60d8bb62504c,1,0x3e4ddbee19677891c922d803b4a360b477ad8324
0xabc4b7560cd416adb7538bc9051a2accaa4e1c97,0x000000f20032b9e171844b00ea507e11960bd94a,1,0xe0ae8695af5e7704cf6142bd71b49855b269201e
0xda6839c54164fa91a92eb1a1d5e410757c2814a0,0x612e2daddc89d91409e40f946f9f7cfe422e777e,1,0x0e8caf9eca5e45df0e6f50f58a5bf664db1740c1
0x2d1a7b49a29459e77991e376fff138297821913d,0x7311cdb25a1d59c2cfa3522947e7b79e969f9552,0,0x7311cdb25a1d59c2cfa3522947e7b79e969f9552
0x5513a5909fa4f2129b1376c46f0cf403502f2fec,0x315b1490a0318fc4c443348783daad91651e5e85,0,0x315b1490a0318fc4c443348783daad91651e5e85
0x20960e1bcb8743945ed43da54ed1c828d2150010,0x612e2daddc89d91409e40f946f9f7cfe422e777e,1,0xb2a454a439bb761d76b7ea3fdbaf49c5fbe5c117
0x2ec3e9aa4fa3289685c8ea3b73264f991845bf02,0x19478179ef8bb7c4792a4041903080e097d137dd,1,0xf22f5a1769080c59ce09016ba7561219cb88a17f
0x32e64aa3b473ed6207c0803f35b17abf4f124446,0x000000f20032b9e171844b00ea507e11960bd94a,1,0xf4317fd642604a83776252fddc31991d05ed5224
0x76ad9fdef8f49c5d30038fee65673725cefec460,0x612e2daddc89d91409e40f946f9f7cfe422e777e,1,0x5c8302c6dce96de494ba1039dc8d328ab556d602
0x5f4bf2e639e59a69593b1dbbd0803fb736c5de16,0x000000f20032b9e171844b00ea507e11960bd94a,1,0xb0599a55d9d18865ea17235b720fa3d719d9f62e
0xbc89aac150259a935416dee55ac098bc186920b9,0x000000f20032b9e171844b00ea507e11960bd94a,1,0x19517240eceb99656b6c6af787c064b83eabe60c
0xcf803d23fcbafaa1ef6d291b085a70f38a855307,0x76f948e5f13b9a84a81e5681df8682bbf524805e,1,0x13b2dfde13262a04b4b9449ad5f4c5d5a02957ff
0x045a9aee918674875ca88d33ec55c86025366963,0x76f948e5f13b9a84a81e5681df8682bbf524805e,1,0x43438a38927dfe9b918e65bce10ce25042c38ad9
0x581571b91fdb45d3d7ee816560ebaa5bf566e182,0x76f948e5f13b9a84a81e5681df8682bbf524805e,1,0x43438a38927dfe9b918e65bce10ce25042c38ad9
0x869fac2ba0e582b773129fe3c97b8e2655701cc4,0x000000f20032b9e171844b00ea507e11960bd94a,1,0x03b2f9b059460e53cdaac57a49522933587888e1
0x7ae3642d4d6c9df04e7b235b3fa339d0464c7c80,0xd44dd63072aaac9f2877664f4aae46ffa2fc3333,0,0xd44dd63072aaac9f2877664f4aae46ffa2fc3333
0x2264687ccfbae1e9c98c40d1c424c16b6b9d67eb,0x612e2daddc89d91409e40f946f9f7cfe422e777e,1,0x56d99f6ccfab68fc9f0de1bbd132439436475a6f
0x13f4dc963ddd2ec0160f6473c69b704b0e8674fc,0x45fa3ec833b6a0bf1ab27c8dd33ae03baacc3aa4,0,0x45fa3ec833b6a0bf1ab27c8dd33ae03baacc3aa4
0x725f663509e413f70a8b63037be6590c01bceb2f,0xd7b1c5afc105e0e70f78b66cdfe977aef80540ba,1,0x45fa3ec833b6a0bf1ab27c8dd33ae03baacc3aa4
0x1ce09182d9f46f59357bc9b17c95bcbef50cd3f5,0x000000f20032b9e171844b00ea507e11960bd94a,1,0xa159f63c654270c1383db21455dd9e1bd15f92ec
0x176d7f532d63fb6893bca4fed1f6fc657a8152f4,0x8aa96bcd27b387e07ab5d14abca251dfce0dd8b5,0,0x8aa96bcd27b387e07ab5d14abca251dfce0dd8b5
0x8d08821d93a239df7dc136e903bd2b81980fec9f,0x000000f20032b9e171844b00ea507e11960bd94a,1,0x58c6d531cd134ab20675727197c23ed1bc2ce491
0x095ec922db36aaef3f3f34f24c7c999d93704f59,0x000000f20032b9e171844b00ea507e11960bd94a,1,0xb8bdb23d9b734d868ec014bae11d2169241e2ec4
0x5662f45a7065d6539d841e5568f3b790fd77f564,0x612e2daddc89d91409e40f946f9f7cfe422e777e,1,0x4aa77b75086adcc5aadbcbf9163d8cc70be460a1
0xb4054d394106ecda8e6ed94469b43f5d5a71d50a,0x612e2daddc89d91409e40f946f9f7cfe422e777e,1,0x08e17931bc15ad5177b609e3ab112122515ab43d
0x6e5aa7180704fa865a1a6518683f7e5c7e71ab9f,0x76f948e5f13b9a84a81e5681df8682bbf524805e,1,0x4b86c01e49c70cb7adbfda7570e627420105a761
0x6f8c3ffb7a3cf0ecc0e3d7abc27f6cf68fc3ce67,0x20a15267c36164921819dc187f8edbaffab9851d,0,0x20a15267c36164921819dc187f8edbaffab9851d
0x6b50e20e4cde72eb491a4574adcdf52e4c22a4c9,0x000000f20032b9e171844b00ea507e11960bd94a,1,0x2343aebf20165f12fedc89455df7a62a1da5c054
0xd1296109019807c6b0473edc42e5c1c2aded052b,0x612e2daddc89d91409e40f946f9f7cfe422e777e,1,0x3d96b47d7743bbf9554d1a44353bac120920a03e
0xd638dbdb7beb7b47ecd53b26fdf07164a677e566,0x000000f20032b9e171844b00ea507e11960bd94a,1,0x90b61921d5f5dede133e26ecc78c4565fcf0cdb1
0x4382269290c91d0206ed246b2a257a5343eadf2c,0xfe97f19eef1471d7a486c4282d76e1607de2cc4b,0,0xfe97f19eef1471d7a486c4282d76e1607de2cc4b
0x95168045ef4bb063329f2193fe1a4cb6fdd20f13,0x7354936bc7a72c8baf5a2f9262e70a52c427be4a,1,0x8b79fa779af9391a10c5010101c180534ee9af4f
0xeff8182e8993d5e927ae7eb2ab8258701015e53a,0x51047ac8977d0dd35f3e1f35d75ddf81b8989f3d,0,0x51047ac8977d0dd35f3e1f35d75ddf81b8989f3d
0x0a4b81d048784546b846851f0b822a120cdf485a,0x92c159895901439caa212997d505083a2fe88885,1,0x03a5950c0c5324cdbfb01d6aef719fd389ed9867
0x3060ed7506f3e0449d999314816918bf70cc2248,0x4762b5ac03fc097a500b48cfefffc027e8b37227,0,0x4762b5ac03fc097a500b48cfefffc027e8b37227
0xcb3a2d5885a165d31734cb880f38af2ab3ff4bd3,0x000000f20032b9e171844b00ea507e11960bd94a,1,0xa51eee0e3481066958ec229d63bac7a51a8c1576
0x0b1d6690b6e21240ffe8a00a00fc83cca1ab58b6,0x76f948e5f13b9a84a81e5681df8682bbf524805e,1,0x629f83c86fce011aff23a83e246aed90a452f35b
0x5ed957721e48ab09ea46faed1b7603d587135c08,0x000000f20032b9e171844b00ea507e11960bd94a,1,0x012acf70b23eeb7ef05220b5b8ab36beb880d6ce
0x4ecbd3b643b2492e6dde152e10e98a82dff601df,0x000000f20032b9e171844b00ea507e11960bd94a,1,0x46ce92ff0519d47aae71acf69496e2fe1bc0c1e9
0x25af820895f7d4e7208138401585326729750a45,0xb61672ea06eba951c046321f86949905aba23937,0,0xb61672ea06eba951c046321f86949905aba23937
0x4e57caec6563a1c185b7ab23ea00feab4defae30,0x5e8dfe47fa66c7a4e8106bd36c50f7d574f1d612,0,0x5e8dfe47fa66c7a4e8106bd36c50f7d574f1d612
0xd417b45327181867f0ef941cf57297c37d8bfdc6,0x98250d9090e9db1b979ea1115e8cd15d4a414690,0,0x98250d9090e9db1b979ea1115e8cd15d4a414690
0x8cfad4d1162ace0ff73ecd8d60bb48c8c7434feb,0x612e2daddc89d91409e40f946f9f7cfe422e777e,1,0x10dde99609b656b8a23ac4876657690f1622e084
0x71c1ff60802a5909e8ba486a0d94ffb6f3638c77,0x000000f20032b9e171844b00ea507e11960bd94a,1,0x59227ab1bbded2e3e927b728a11d3934ebb62ad9
0x4594be33b7d2c220022be10edfc6437bd6777b4a,0x612e2daddc89d91409e40f946f9f7cfe422e777e,1,0x086e502b9b67fef46223f7d8466783ca946b01ba
0x8afe60606659ac45eb7b14a31a97be7a5503fd38,0xef9f5e015115b5be4da8611edcfa08fae63febc7,0,0xef9f5e015115b5be4da8611edcfa08fae63febc7
0xa8cc6b51ede615de960476566cac8c021112ac16,0x612e2daddc89d91409e40f946f9f7cfe422e777e,1,0xb991eab24f2a3ab85196be995753a0a20b469d03
0xdfa9b234e7ecb4891e4bdf5ef44fb2d18c56cb80,0xedb0b18c5f73e7007a4d49723e7710428b7c0072,0,0xedb0b18c5f73e7007a4d49723e7710428b7c0072
0x445d846bc8c98100e88531836549dee483c4f17b,0x000000f20032b9e171844b00ea507e11960bd94a,1,0xff9b6b41c1cda9a4ffeff42471071ff6e80597e6
0xe5d02860929f89f10b71652a468013f80c0e65dd,0x612e2daddc89d91409e40f946f9f7cfe422e777e,1,0xf3a6a6caef85ba96c4e79f258df667b5bfa0685f
0xd81a5b3f819078fbc20e6a3a7110b465b93f7b6a,0x000000f20032b9e171844b00ea507e11960bd94a,1,0x8fd3751f647273f8ca16146dd1442ae002ac87fb
0xa377393462291cd20240147fc9e410fc22b10782,0x612e2daddc89d91409e40f946f9f7cfe422e777e,1,0x3241c90df6f99447350f9ca871ab195465ae85bb
0xe6cf1c863e0a05df3864eef4bb31fb30e45e2cbe,0x000000f20032b9e171844b00ea507e11960bd94a,1,0xef227784e63b7e8979a54b5f82a0e9cac6234fda
0x1c946039b8fb3bb8527981ecca8aa9d103ce389d,0x000000008924d42d98026c656545c3c1fb3ad31c,1,0x1c53e5257eb7d862de55d7b271a868beb5fb7b61
0x9afd6e84678b3fa8aa54dec6f5d2b71632a1f260,0x84792e0f6f7b4861ebcd75e93cf7539186a77180,0,0x84792e0f6f7b4861ebcd75e93cf7539186a77180
0x6c2cdbfcc90004e39baf6277a0e2ed0d50b0eb07,0x612e2daddc89d91409e40f946f9f7cfe422e777e,1,0x19eef7cce04eefcb35b72f876cdad5e9ac485d7d
0xc3254df00b4996a20445454442d02d399ba0f965,0x000000f20032b9e171844b00ea507e11960bd94a,1,0xcf24d4126b197bbd6393ae84add148fbca9b8562
0x8d0c4a4dd564d5c644c7355f80ed834f12227f19,0x000000f20032b9e171844b00ea507e11960bd94a,1,0xb56e74b28cfa1c4e4d30591227a02b5879155baf
0x0510c92ca16b5ac771f7d3370f00fe3e17b6df06,0x000000f20032b9e171844b00ea507e11960bd94a,1,0x7a065241264e899f890aedb32c6912bc4f7571c2
0x6e8a2d5d96d04ea6f478da7f2635cb39e36d021f,0xb2ee8c8f303bbabd64829a8413a201e9edcd6a0f,0,0xb2ee8c8f303bbabd64829a8413a201e9edcd6a0f
0x8a7da315a10680fbf5c0664e4e79e98bc9422487,0x2b4e149e02a4dda35c977e2959f9a27ec9b57bf6,0,0x2b4e149e02a4dda35c977e2959f9a27ec9b57bf6
0x00241ddef63b748f2059d700eb174c3ca9a1a8c6,0x000000f20032b9e171844b00ea507e11960bd94a,1,0x9585c64bc7647f367e2bce6ed1367922e1346c1a
0x2d68076be09414f4970f03dd627f20e3950b3b2a,0x77c74dff92c4d5c91b9da878c705a6b7f986d963,0,0x77c74dff92c4d5c91b9da878c705a6b7f986d963
0xb940ce691de90874e683eb6ea3070897ae824fdf,0xdb6f6ab07e266596b97459a570cca06f0bfca9ea,0,0xdb6f6ab07e266596b97459a570cca06f0bfca9ea
0x924b4a3beb787fb0f848e5f64d5a637783c31567,0x4750cfe25c66fd2c05e4d3249fd6a46917a55145,0,0x4750cfe25c66fd2c05e4d3249fd6a46917a55145
0x80d817a331deabc934af0d2d46136c23d2158564,0x000000f20032b9e171844b00ea507e11960bd94a,1,0x30addf990ed95e10f34515ae1eec31d14b6c1c36
0x4d14169f667ce2573c4668e9b1fdcb5538afc9ed,0x000000f20032b9e171844b00ea507e11960bd94a,1,0x18cbfb3a6278fbb391c4f5bcf87a8c44b955afa2
0xc9d4fc478740d7f6032cf6c7e5aa6e83da542b32,0x000000f20032b9e171844b00ea507e11960bd94a,1,0xa11d2fc04c3f1c58108c914230cfa9df1a94e772
0xccdd909692ef54895cc5f10f2e180d215cbe73f4,0xf2170b8fb909f60403592f51440d2fef50332102,0,0xf2170b8fb909f60403592f51440d2fef50332102
0x99af311ac30567f005d8ea1f448115ab913a2ae6,0x000000f20032b9e171844b00ea507e11960bd94a,1,0x35bb286167ccb1895342b8dfaabf387ffa2da743
0x7ed236aa845d021b018864a8024873ad91f70250,0x000000f20032b9e171844b00ea507e11960bd94a,1,0x5c17653859c3bdedddba42b3c12592f0359cc2ea
0xde0203132863fa900d2f5f222e6254d494cb95bb,0x000000f20032b9e171844b00ea507e11960bd94a,1,0xeff9bea917ab1c68cd236f94e4668a95b40c96a8
0x95433ca9b5d1d9fa07b2533e4f7f694aba033878,0x05436060aa3a75e1172386ca5a22f61096a41806,0,0x05436060aa3a75e1172386ca5a22f61096a41806
0x1421862be53ad6d6b3d18c72081333c267b32b75,0x000000f20032b9e171844b00ea507e11960bd94a,1,0x202b5e8bfa6edcc5a2c588879b869060a83b4692
0x68dd14f3cf0ca9e39251fa51bd82268b8ea0a41c,0x612e2daddc89d91409e40f946f9f7cfe422e777e,1,0x7a58fd2726974038115ed3f4f097bbe7b419374c
0x2dbd6578b80fa0e6f111602f7d4f9653e4b3c31b,0xa6c5f2de915240270dac655152c3f6a91748cb85,1,0x55045da52be49461af91a235e4303d4a9b2312ae
0x77da3f193d81ce01d92dbe63777d34023adfdc09,0x000000f20032b9e171844b00ea507e11960bd94a,1,0xea45355e3c47dc90c63a58397587e886ba9f6d4c
0x2c27331b93f939f372ddeae44660b46e7c855cd1,0x000000008924d42d98026c656545c3c1fb3ad31c,1,0x431758768e251a5294bd75311258962130321630
0x648c32aea33f2b6c1f5859b9932a7e23ef5c10c0,0x000000f20032b9e171844b00ea507e11960bd94a,1,0x84c9bed24b6e55e4eb2e527e6f3bb94b9ad3f66d
0x02e51340788a9587c097fb69e9ee04d60370c4b4,0x000000f20032b9e171844b00ea507e11960bd94a,1,0x83af90a5e6460dfebc1fc078ab9836cf05bbe57c
0x7e82e189cd56ed502d7f29025f25b9aa584e1481,0x000000f20032b9e171844b00ea507e11960bd94a,1,0x390eb69325be97a9c7c5ca0a98fee1e7bcbb6012
0x2f272101e5ad0848966c6dbc34041cad4ca6c6b0,0x000000f20032b9e171844b00ea507e11960bd94a,1,0x9f9831f20116dff05125010da9394b0682608804
0x7ff14d776cf21609f5217951d2ff1c813723e856,0x000000f20032b9e171844b00ea507e11960bd94a,1,0x7eb6a34d780ecfb7d77c6dfa714df307abb08cec
0x150ccffa4c3a03be94da71d4f0b52e1a5333a4e8,0x000000f20032b9e171844b00ea507e11960bd94a,1,0x0a7f5af090aace52978daea00d43eae710220ba3
0x22e23f974945595d7a72b06d5512340f55d10619,0x000000f20032b9e171844b00ea507e11960bd94a,1,0x990a9eedac4da38133d0b6ce527ac18c313f11f2
0x98bfc0c2048e97cac69c6d88d26bfbd30b53da22,0x000000f20032b9e171844b00ea507e11960bd94a,1,0xcc28f1e553a02cb8fb56253302ff13d4bc9d6f31
0x072d7e0fb4611ecde4696d0d20466a5e080d05d0,0x000000f20032b9e171844b00ea507e11960bd94a,1,0x9689274c622123011ad67aebde5044620178347d
0x96d91d4890550f5678117b0ad7c2611ff4385393,0x0000000000aec84f5bfc2af15eafb943bf4e3522,1,0xc1202b2da243467882439944885339f9fd71279c
0xd45314853a7c50fb745045c715b6761582383396,0x612e2daddc89d91409e40f946f9f7cfe422e777e,1,0xb048b272fba36b3e76e7ae74497ba0ddb6e2cee7
0x5dcc8b6475173b59e1018dbb07ea9c3f8037e81e,0x000000f20032b9e171844b00ea507e11960bd94a,1,0xe4958fda245cbd84dcf0eb363ff7182b649ef8d9
0x1d6cebe54266f0da9821ba218de84fd837d2f357,0xc30c575862e5c33daab9b7bf31fadaec00785357,1,0x66ff629b56a22d292fb39851f60216a19b8ae643
0x26be19bdf20c3097c922cd8a5ed541f2f9cd2d22,0x000000f20032b9e171844b00ea507e11960bd94a,1,0xb2e6db5bfc5401efb4bcb9378cdb7c270ca39233
0x51e37b520423299112f0ac6fd08b67fcda5f3520,0x000000f20032b9e171844b00ea507e11960bd94a,1,0x4c3597d49e02514d42ae8f9953ddcdd6ae24c2c4
0xd50abeacd425af1c88332bb9b04d20a034bff9c4,0x612e2daddc89d91409e40f946f9f7cfe422e777e,1,0xc492a3a6a7049e8a57b906d0f12c322439367d0e
0x7286936496abbd403fc361bc0699bb1ad88a0aaf,0x000000f20032b9e171844b00ea507e11960bd94a,1,0x688e8d523a52692f8d4472961edea836efb7c3e0
0xb3f763cfd8e8d935141698559346f167520acf5e,0x640de47b2509285a15edd2f378868fb6b6fd3db4,0,0x640de47b2509285a15edd2f378868fb6b6fd3db4
0xd3d7792aee4d34be9965a383587b63e34c09923e,0xd219122e3a0a327fd028a6fd9389315d1b2ed99f,0,0xd219122e3a0a327fd028a6fd9389315d1b2ed99f
0x4c9acb313d39a1d62da29fa8a1c8461e368fb433,0x4c83f0c7b20523aef89f26952fe273038817b144,0,0x4c83f0c7b20523aef89f26952fe273038817b144
0x238b58a2d92a64e0db1f6d1486fe958907d73e8a,0xb2019531de3bfda451668acfe40fb3aee59975b5,1,0xcc92d254f22e49f1456f5f1ac82c7493d92ecaaf
0x3dfc8ed51744a23d2381504432550f18124b76be,0x6e42262978de5233c8d5b05b128c121fba110da4,1,0xa971ad67f523d35d56bd02e4445d8639ad0d86ea
0xf43a3f9879aa536814d70570399365b1b3973b98,0x000000f20032b9e171844b00ea507e11960bd94a,1,0xf70aa9810ed452e9266bbadc6622646e76a4b111
0x163b34af245afbc3aac65b141a7755e846a76e2f,0xa6c5f2de915240270dac655152c3f6a91748cb85,1,0xf05ebaca4eb261fb6684df95364312ccd6c7de84
0xa98bb6029a966aa4524cc43958bd0177fe5fa8a7,0x000000f20032b9e171844b00ea507e11960bd94a,1,0x0795ed8e12844f2a31f2dc85bf86ece8dad76e93
0xe2d0f71b42c98138e875fdb137b5f27a2ebece70,0xd1bbfdf92d3deed749bd60ca603333d789defa8f,0,0xd1bbfdf92d3deed749bd60ca603333d789defa8f
0x5d777be668500dff7b169a47f8620772aa8b73e0,0xe406b5c003898d0b9e7c42d44cb795cc55659dff,0,0xe406b5c003898d0b9e7c42d44cb795cc55659dff
0xe6a3899bfacda159e5f163ed42bfc954ddda7d34,0x93e3da489dfcd40f393750a160b7fd4a2d7fe2ae,1,0xa21ca52875294f436af9a2cf773e11b655695719
0x4a53a5cc32e20ce5ebb3d462b2051ddafbf667a0,0x612e2daddc89d91409e40f946f9f7cfe422e777e,1,0x1cbc7d3b0542bef6f7a532debfa9864b94025cdc
0xae51f463616916b8666a4340e8c05d9dd38deb5c,0x612e2daddc89d91409e40f946f9f7cfe422e777e,1,0x53888fd5c8904e6a6cafa6a62b0fd0543a35121b
0x3bb6ac30bd2cae729695b5f8c6322a17d0a588fd,0x99014eb51152e8d43c46d3b1eedcc3a453c1d9d4,0,0x99014eb51152e8d43c46d3b1eedcc3a453c1d9d4
0x54d31cf6e9393898b9eebbf9ab88dc589497a894,0x000000f20032b9e171844b00ea507e11960bd94a,1,0xa374051d605e74aec1eae2bb4ec84d30828f5ea5
0xa5cd287daee4cc87392d8b1885a61e7e62559d39,0x05d164594050d812cb1a5a218333f3694c66d752,0,0x05d164594050d812cb1a5a218333f3694c66d752
0xdb84d276c290886035251aa214566f3311bd3347,0xa6c5f2de915240270dac655152c3f6a91748cb85,1,0x06fdad66d6fae4bfd1d8964c1d3f6119cefbe31c
0x62191c1a87ae08d024e1675d1a1bf5953155d525,0x000000f20032b9e171844b00ea507e11960bd94a,1,0x240602bdf30f9d27ad0c99a9b517c4d6c69e659c
0x6b426d7ca6011a8e9525e158039f6620292104b1,0xac360fef489aceefcf856f9204c3661c00fa8c37,0,0xac360fef489aceefcf856f9204c3661c00fa8c37
0xa69700e54baabceded16f4ea63f1feb53175f2ba,0x000000f20032b9e171844b00ea507e11960bd94a,1,0xff1b16c6000cf1cc954db2fcb1f5c7d70ea04dea
0x5bdda90d9dd6723b24de515ea37cb0f207704b38,0x000000f20032b9e171844b00ea507e11960bd94a,1,0x15df4f289a7a5bf90263894fd39f995d8f0c0134
0x6bba6c4e77e72164290473cf7c961cbcb3910dcc,0x99999e6bd887df5d432be5328c86fa6f8628a888,0,0x99999e6bd887df5d432be5328c86fa6f8628a888
0xc25486efc592f85404cdbdcfb3c9d9bad747a1e3,0x000000f20032b9e171844b00ea507e11960bd94a,1,0x89be49941e121d72de12637af4fdd853d26474e7
0xa184a18e7d96f83a26082e57a087654e00bd8eb5,0x5f07c806bb6e54d468bff224fef922ee6faac1df,0,0x5f07c806bb6e54d468bff224fef922ee6faac1df
0xf5a4948669c1621249793906baf47fa24b7a54f9,0x000000f20032b9e171844b00ea507e11960bd94a,1,0x10d42f23206e38b4c03e37239ede8a63d5bb252b
0xa6ca85a59cb3481495f97f897dc3cf8cc69e69ee,0x000000f20032b9e171844b00ea507e11960bd94a,1,0x96745aaa31a4f7b1b9e2d9221ee64ff87d8dc174
0x3eb05d922d48df400c9ed07723966a8754ef0610,0x000000f20032b9e171844b00ea507e11960bd94a,1,0x428d5d2d6541dbf11055e84262145e06b4eeae7f
0x0c81b765bb48da6cea481d2b2b7b48e67a9772bf,0x000000f20032b9e171844b00ea507e11960bd94a,1,0xccbe6a234162a8c0ed2b43b8cd67952229d78cdc
0xbfe61c76aa93aec90539f62cfc9b6a5c8564625e,0x76f948e5f13b9a84a81e5681df8682bbf524805e,1,0xd9d4ad6c15535f07ef709307f9b93cb91f6163d0
0x2ac6d0376f4bad5078522070eabfd82d372f00c9,0x000000f20032b9e171844b00ea507e11960bd94a,1,0xdd3bf0ca6929399dc5c5323d44de0505d795cb82
0x56d9915bb042b69940bda6bcfcef89cd0114c26b,0x000000f20032b9e171844b00ea507e11960bd94a,1,0xd1476e8e8698f43385b392513093a4e911955d96
0x86e26a11ba7d72a31243998931bf9d80efce7371,0x80a21a780f1300aa37df1cca0f96981fbc2785bd,1,0x6fadc5be74cbf3974521d894f8882f512fc58361
0x308c56101795388fb970222750947964136cfe96,0x000000f20032b9e171844b00ea507e11960bd94a,1,0x73863da3604fcd127d33a41b63f290680cb2a7d9
0xc31d9b1cfd15a95102d820fea2bcf9c5e2098161,0x000000f20032b9e171844b00ea507e11960bd94a,1,0xa0fc8c1fe0ade8b3f5ffb05ddf1b0f5a2a125c81
0xfa2593e801eb5ab114e0c6bc12228528ee98717d,0x000000f20032b9e171844b00ea507e11960bd94a,1,0x0f0ffb91bd1cdb24710e1f3333a29d09480f0fe9
0xd5162c0eee30fef8c6d98f573780d09cc68fef2a,0xb2019531de3bfda451668acfe40fb3aee59975b5,1,0x820fee85c6e00a98b1960f29f23e375286a13ead
0xb80db8450786482e3745586b9e9a63d1a8ce8445,0x000000f20032b9e171844b00ea507e11960bd94a,1,0xf1408d9159a98e26494bde3f5411343b7ff73ee6
0x861fa444823c92c06c789202dd54b18598cde592,0xb5c68844e71ae65b0e099fda2f16327dab4aafaa,0,0xb5c68844e71ae65b0e099fda2f16327dab4aafaa
0x4e7c7b2dd0c3c68474a9ddd8b11591128581ef70,0x000000008924d42d98026c656545c3c1fb3ad31c,1,0x74525e0e5e6159218963ad9a4342b21c53a17c42
0xef5e0b6d3adf3c238458267d62cd450c26432de4,0x390216b4ef10acf31384e6bf03c52bf53c9609f0,0,0x390216b4ef10acf31384e6bf03c52bf53c9609f0
0x6873e99fb85de770cc89fa37bc9c859fc2ebaf60,0x95afe4c371b0cd77dc8481066f3d8a235febc74e,0,0x95afe4c371b0cd77dc8481066f3d8a235febc74e
0x93208424ffac2372efabdf786ad828bf24797b33,0x612e2daddc89d91409e40f946f9f7cfe422e777e,1,0xb8ad671479618b7e204b82c16d7d4aa675c71ca6
0x5e17dda163dfb1a1f835fd4483f273d86aeff34c,0x612e2daddc89d91409e40f946f9f7cfe422e777e,1,0x8b66b420c4f3137b2bb4aa6a291bd81790bfece9
0xf322caac6560c793f2dd783bb09b21b7eb80b2e2,0x240ad467a71210629d71d4de22ebde27951c83fc,0,0x240ad467a71210629d71d4de22ebde27951c83fc
0x41f101b4a7b02e2ffee8ae2803d3a171865142dc,0x000000f20032b9e171844b00ea507e11960bd94a,1,0x01f68dd31237eed4d2491d5977fcfabf544f87c3
0xd470a273140db83685646af6bdb0862a6b30d418,0x000000f20032b9e171844b00ea507e11960bd94a,1,0x9f9831f20116dff05125010da9394b0682608804
0xdb8b99ff1aaf3b62e3d76e8aff6dcf8f88c09683,0xa8811a290c1690c39732118331329373693d9e2a,0,0xa8811a290c1690c39732118331329373693d9e2a
0xe8775c9aa233761c9283cf105a1526d58257488e,0x000000f20032b9e171844b00ea507e11960bd94a,1,0x73182032934a99a38294df9cf059b69727ad2467
0x7649213d60c5636f237b0319015c84a760da976f,0xe48c089a3d7f273172aa2ca6bbd42d970b59164c,0,0xe48c089a3d7f273172aa2ca6bbd42d970b59164c
0xbdfce59775093e2f2a0338df8fb9e62f7978865c,0x612e2daddc89d91409e40f946f9f7cfe422e777e,1,0x9de85080e6c0526033c1ac5bb0af450d1674b1cf
0x5ec23e4c34cbaa7ce0946d8be0626d87c503de2f,0x000000f20032b9e171844b00ea507e11960bd94a,1,0x8b3e2812df0fd3cd88fe7a3779227f82d55b838a
0x9f405cbfb82d62b766c0571edfcb66a889bc9335,0x000000f20032b9e171844b00ea507e11960bd94a,1,0xc9c8c2a47d03817011d994d8b1917f86a5ee64e5
0x7f485534c7a0a96ae288309a54de678f88cfcd0b,0x612e2daddc89d91409e40f946f9f7cfe422e777e,1,0x7bab1557f17717127d29162dc1755477a02f8cec
0x982b27cf1b3e368d18ffa3245319ba7a71e9c2ec,0xcf66e4450449ae7aa7cdfc9cb7bab813805325b1,0,0xcf66e4450449ae7aa7cdfc9cb7bab813805325b1
0x1a4efb4bea9587083bb76bbcf61dedcbe3145ddc,0x000000f20032b9e171844b00ea507e11960bd94a,1,0x9f70bcc206484d3983928fc169f97b378e2a9c63
0x530788b07c97812ff2b6ecba3d7fc3997ee897c0,0x000000f20032b9e171844b00ea507e11960bd94a,1,0xf839b0cde0d91b1b979681f91d9e79d897da4da2
0xf3ad4a1de614285640ab8e069723926f3e234167,0x000000f20032b9e171844b00ea507e11960bd94a,1,0x65e6e41ffaa6d95f472b24a4f368f517d2725d69
0xf9f1a002a4c71553602b0a8b140cab87dc261373,0x877f3bcb3c0ad49b64c404970d5671e00231b59c,0,0x877f3bcb3c0ad49b64c404970d5671e00231b59c
0x65636af85fe8f79ab4f676eff7ec5ebf4078eb08,0x000000f20032b9e171844b00ea507e11960bd94a,1,0xda0837ce4431d4f75c107d9da73168c1a0d98096
0x3ad1e734284673e8c40fd4c3908f805c45b238df,0x000000f20032b9e171844b00ea507e11960bd94a,1,0x9a5bf67c2ef2ec1f66c3f8596e13969f78fb82f6
0xbe82650c1987866a5a6ce3fb35901fa8bb98456a,0x000000f20032b9e171844b00ea507e11960bd94a,1,0x99990e29a0fac0491e53254915f55753e8ebcb1b
0x50ea89239a4f4d1dce83f41fe182ca0cfa3d87fc,0x612e2daddc89d91409e40f946f9f7cfe422e777e,1,0x86f2ed0e7ba3e8544b55e6cb08835c8678c928eb
0x3457ae8628e768b9009948148c98cd3c1717cf6c,0xf06c8c854d448336369c972548d2910b91b75db9,0,0xf06c8c854d448336369c972548d2910b91b75db9
0x3e573768201cbcae757e47c523e097d29750e6d6,0x000000f20032b9e171844b00ea507e11960bd94a,1,0x970bb85b997af2369b4be78e703e552d4d0d7158
0xb6109659dbc6a3c9e8e9d8baf0cf1f5c6195e862,0x000000f20032b9e171844b00ea507e11960bd94a,1,0x256fe0a48b9dfcadfbc1d595625d32040694af07
0xb7ef53ae382c9c9b03abea9d7a2aa553fa64bfb8,0x000000f20032b9e171844b00ea507e11960bd94a,1,0x1357ca33543c6e11a35f077f8306097812389707
0x0a690b0fd7d4a4075fccc546a16fb7c38856e9ce,0x000000f20032b9e171844b00ea507e11960bd94a,1,0xb9076cbe769f810d0127d9e12a965d1673d653ca
0x9086afe6117f7b7c9780b3de96ab3d444a36b182,0x92c159895901439caa212997d505083a2fe88885,1,0x81d6f1ac9c0263ef09bda83be57f7f7c207427c5
0xb631ba9b4cd059d86810436b2ce1215455820687,0x000000008924d42d98026c656545c3c1fb3ad31c,1,0x1bdee5329a6854d7c60dc20c12b0aa5aa275badd
0xe42b31bfc65abcc5a1ca6ca51148c365ba0df791,0x58c7f158b78e896c94c0c9787c8703612e6c496f,0,0x58c7f158b78e896c94c0c9787c8703612e6c496f
0xba0d32c9ab4ad681d13cf7e95beb3542997ada38,0x98acc7859f9cc1bf3ae660c6d8a6dd8df32977f2,0,0x98acc7859f9cc1bf3ae660c6d8a6dd8df32977f2
0x89e661dd3779b6c17ba88ccaf0400904397ac9cd,0x05436060aa3a75e1172386ca5a22f61096a41806,0,0x05436060aa3a75e1172386ca5a22f61096a41806
0xb90d68cd15b34deb66461d7235ce6c8e3aa2209f,0x000000f20032b9e171844b00ea507e11960bd94a,1,0x81603a5e1a3b233d73eae7f582fc66dcfb6a38bc
0xef2ebc2efa5ef087ff96eefbd51bd64956c84e15,0x3247a9c321f588025923348d1403e2f06609e508,0,0x3247a9c321f588025923348d1403e2f06609e508
0x10b5a6a8d363e88779f32d1b30e19ce5dceb7d64,0x000000f20032b9e171844b00ea507e11960bd94a,1,0x8b55335f983231c178840eb65c6759d2bdcc8eb5
0x5bc3859a27bc3a0df266a938546ab20c14c7e736,0x000000f20032b9e171844b00ea507e11960bd94a,1,0x47c4429df5d329fc098a0eb56ecc01eb9e3e6b7e
0x8fca6da1e2dfc4c4412bbb174534fe485ec9aac1,0x19478179ef8bb7c4792a4041903080e097d137dd,1,0xf1a715d1b3635af3dc4f300415bc321da187eb6f
0xff3d341b8a7d9fa380391c4035fec61db6dd1605,0x2c325156416cc7b701151dafb6d4c0bdf0d398f0,1,0x536403976c1cc6ae962299cff6d5d6f74d4793da
0x49ebe582aa38a7e9d2f58599943f04eff1e8dcd3,0xa13cfa70439d9dd161209191fa96661e83deec60,0,0xa13cfa70439d9dd161209191fa96661e83deec60
0xb5bb1769110bec26c3ec7268d622ddd19c8be609,0x000000f20032b9e171844b00ea507e11960bd94a,1,0x5b041ba04c5d5da51a0a04f5bacc6b97d78e7e45
0xb6cfff669d8f58003e3e33f69429e445ec212c8d,0x000000f20032b9e171844b00ea507e11960bd94a,1,0x9a4b05fc98df8042882d65e738ca45d7d99a3d0d
0x3838f5add198ed2600897589ed54a6ebaf3e53f8,0x000000f20032b9e171844b00ea507e11960bd94a,1,0x58bf016a937b3c88a4455564719812ead96f6857
0x2e93d358c0d4e11bbccec5a6a0d05d86583c8305,0x612e2daddc89d91409e40f946f9f7cfe422e777e,1,0x15a9cc72ec6dfa64ca277efcdb4041e423342808
0x8fefad846af5c676faaaced91eb01d97d6fde703,0x612e2daddc89d91409e40f946f9f7cfe422e777e,1,0xe474d2322e4680d87cbb149678607075830b2917
0xe0bde11cfe2fde4dc66fdbd8e047125f404ee100,0xa4d122232adaeaf0372572917d07714de08ffeff,0,0xa4d122232adaeaf0372572917d07714de08ffeff
0xa93aa3174fb199d45b749292c6f3c3d78f5434cb,0x3b612a5b49e025a6e4ba4ee4fb1ef46d13588059,1,0x628bf5bf0baf06f2b8c61b8e684928844ba00944
0x647c3ff762e5f448d0cfda12b0e2312f82c7c4fb,0x000000f20032b9e171844b00ea507e11960bd94a,1,0x18e1dfcb9cc548e63afa943224d08cfa5baea7b8
0x0ea54de5ae2fb487dffc3561c56a99a180ce5a7d,0x062c410c418da7478ca0a4f19575311f4a0b1c48,0,0x062c410c418da7478ca0a4f19575311f4a0b1c48
0xd375e9d0cbc12813683ffb0ab9bf85fbf83aceaf,0xff06e0b98e500c396884803d4a0c35511bd22c29,0,0xff06e0b98e500c396884803d4a0c35511bd22c29
0x440e1b5a98332bca7564dbffa4146f976ce75397,0x00df4e8d293d57718aac0b18cbfbe128c5d484ef,0,0x00df4e8d293d57718aac0b18cbfbe128c5d484ef
0x150d85084643b1e8a08b1c88751b092f13f176c2,0xce417118275171e1f2ce1ca5206b897be17f0134,1,0xcb6d680d15a832979ff1252039f89c12e75e9b58
0x938ef191df3b39b9c7ef664de09b6989cfb881ec,0x000000f20032b9e171844b00ea507e11960bd94a,1,0xa780f8a7c4721bbff6ee2d3efd94bf151cf8006f
0xcd66e14dd78f3f9b97d4432b6a59364ef0b94417,0x000000f20032b9e171844b00ea507e11960bd94a,1,0xba28a05aacdb2c85fd0e7d2041959e17157fb794
0xf6a4e62bc8324b577cd0bb53eb41bdcf2f5ae543,0x612e2daddc89d91409e40f946f9f7cfe422e777e,1,0xd2c5b51b088a0b78407212ae003d9355e3f68959
0xddab98d34c6f9aa401e21ea6053ffc4dd74b5492,0x92c159895901439caa212997d505083a2fe88885,1,0x8268e81e9e203016b1a3b278c5a835a408015320
0x889f313e2a3fdc1c9a45bc6020a8a18749cd6152,0xdea9196dcdd2173d6e369c2acc0facc83fd9346a,0,0xdea9196dcdd2173d6e369c2acc0facc83fd9346a
0x5aab78a9166970814b64e1a9cc1c00679125dfeb,0x612e2daddc89d91409e40f946f9f7cfe422e777e,1,0x891efa3dc4b50b671394b908492206dfb5e8306e
0x5286a39729b7d3e3202580dd8a5ba8a4c8ce78b8,0x000000f20032b9e171844b00ea507e11960bd94a,1,0x38bf703918199d40dc9f9b8c8f93039507366ff5
0xcc8a312e196b3a6eefe2a4a659c2ec20a4b96e1b,0x19478179ef8bb7c4792a4041903080e097d137dd,1,0x45874ba1b7f2ccb5aef5e1cc8a85d0e0fd00ca59
0x7c0405099f507bc419d5456b6c4c4b8c013516f3,0x612e2daddc89d91409e40f946f9f7cfe422e777e,1,0x377e8e279c76b57062d045b66a24618e9fa13547
0x18bcc8cc37133c71eac25fc94a9ec7e07edc67f8,0x2c325156416cc7b701151dafb6d4c0bdf0d398f0,1,0xad4dabcd7987e25cdafc2fc780e85eb675fcaffc
0xd698c26c544ddf8e5dda8f7c669f36a8a5ccb5b1,0x612e2daddc89d91409e40f946f9f7cfe422e777e,1,0xc531912cfd064cb5e68fecd226ebae9ae3584c4b
0x92a50fe6ede411bd26e171b97472e24d245349b8,0x32220f07dbcd18149f619f28cd09fd911cc0372d,0,0x32220f07dbcd18149f619f28cd09fd911cc0372d
0xad160b92e5c27ee2e0aa1c9ab0379230b01a0dbe,0x1b6af8b8fbbec3126909c7367f60c118fe8a1fa8,0,0x1b6af8b8fbbec3126909c7367f60c118fe8a1fa8
0xd4f715a7671c9f420b37de9195837d45295f2ac7,0x612e2daddc89d91409e40f946f9f7cfe422e777e,1,0x7dff7fbd4e32ef7e77afb70d9d1e74709acd9007
0xb3db20bdc8743ed793bdb0e74a8ed02888fdbce4,0x76f948e5f13b9a84a81e5681df8682bbf524805e,1,0x98556b192f8304001986e0bb94e61e51049a600c
0x1233e5fca231f497e7446763759b134805faaafa,0x612e2daddc89d91409e40f946f9f7cfe422e777e,1,0x10ce3e5410ece3abe6b4fbb61ea36c61163f3df1
0x52df1c4453bb41a9226d1b16a62a4f0a9ee41337,0x612e2daddc89d91409e40f946f9f7cfe422e777e,1,0xa6dbae8906af75c8e3ad0427ed7f164aa9bb8a84
0xad964455dc125614f33942f64f11910cc7b57737,0x000000f20032b9e171844b00ea507e11960bd94a,1,0x14dff363387733cb985156cf7de6fbb6c389c7dd
0xe3be347158fc58d925803f0f5426abb072899c48,0x612e2daddc89d91409e40f946f9f7cfe422e777e,1,0x7ab125904af75823858bdc7259a08b581999c0ae
0x181a925ae9e99a30ca632809229beffc50aab800,0x000000f20032b9e171844b00ea507e11960bd94a,1,0x1201db2989f18778b4246bef94a0ac56ee689fa7
0x9e506b3b19aa7c0a5d045b6654f0efb69bd0a088,0x612e2daddc89d91409e40f946f9f7cfe422e777e,1,0xc8b43457bfa3e1c65d54ddbe3cbbe3807f7bed0c
0x0d99bd162ffa5149e97f76af7e7012d15a95581d,0x000000f20032b9e171844b00ea507e11960bd94a,1,0x03b367733f46743534c9bb13bd4fb5ae2780babc
0xe182d1c8aaa84c6fab4b725e9235960bc1126c55,0x000000f20032b9e171844b00ea507e11960bd94a,1,0x1b2d60b98d7320b92fb265c39cc433e33338868a
0xbae3b95c655d72916f8195694e99101f4fe89ad7,0x612e2daddc89d91409e40f946f9f7cfe422e777e,1,0x8e33cc8990e0c9c6bd785f7f6b38610c3eba405d
0x288112347b5740201915956c04c800ed03df8555,0x76f948e5f13b9a84a81e5681df8682bbf524805e,1,0xb3805fb4afa5d6a00f1f15f2831c073f7a936130
0xb93ed6b544aa8d244c65d915c427139be4eb55b4,0x91922c6978dac0f5299c5c9f42454377bd4b8ff1,0,0x91922c6978dac0f5299c5c9f42454377bd4b8ff1
0xd43458b4b6c70e8c2ec58b42b2a1cdaa12f931b0,0x000000f20032b9e171844b00ea507e11960bd94a,1,0x9a477557833370d1019ee0ef763d6a0cc7aaa754
0x756bfa39ca9e780faceabf4d4dd473bd497bc343,0x612e2daddc89d91409e40f946f9f7cfe422e777e,1,0x5ea9cf0fda4acf0712841ea5923854b75efe5e80
0x9eb89863e177df7a7d78fabbcfbb6bd1e4c1586b,0x000000f20032b9e171844b00ea507e11960bd94a,1,0x99db31203672fc51194834d8eb0d7886d046780e
0xf0c6ad49e29b692f12c38dbdfd5466cd79cd1dc4,0x000000f20032b9e171844b00ea507e11960bd94a,1,0xba083bbefb8409434b37ffdcbe46a8596462fb54
0x4d34635f53349c78b513572bb88edd62327242cf,0xa3a940eb0495f326c64793943ce97ad0edf2c0f6,0,0xa3a940eb0495f326c64793943ce97ad0edf2c0f6
0x2b1ee2147b95ba2dfc9ab45d09b26b859ff27a56,0xa3a940eb0495f326c64793943ce97ad0edf2c0f6,0,0xa3a940eb0495f326c64793943ce97ad0edf2c0f6
0x2dfcb4c39e1a76d1ce0fcf45f0aa2904a1c93742,0x000000f20032b9e171844b00ea507e11960bd94a,1,0x6edf4c4c9ffbb14f5cc8646038db0895ca557917
0x4b2268caa1e23756b3470ccd8ad641d4ad9c0fde,0x612e2daddc89d91409e40f946f9f7cfe422e777e,1,0xbe25e3c60b4969de23fb10930043e44f987cbc1b
0x0f881f41978330aae609bb1b6b38b4a125ec44dd,0x000000f20032b9e171844b00ea507e11960bd94a,1,0x6da5c8f675c64e901700f20c79a3145afa3bdb91
0x04ed33d585c75ecf212837e4bbcc046e14318dea,0x000000f20032b9e171844b00ea507e11960bd94a,1,0x3fdbf77b581fd15b79d48bb9896880cff06e98d0
0x15a6ff0a5e1c273f519c96df46c4dec7fbcf713a,0xfe0007134e4ca52848223fb67927099235dbf9d4,0,0xfe0007134e4ca52848223fb67927099235dbf9d4
0xf3767d0b636961f9ba862bb58782fa36cf4412f3,0x84be1251a173f433b2c735b0723e52e6220573e0,0,0x84be1251a173f433b2c735b0723e52e6220573e0
0x88dbe214a1da086d1d1ae1ccb3ed93fe3de68688,0x612e2daddc89d91409e40f946f9f7cfe422e777e,1,0x720d505cb1d1b78178199dcd7c0f075c42163859
0xdb314c79e217fc7b5709bd63e03a8d6140cec5d4,0x000000f20032b9e171844b00ea507e11960bd94a,1,0x255b956be8197d991d8c7115f0954c40eb095c53
0x5a0bb733bbb12eebaae050f6fa2cf64dad78daff,0x000000f20032b9e171844b00ea507e11960bd94a,1,0x87ae60dd9b3b6c79eea1a7f4f95a2e0f8d746c1d
0x1bd31e994bb9c27698b80d9c84edb44fcc4024b3,0x000000f20032b9e171844b00ea507e11960bd94a,1,0xcf7ce766b609b1b93a748c0e4f3da0201a2f031e
0x88838ff31dc957056fc0fd981bcd5cfce3caf0d0,0x612e2daddc89d91409e40f946f9f7cfe422e777e,1,0xb3c3cac4ddaabb4a4b2affbdf0034ff6bd4535b8
0x9629704dc526e606182d3313545b9736b992c3cf,0x612e2daddc89d91409e40f946f9f7cfe422e777e,1,0x225973ec71725ccad6e623c3b0eb1634f1e3b9d1
0xb5b2ff204fb83473104a1a2fba3aae505350908f,0x000000f20032b9e171844b00ea507e11960bd94a,1,0xd71065e191dca0baa45c75026c133c76e1affd6c
0x5408af6aa23582d3d5b24adb84a1b5560f91b579,0xb0d8e6fca710b719d385328c488980ef2628302c,0,0xb0d8e6fca710b719d385328c488980ef2628302c
0xfe34fb72a929ee08044f417cf81e9230af72776d,0x000000f20032b9e171844b00ea507e11960bd94a,1,0x79b7433f25cfea3485a7cd99a352fd6eb0741eb3
0xb1dfcf1c71a4972e140209978b52a7229c4847cc,0x8d1fa935e5e8a5440c9efc96c0d9ff387ebb179b,1,0x4d5fabb0285eef3ee2d0671632602e306db30d4d
0xe5278be9d3c7063f571ff08712244ac6d73342e7,0x8fe3a2a5ae6baa201c26fc7830eb713f33d6b313,0,0x8fe3a2a5ae6baa201c26fc7830eb713f33d6b313
0x91b31c7ad5f448ffda16a7e6b710afc6ed5f9a33,0x000000f20032b9e171844b00ea507e11960bd94a,1,0x38385f801cb7a1be0a231a413917e4cecce7143f
0x557a786ff8951120923addeab8c931f9334be8db,0xb2019531de3bfda451668acfe40fb3aee59975b5,1,0x450132252290b589e4d3059b8fb6f2f8cccaaa28
0xb07335f74cf7bc88291963b935688d7d8416be98,0x612e2daddc89d91409e40f946f9f7cfe422e777e,1,0xf587b20cafc2ae6a6ad180b8dd38d6158728c8db
0x1c53b0225a05450d20ce426274883b40397bd826,0x000000f20032b9e171844b00ea507e11960bd94a,1,0xac7775123709f0c9c56cab18ba97bb4a29a20e3b
0x4da78a0e39b62b0960f11ebc55172ca01e46ead4,0x231fdcac73f9fed1ac2d12af5f7cea39456019d6,0,0x231fdcac73f9fed1ac2d12af5f7cea39456019d6
0x12749bb6aeb66486f53b6549e3d03dde3fcc1e97,0xdcae87821fa6caea05dbc2811126f4bc7ff73bd1,0,0xdcae87821fa6caea05dbc2811126f4bc7ff73bd1
0x368177da14c87177b34a301f31639506206b8cb1,0x5d75fd351e7b29a4ecad708d1e19d137c71c5404,1,0x60fbb352de07c208279a171fd31676b7e27c5f1c
0x0b86230ae366154d8ba39cc20ad650c7e5c20783,0x000000f20032b9e171844b00ea507e11960bd94a,1,0x3b5fffb5e7e54669e55cda3b09868e57a843921b
0xb607faf1ed5cc566fc1d705497b14dec71fc72cf,0x442295de8a31d65026dbc09c29d469f6854f188a,1,0x7f5a0a6847fd0fa05c13cbc02f435047b429e37c
0x9d8e92f506c020d6700f7b20e48ed4e5414468a4,0x000000f20032b9e171844b00ea507e11960bd94a,1,0xb0d6c8f951955d848e5714081b2df686fae3184f
0x0a43b145bee9f7725c68a5e6a3926f05d396384d,0x000000f20032b9e171844b00ea507e11960bd94a,1,0x45e1cc077c9a410af77921e13c0c768d0aea27ac
0x9e5e561ec369f1e7d50d4fc0b5af0063fcc7821f,0x000000f20032b9e171844b00ea507e11960bd94a,1,0x7438d5a4590409c2685d8940bba786bdc7aa03e4
0x459bb9e6bd15e00fb7638e3a191c2cd8289fe461,0x000000f20032b9e171844b00ea507e11960bd94a,1,0xfe4e01a06e17f61b3b34c666c5742ef7e91fb391
0xa3ef7a93b53f33cc56fe074425dcb96c79a3c0df,0x000000f20032b9e171844b00ea507e11960bd94a,1,0xf22973d1ec50e321035f39ec5bd34bdbb3c894a5
0x4e5d449fef842ab03e87548b49900dc1e613d7b4,0x000000f20032b9e171844b00ea507e11960bd94a,1,0x0556cac5a41069e30fe009391b88b32188b35078
0x601ff03c47912a3afb99d50657864419e800dcce,0x612e2daddc89d91409e40f946f9f7cfe422e777e,1,0x529e07d229b01c48a656d5e783e0b359b975a9b7
0xb8fe190cc6cbc2c483902289f4cf0a1efa870414,0xdc64df23a219dc70d3befbc2c11e6a4c9bb5269f,0,0xdc64df23a219dc70d3befbc2c11e6a4c9bb5269f
0x7347d21f94c0c2f0a372a4eadaa0f264a130198c,0x000000f20032b9e171844b00ea507e11960bd94a,1,0x4b26b39c1a3abfb9906185af7bdf0b7fcc93ee45
0x8b81aef8446379b4ac6b32ac2ca169130ad8aaab,0xef7375a0ef02e476e73ada64c1218b49b9f8e7d3,0,0xef7375a0ef02e476e73ada64c1218b49b9f8e7d3
0x77cc52e96e62faf4388ce230476917f5cca65b32,0x7ec37a15327eb3207038470876714f373809ee63,0,0x7ec37a15327eb3207038470876714f373809ee63
0xf8d8a9a4012a892e5e743f13fa80ee167e6ce32f,0x000000f20032b9e171844b00ea507e11960bd94a,1,0x0a364609fe8c496b95170ebe32860f0e0c370638
0xc595629431071adc6548c9ad0c2ffd6a7b2488fb,0x000000f20032b9e171844b00ea507e11960bd94a,1,0xab94e85d0b7162522414e2cae8d34596896e17f2
0xde3c3df0f454314d32a9c21adfb16cc7eba1ba6c,0x612e2daddc89d91409e40f946f9f7cfe422e777e,1,0xfc7873003cb8935fc841ab735b2c40ac1861c0f4
0x783d8c1af3b9c434e6c991c7653a2cfc42312884,0x6e42262978de5233c8d5b05b128c121fba110da4,1,0x2514dd6d24a14af1deec2c4cd487c361f599983f
0x27ba517352cb8a7fe195646df5b6d11b49b16d38,0x000000f20032b9e171844b00ea507e11960bd94a,1,0x67d36ede2ada8bfc743a7980cb066e3cb412f2f9
0x7b91f91cac737ad7147e49f9ca98f04febdba26c,0x000000f20032b9e171844b00ea507e11960bd94a,1,0x94bffe28da41ca41aa068d5c72ee27476ad67bfb
0xa12eab98513a9a6fc8ab71c78d305c79232335fe,0x000000f20032b9e171844b00ea507e11960bd94a,1,0xabf2ad95374ff8917d7da7dd72c98c7d2201bf58
0x72390355afedd97110647eeabb397c12fc2e6482,0x000000f20032b9e171844b00ea507e11960bd94a,1,0x48a2bda3f6f6e714da47e7396ee73facec4c40f5
0xcf48422d5cc8c154ee66f2f5ab7261138786872a,0x612e2daddc89d91409e40f946f9f7cfe422e777e,1,0x36ab6423f7a846bf8328bf1bd2e0264efed09817
0x24922a3951cc5f4014bfd43ad48705bb4549ca36,0x000000f20032b9e171844b00ea507e11960bd94a,1,0x0bfcc6baec1706b3ccf1695b2789a65d4fab3962
0xac46820a5420bd8fd2550a9882c9b15a3576bda0,0x746405907766f05488b682adbfffa297f4c0141d,0,0x746405907766f05488b682adbfffa297f4c0141d
0x627ecfcb74701fa62c4dfad2277f4db2256323f9,0x612e2daddc89d91409e40f946f9f7cfe422e777e,1,0xed96ed4523404642325dccf84b583c2ddea26a0e
0x44e48ca3db25cd1e734ae51fd7dcec40cbe00db5,0x6ffd7ede62328b3af38fcd61461bbfc52f5651fe,1,0x6991e33844399ead44182159279884193c889462
0xfd4d89651524a1922af060673016d87d489ed161,0x7990d756acf4e12afc41f995130a33925fb868ee,0,0x7990d756acf4e12afc41f995130a33925fb868ee
0xa89b9226865c332a8bc1aabf330e550ea809873a,0x000000f20032b9e171844b00ea507e11960bd94a,1,0x52d26eefb09d0c3b8f3bd3075867d67d210eb7c0
0xe75389d1205e8ca045131fac393539d24ba4548a,0x000000f20032b9e171844b00ea507e11960bd94a,1,0xb1b9b990819ef4886a6bebb58eebc3507ae2ab43
0xf52b65497203ac194419efb6564c71763af41b26,0x7354936bc7a72c8baf5a2f9262e70a52c427be4a,1,0xd3ddc0fae05aa1024ed3b3baf7b2cd0a0c226ecd
0x5d38e2fc852d5c5842dcaafd6471f2e1582a0d9f,0x000000f20032b9e171844b00ea507e11960bd94a,1,0x7795e2deb3b4a6a09d879163f026945699f2ec59
0xb0fa265bc78d19e0c06867c68b8548aea7a54621,0x3a661a18cb0258119636dfdde098648c6ad5ba62,0,0x3a661a18cb0258119636dfdde098648c6ad5ba62
0xfa1add5e4b3745dc1d1eb8eadf0db429e25489c7,0x612e2daddc89d91409e40f946f9f7cfe422e777e,1,0x102babb5c6535631ac5c263a8750314940ab8687
0x95e13bc8c906eb09ff1c66cb444affc611f8a4f3,0x612e2daddc89d91409e40f946f9f7cfe422e777e,1,0xca89443bc26ce9a6ba429042f678353ef3e54841
0x1b912c0d204ac37eeea2f4bd11c61813881ab2a3,0x000000f20032b9e171844b00ea507e11960bd94a,1,0x2b9e1178276c078686c147a2fa83b8e6bb77a46a
0x3c4e09c2fd4dc0b095700e40d164eb2062357cf3,0x86a37763cfd06543b4c1a3bf19263f5244be463e,0,0x86a37763cfd06543b4c1a3bf19263f5244be463e
0x13a1a089454daa9a11f3682467e29ad76b3bfe1a,0x58f541ea1752ef95d1982e5791435c7118bf3897,0,0x58f541ea1752ef95d1982e5791435c7118bf3897
0x9931f0378652e91f4f73db0be20059c7f5832ff8,0xf5abe8a978bbd06deeffe70bc28f27cf41b6b581,0,0xf5abe8a978bbd06deeffe70bc28f27cf41b6b581
0xbd76a5f0e4bd286dd2846de64c4e7976a1e837fe,0x612e2daddc89d91409e40f946f9f7cfe422e777e,1,0xbd9a492f2588155bab70dc806599dbff466dc286
0xe0cbf85812ce9f4103ce55edf35fd3e9a9f21409,0x000000008924d42d98026c656545c3c1fb3ad31c,1,0x762522f315d4b4546487066c108dca0f46267465
0x062b01f7c4fdcbe53f30e8597e25d8cd93565810,0x000000f20032b9e171844b00ea507e11960bd94a,1,0xb2e6db5bfc5401efb4bcb9378cdb7c270ca39233
0x38cbfb3806ba0e9363121153b6aac8bd1ab2edf3,0x000000f20032b9e171844b00ea507e11960bd94a,1,0xf49ff68d011fd8497a4abe6c50bae9fb9674a6d0
0x97287bb79427749a51222aaacd9835b55f67eb1d,0x612e2daddc89d91409e40f946f9f7cfe422e777e,1,0xc10265a30a8ead588cfdf7ae56b98cbbcb9c923c
0xb5e9b251901f75b4fdd7dcfb4659dee71b067738,0x04685531f1b80ac2858ec5659f22ef6798efe3af,0,0x04685531f1b80ac2858ec5659f22ef6798efe3af
0x081b912ca7a499ae0bc7a8956c3b316897ed00ac,0x2269bceb3f4e0aa53d2fc43b1b7c5c5d13b119a5,1,0x1fbd997577b10a7ce622add033aac196b3db6dbc
0xe3fd8c8182572fb07addfd93813a2afa9b2538af,0x000000f20032b9e171844b00ea507e11960bd94a,1,0xed62e2365e3f9e23fd57d1dc61511f8724cead34
0x822265ddeba876dcd6ce7535141689df07ce0720,0x000000f20032b9e171844b00ea507e11960bd94a,1,0xcb1ee5ea52910ef33101800823b36db6bb2e82ed
0xd308b99dd626d7c89c3d99f22584d121381d6743,0x000000f20032b9e171844b00ea507e11960bd94a,1,0xb71ac8180649832568a55d7684c052373e92cd64
0xeb9135283e629a8637fad9b10f560fa65eead10d,0x612e2daddc89d91409e40f946f9f7cfe422e777e,1,0x9c3b4b2d4101f2280ef9b1e810d618648b410340
0xe3d39b8dcc343f98278e1bae85e5366408e7e4e1,0x000000f20032b9e171844b00ea507e11960bd94a,1,0x587bf81806d0055fc0b9ceccee35ce6c995d587c
0x8e3951e0fe971fa4684ab3258d50552d0b8bdb6a,0x000000f20032b9e171844b00ea507e11960bd94a,1,0x5e5ddecee988163dd38513a5ca12fe4cd7af8559
0xce4d0047de537da18649ef9d1eda3a25382f5c78,0x612e2daddc89d91409e40f946f9f7cfe422e777e,1,0x5dbe9543e4e1cbd94109c71c3766ab031ea6e680
0x1a3ae02ad3cf56b4f01265b91dd9474a95860404,0x000000f20032b9e171844b00ea507e11960bd94a,1,0x9056a11dfa9602e528cc5133341c2f925098d096
0xabd36ab0ea7d04d936f37f4446672f2241e1febf,0x87edf5217c85d9a86480f3380309b2f52b4a6194,0,0x87edf5217c85d9a86480f3380309b2f52b4a6194
0x093b1ef642e254e91e95aa6909a6e9e3cc90671d,0x000000f20032b9e171844b00ea507e11960bd94a,1,0xa563232cb7f99bd6f5953100df8c6b8603d5e243
0x63fee4ea1a255fdaa2fa2ae3bd47fd36dbc0cf4f,0x000000f20032b9e171844b00ea507e11960bd94a,1,0x6f24874557fbad096fa14370a0c2f008981b94a6
0x35205ed24df558b2bf1f6c6a8a0064e33879a66d,0x000000f20032b9e171844b00ea507e11960bd94a,1,0x9fd1b3bec7ba25a970f286ccca05f137309e2479
0xb7d3c649e701771a40430b0e6685aa759b3278c4,0x442295de8a31d65026dbc09c29d469f6854f188a,1,0xca5add62da80c177b6b6a8cc760c59af3b0c18aa
0x498298fc2d30adc9ec4cf2c9e111036bf3e79e18,0x612e2daddc89d91409e40f946f9f7cfe422e777e,1,0xbcca964f0cbba0cb31e690d2b2a8dd42a58c2a82
0x58c2cd91691ed933b03f58b7317fa5aa8d1a598c,0xb09a022d4114696324a54a80e6a62a24f8e38599,0,0xb09a022d4114696324a54a80e6a62a24f8e38599
0x295b7fa3d975f0d931d1794ea2b31dcfcce56b36,0xdca92461efc399b821b09cbc8fff41eea1064d8f,0,0xdca92461efc399b821b09cbc8fff41eea1064d8f
0x2b47728e0defdec4788bccf6e3f50b6d83a6cf53,0x569536df0dccfc4a353c1fbe77d7ab529984e4d1,0,0x569536df0dccfc4a353c1fbe77d7ab529984e4d1
0x70a684bf7df95c0aaa977912558469ee49304bb3,0x3a748e74d67811c1e31bc8e30cfe6f0ca5e82b9a,0,0x3a748e74d67811c1e31bc8e30cfe6f0ca5e82b9a
0xcb3bdcf60e3cfcf568e76086b24bb02eec38c748,0x000000f20032b9e171844b00ea507e11960bd94a,1,0xfbe2e752ff2422e2575526b43bb40d3c6e4a7a93
0x2b7841159340ce631f0df7d3b5efdbc535f35ce7,0x000000f20032b9e171844b00ea507e11960bd94a,1,0x6407a53b5cb62a26c7cbce2ae813ba02aedce582
0xa1663978107060af2a0b2e294c75f9308c7d80ff,0x0000000000003d61b3d0a96b70b9c9006947759c,1,0x52c8ff44260056f896e20d8a43610dd88f05701b
0x24cc7fa4edb916e88949fd3f692b14e615be4594,0x000000008924d42d98026c656545c3c1fb3ad31c,1,0x3a8432ee06e63d4eb3cc791c4132fdc722d51ec9
0x51aa2686b81b722fb8e9174508a6986ff9f68aa6,0x612e2daddc89d91409e40f946f9f7cfe422e777e,1,0x241a3446de14e89d0dcfb05cb2f7377346f0ba5c
0xc3c15bce61f1d8eb9fcd128f31ec347457a750d9,0x000000f20032b9e171844b00ea507e11960bd94a,1,0xba5b70b9f04b077ab466d0ef90cc590ae496408a
0xed4943fa35675d84903aa1a414c0836d2aa5c13b,0xa6c5f2de915240270dac655152c3f6a91748cb85,1,0x26ef03a20aaeda8aafcee4e146dc6b328195947c
0xb5b3c9407bbe13d9fe8b762afaea09eb265dd001,0x000000f20032b9e171844b00ea507e11960bd94a,1,0x5a9054871fe87aa1fb5b417d8276216abb3be84c
0xe07308ae1f94034c4b93ba9abb69be2397af682f,0x000000f20032b9e171844b00ea507e11960bd94a,1,0x2afa2d1846a09a6a507bdae6b87c10b99e418a9e
0xb64e9c82b74bf46fe980297484d6781b78f4c311,0x87a868edae8ac4f8d05370fa35e60a405fecdccd,0,0x87a868edae8ac4f8d05370fa35e60a405fecdccd
0x38193f381a424e5bf21d1a7c1ba3fe6c9ca2bdf6,0xbfa7fe04379d3a6de7a23edd76c0315b675737d7,0,0xbfa7fe04379d3a6de7a23edd76c0315b675737d7
0xe65fb95eb8a6435e57f67a631ec6281042354cef,0x000000f20032b9e171844b00ea507e11960bd94a,1,0xedb3fda423956e58fa1e69a3bf29795ecdfd01e2
0x3108ff39880df5c25017f7fd3ecca9de7cacb0c9,0x05c83581b2b78668039c0e5f0af6e0dd7bc432ee,0,0x05c83581b2b78668039c0e5f0af6e0dd7bc432ee
0xa56cac24af898429e6fedb98173fb8b849c81e98,0xe00d1bdde607544ec4eda6c59a249b3f9d1a5cb9,0,0xe00d1bdde607544ec4eda6c59a249b3f9d1a5cb9
0x5750918279d3f085c319baaf6aaee4fc699dcca4,0x7354936bc7a72c8baf5a2f9262e70a52c427be4a,1,0x8b79fa779af9391a10c5010101c180534ee9af4f
0xa9216fbcb379ff13ccb9e91186d776365d317c88,0x000000f20032b9e171844b00ea507e11960bd94a,1,0xd6f0c0643306b417b0b27b3174ac970970e7c714
0x72153e6cdbf7ca00273dee51a1eddef1e890246b,0xa6c5f2de915240270dac655152c3f6a91748cb85,1,0x5aa539da26bc7ff6f95f4df2747491e3485add36
0xd4372a3f591bde7a942202849f054cd44a11aa3e,0x000000f20032b9e171844b00ea507e11960bd94a,1,0xe0c264df2bbdf0b5b402c6bf05774851a6fe2219
0x35fcdd9273bdd2140c331842f3f332c8a91ab65f,0xce0e4e4d2dc0033ce2dbc35855251f4f3d086d0a,1,0x1d0ad4b655d8b49ceba4342765245b90bc4bd7e7
0x42e118bfc5332026f29fbe998bdb912d09a3dfc3,0x612e2daddc89d91409e40f946f9f7cfe422e777e,1,0xd9b6eadbaff3b46507ea9ac43def5a6e28bf03f3
0xb5a2b0ca41c35fdc2cb0b02a6a3c3f92e2263160,0x000000f20032b9e171844b00ea507e11960bd94a,1,0x157a8c49fe74e858aee39e99391cfef7275122df
0x51f7c8ba2f0b97d9beaf8211d32dc7681917d8a9,0xb7bbd564f30f17204a6d9ed68bd506bf4ebf139e,1,0xdb5116412c3444e69593babcf564226ab2815d94
0xece084f4a12d79744ffcd970e59083731378e294,0x000000f20032b9e171844b00ea507e11960bd94a,1,0xaca2968a9bc135ea064f3d1d5b565017d83204e9
0xd5a12bee423bbf107e6cdeea5bca4aa940a95b75,0x000000f20032b9e171844b00ea507e11960bd94a,1,0x7ad7f43ca78d329d855e09b88545b85b1c9d26a4
0x93c034d0f747b09e4111431ed4876d1e74e239bb,0x000000f20032b9e171844b00ea507e11960bd94a,1,0xf0c1fc53fa86fdaad8f30a0122eb7703bc4135e6
0xcbd345de086243f4443b4b781c87402130748a13,0x612e2daddc89d91409e40f946f9f7cfe422e777e,1,0xadcf87c0b0aa46d35487f43ae281c5c36c7ccf9e
0x058405217e8573df034f394af078112174ad0a7f,0x000000f20032b9e171844b00ea507e11960bd94a,1,0x224b047f0b34a8e23b536b9ba9105a3a3e387b6b
0xa97f694eb1899860ba28d6fbf3e0702ebab826f0,0x2269bceb3f4e0aa53d2fc43b1b7c5c5d13b119a5,1,0xad95de1a07d8358b7b3ddcd2f5d2912b2a9e7704
0xe7aa45c1462b1edace9ed99dee1d21d45be81e61,0xa6c5f2de915240270dac655152c3f6a91748cb85,1,0x2604c08f1f01936ca533fc699d598a981eddec4e
0x7e7c9828dd162d10d4032a9119235f6bd68ae9e8,0xa6c5f2de915240270dac655152c3f6a91748cb85,1,0xd7e7812eb4b8fd2ac5ca513462f4ba12ecb53668
0x1c5370aa55d248662257b66e3283f3340fbc7bbc,0xa6c5f2de915240270dac655152c3f6a91748cb85,1,0x6fb99fc659aa96950c966114c3fe010b78aae530
0x035e3ab3dd44cf8e201f11d92d9f548c29d9815f,0x000000f20032b9e171844b00ea507e11960bd94a,1,0x66a6db50dad7332aa7fc41bf16b7a24f6c7d67c7
0x553fdb67b693ebef0fedccc9779a0036fdaa77c9,0x6e42262978de5233c8d5b05b128c121fba110da4,1,0x901823d8b79b5bd037ae34ff0db3ac29091fec54
0x0bbcbc597d479202a2fec1e6b732800ecdbf2c16,0x0000000000aec84f5bfc2af15eafb943bf4e3522,1,0x93cd03c8aaa9e6ecc76d98604ddd06a6461eadc1
0xed43e7b183b0529f758b77d00e0600d71d284a81,0x000000f20032b9e171844b00ea507e11960bd94a,1,0x507017060cfb9e25a43691d4a00419c6fcd19bcf
0x12645e32c938b4318c9593c1b0411629c19071f2,0x612e2daddc89d91409e40f946f9f7cfe422e777e,1,0x2eb99b05a63a895673040e3d9aed612cc54d624d
0x64b5e1890809d531c757a6cdeb2a80b825e33786,0x000000f20032b9e171844b00ea507e11960bd94a,1,0x26d952b705274e3272651ae1d205ab2582526a7e
0xe11de5090da27e15150e48910c9c109b75e73115,0x000000f20032b9e171844b00ea507e11960bd94a,1,0xce2f698c766f1ef1dbd2777afa21a6e77d29aa16
0xb3c89a5a0f2af6ecff67f1475d1523c2e31e0dbd,0x99bde8367d7b99d2b1ae6fce12068b49aba47207,1,0x5b0c5875ba276631e7b35efb857b6d4fedf73e52
0x1a05d5bfcb88dca6556bac274538933dfa7e3612,0x612e2daddc89d91409e40f946f9f7cfe422e777e,1,0x87f7a146631d4d29cd7305d958a3175ed6a40503
0xab2ce2979596e19ff5530267522a32a9b66665de,0x000000f20032b9e171844b00ea507e11960bd94a,1,0xb90abded0a72f86d64b978822f91039c945bf3df
0x9146e981af1d809eb88be84110a7aa0f2baa5a14,0x000000f20032b9e171844b00ea507e11960bd94a,1,0x48fb378fd03ec3a7a1ac8d58714a56fda790aaae
0x604f2514190832ae200b015bc94afd97ecba0ea4,0x000000f20032b9e171844b00ea507e11960bd94a,1,0x4582b3c02124c7e20d35ef3a89c0212ad4c7d05d
0xbaef7f2164e1ec9536ada2e669e5aadf283d6671,0x000000f20032b9e171844b00ea507e11960bd94a,1,0x7396bf487605cd85ba8a027c068e1c2733bf5e68
0x0f2a3ec4e525c6aeffcdc1ff1eb7119d93f82a44,0x612e2daddc89d91409e40f946f9f7cfe422e777e,1,0x13b2dc84ddccf0972fdf1a05c5f05e824d764310
0xc6fc0504c1f9d5b114c3c6796fadace02bc181ae,0x612e2daddc89d91409e40f946f9f7cfe422e777e,1,0x1b5ba4be83078b5978276667cc0bb8c3eb218f1f
0x91dc2bbb46fb568511b63c91bfe1dec54c79afd4,0x000000f20032b9e171844b00ea507e11960bd94a,1,0x2a2362107290493efb81a077cc0cba53eb733b80
0x04c65b35f4286fdbd67133317e3b1252b9af4d6f,0x612e2daddc89d91409e40f946f9f7cfe422e777e,1,0x1182ed989ebb1cac8d6312bf08162b5c4e8d621f
0x650980066e313538d549b48f6c2b6785144dcc69,0xa2004b13db88f0f8c5ee71a18d42ec653a61da05,0,0xa2004b13db88f0f8c5ee71a18d42ec653a61da05
0xa2e65c066fbc9ddfaab68273b9787de0f2a5973f,0x000000008924d42d98026c656545c3c1fb3ad31c,1,0xeb31e5886a03a1d03a78869d71657f55ee987c95
0x50e7d21d918de9368b7c27e18b5377663131d43f,0x62c5653b71c26dab6624d9cc81610fb1d6920710,0,0x62c5653b71c26dab6624d9cc81610fb1d6920710
0xc021b3e1ad171065fc5f69dee9d30393dda535f6,0x000000008924d42d98026c656545c3c1fb3ad31c,1,0x94fb1642d4d5ad0fab8d6bd8d22522fdbc85ca20
0xa4026f3ba1877bcc5667b598a0b3a5af861861f2,0x76f948e5f13b9a84a81e5681df8682bbf524805e,1,0xdf46cbfcf723173f60f04872333b4e16ab82f228
0xa262a2f1abaea275b748a205bee7e996553bce17,0x5c35e73a435359277ebdc97209f2bfe89852b13e,0,0x5c35e73a435359277ebdc97209f2bfe89852b13e
0x0528b7bf8c92723f3351f3aef7a359e2424aee52,0x000000f20032b9e171844b00ea507e11960bd94a,1,0x1f9875aceb14e0c0a005d3e2ab7c3fb732426434
0x997b9d1056c570983a02848bae8dfbd4eb7ad294,0x090279d7ce8fda18a74972da2ca21299428cd954,0,0x090279d7ce8fda18a74972da2ca21299428cd954
0x68d1a4f9e29f37c4940131e12cb999e7ac1b6954,0x76f948e5f13b9a84a81e5681df8682bbf524805e,1,0xdf46cbfcf723173f60f04872333b4e16ab82f228
0x5ead0a2e435a0cd224cb1b36242af8012cdf0039,0x8529f80a7e0743444f2c07a3fadb095ab7de01b7,0,0x8529f80a7e0743444f2c07a3fadb095ab7de01b7
0x46ed0efcc5ea48e01998f94a365f344686c346e5,0x000000f20032b9e171844b00ea507e11960bd94a,1,0x9aa8b12fc3c0ec185d82347cbf1447f9c10bf92f
0x97314154f5d0733b3289ef1dbb0c79f60d94354b,0x000000f20032b9e171844b00ea507e11960bd94a,1,0xe21a5d75b215cd3d361f9336742b9171fd0c5cdf
0x903d7f6f1c6d1d69d2f6ce7c639169cfd088498c,0x00c53415d90c0edc134e8845591d1a67d2f28934,0,0x00c53415d90c0edc134e8845591d1a67d2f28934
0x033d2600e890b72b1a3a5279eec697dac6f8826d,0x76f948e5f13b9a84a81e5681df8682bbf524805e,1,0xd7ada5e38afef6d3366e838058be56a211eb7935
0xf7cb62846c7c4cbde99bad34a0d09ac4a03047d8,0x000000f20032b9e171844b00ea507e11960bd94a,1,0xedb3fda423956e58fa1e69a3bf29795ecdfd01e2
0x08d5834da43f13ece055586bd9e29155f39528f6,0x000000f20032b9e171844b00ea507e11960bd94a,1,0x7f78dea8cff0ce4fe2cbb05b02d20e840a02382e
0x4e7b9bedf7068807f8e217a0ed80d87bfe5f520c,0x000000f20032b9e171844b00ea507e11960bd94a,1,0x0fd2630413195a6606c85a18ecddd9aca2c34414
0x6ed61869434d32f7cb139a15ee209e73fde2f560,0x000000f20032b9e171844b00ea507e11960bd94a,1,0xea19a8b647a8411522aeb0a52d6dae98bc191f17
0x438839f32e3d3c99aaa8f5a13afe34b288bbddf5,0x000000f20032b9e171844b00ea507e11960bd94a,1,0xa11405a31e619bd0d1550cc5a4c21e819bf67017
0x2eb447d6633490af97a17ebf0ebf5724259d5099,0x612e2daddc89d91409e40f946f9f7cfe422e777e,1,0x78e9cc14bfd49fe7482599faba5b626e7fc2bf29
0xb491edb5e6336caf10009c38bd1769d6cbd7fb7d,0x612e2daddc89d91409e40f946f9f7cfe422e777e,1,0x3dbb25810d96b6160319f2f2f64baaef549ef370
0x56a66939ac1e7c31f449a9859e6977e482155839,0x18a28530452defb1cbdec5339a617a970eb38423,0,0x18a28530452defb1cbdec5339a617a970eb38423
0xd54bc97f9655dc1a01137d3d987b994d5ae66ea9,0x875d396a692352a2379bd3b9d08358f1107a313a,0,0x875d396a692352a2379bd3b9d08358f1107a313a
0xc193f9365f97596cf529f65495c3866a2ec5e271,0x000000f20032b9e171844b00ea507e11960bd94a,1,0x931345879886aa6ba09ab7ac36da1ad72f1e8ad5
0xdf755ead75bbd0a863abdcdff0c3e4c182b2dfb7,0x07186b9761a577579a0b64ae0d8bcf7055d48361,0,0x07186b9761a577579a0b64ae0d8bcf7055d48361
0x58591f2c974f28a2b338a1247dceec7d25c3fcbc,0xff915045dd04514cdc7fc5519786957cd59d282b,0,0xff915045dd04514cdc7fc5519786957cd59d282b
0xc24b1303290c78b886c6c92c7fe935c02b89d0e3,0x612e2daddc89d91409e40f946f9f7cfe422e777e,1,0x4ddb65b3a5dbca89b9abc306c8f5f17b2281e7f7
0xc672d020a404f4198e1fbecd5c39c386baed7ef1,0x612e2daddc89d91409e40f946f9f7cfe422e777e,1,0x30e95bf54bd52c6a64063869fe5647d58eea74c4
0x7ec5693192fdbc5b6cbb11a275bd0a972a094266,0x000000f20032b9e171844b00ea507e11960bd94a,1,0x4b26b39c1a3abfb9906185af7bdf0b7fcc93ee45
0x9ef46e631e5b8b8d18bfb0efab9e9dbd4de4ce45,0x000000f20032b9e171844b00ea507e11960bd94a,1,0x6f7179179a73921d53cf64971cd272fa108d295f
0xed3b072d1f2f8fbd42a13fdc02c6e9f7fab29d71,0x612e2daddc89d91409e40f946f9f7cfe422e777e,1,0xad3ac41bddc8a2ab21d7f8df4190886404461645
0x774540f82381a18f255ad5b8419d9f00b1430199,0x612e2daddc89d91409e40f946f9f7cfe422e777e,1,0x4931472932422e50659baa4a93a28e212bbc26be
0x044caa4bfbea978abf265111d4f52bfbebee0cb4,0x6f3b66dba3c318c405a0733d5d2cd67bfd57aa08,0,0x6f3b66dba3c318c405a0733d5d2cd67bfd57aa08
0xda76bf12ad7e0163b5715a13c836792c0ed3ec94,0xd7ada5e38afef6d3366e838058be56a211eb7935,0,0xd7ada5e38afef6d3366e838058be56a211eb7935
0xc50911a98d48f914f33e551aee05d1d59a5f78b9,0x612e2daddc89d91409e40f946f9f7cfe422e777e,1,0x740cf202c71bfc4da5cb8372e79ad88214df1a05
0x186c161271428422cbd512b5c0488f7dea62cfcf,0x612e2daddc89d91409e40f946f9f7cfe422e777e,1,0x769269ea2b761533728d1913f5a35e1a6c15b9ef
0xb6430bcae25fb358ef97c75e86c066b7095a102b,0x000000f20032b9e171844b00ea507e11960bd94a,1,0x3d837d3c908c2cf4aaa800bd81644e1911911b94
0x4bcaf8e621686b6bc4c8ca9675b8d2ce6be072b9,0x000000f20032b9e171844b00ea507e11960bd94a,1,0xc19769e52bc48d56b4176099273c92277f681719
0x123989c46de4598f0152a848a768bfdc50490349,0x000000f20032b9e171844b00ea507e11960bd94a,1,0x52556ddc8ebc5c57b335a2cb8f6b28896a104835
0x9889f86b294089c4d7289eb1021003789f714fd1,0x2dfa21a5ebf5ccbe62566458a1baec6b1f33f292,1,0x226475888418bdd5b29c2c70bbd133869df39d08
0x399d1247a272014f9c4c6b29254b6b705f8e60c1,0x000000f20032b9e171844b00ea507e11960bd94a,1,0x06e86712434ad6548113a3e8deeba27bc5e55ec1
0x0be19639886ee18c577a3db7933875fb88c1b4f1,0x000000f20032b9e171844b00ea507e11960bd94a,1,0xe41ef00a9701b7598e46e67a5a14733b4d1493d3
0x9739653f840d9273c7e60ed628c38a01a9403f50,0x8f25facef04d3edc27cbafb220b369540081aa39,0,0x8f25facef04d3edc27cbafb220b369540081aa39
0x81968b03aad833dc37801c6b57a44d27b99dce7b,0xf2b6090e8d738f97188c19cfc3c5368f94680f35,0,0xf2b6090e8d738f97188c19cfc3c5368f94680f35
0x8e1b70cc9cfa9908bb62b9495ac709e4708b6aab,0x000000f20032b9e171844b00ea507e11960bd94a,1,0x3f7e4992a9ba255f0c5dfe743b54afd9b83aab10
0x5efa03d432ae363e7fdacba57dc9fca625ed1ab4,0x000000f20032b9e171844b00ea507e11960bd94a,1,0xa895d37413c37cde9f303e0ae21ea09888551ce7
0x4c618e23ccd8a18a02a8819466389271f42747cc,0x000000f20032b9e171844b00ea507e11960bd94a,1,0x9e447a1b6e419021d53925483fb83aac68ad8e17
0xf8f1c758ec89c3ca128fa5eec7fc9af20b3ad889,0x000000008924d42d98026c656545c3c1fb3ad31c,1,0x76c9115b2cf711933c65f3afca5662ad178b9a08
0xdf81e89274fbc10d277fd712cd16fb8d1d253831,0x000000f20032b9e171844b00ea507e11960bd94a,1,0x7a94e7d3ed5d844749417875c145033dd66d98f3
0x3d605c7f0cc8aa859a1076a936d834f5971440a2,0x000000f20032b9e171844b00ea507e11960bd94a,1,0xb1b835017fc10dfcdcbe0e7b5b7b9ebcf1517014
0xf2dd1482fcb5e7a11cf05f981c050965ebf9f808,0x612e2daddc89d91409e40f946f9f7cfe422e777e,1,0xc79079db60b83356b052f69d5698b756fb7c9a75
0x3b8ac4d46aabc8b50f7e919a1cb23b7ec2fa6064,0x612e2daddc89d91409e40f946f9f7cfe422e777e,1,0x1ad71051ba295d3de7fc5d5e3b67855bcb84d12e
0xfe7bb1f3879f0d1557f8ffec2d52912099884e38,0x000000f20032b9e171844b00ea507e11960bd94a,1,0xb07ce80561c36d4800e04bf45c79600b9bae2598
0x62e5d5f7a30a074daaa53dcc5a31a6d7d6b4b0ec,0x000000f20032b9e171844b00ea507e11960bd94a,1,0x348546faba43853c8b59451ed758cd38f2c6a6bc
0xe91b7420bdae640fc169aea92ea6df675e64d45f,0x000000f20032b9e171844b00ea507e11960bd94a,1,0x7a065241264e899f890aedb32c6912bc4f7571c2
0x20707d42e4bcb5867ce62aef9680c4d04b6fb06a,0x000000f20032b9e171844b00ea507e11960bd94a,1,0xedb3fda423956e58fa1e69a3bf29795ecdfd01e2
0x957f575e289111dd1ececb1c814e7db6cfd4ec9b,0x000000f20032b9e171844b00ea507e11960bd94a,1,0xb5d7f3bd7657bbff2a27d173ef0a83a54f03d74a
0x923873a5dcf0556dca1bb481a1540d130ef90d2b,0x000000f20032b9e171844b00ea507e11960bd94a,1,0x42107c5c22d8848207b0ae3ecc4ff8b53e96c568
0xc266f1d1c2632df47e36f42bfc85259a1c146253,0x000000f20032b9e171844b00ea507e11960bd94a,1,0x8dc929e7c792430be6db9776b434e237696e8285
0xae8ebda854ed7c287d629c8af85d4bc91a50ddbf,0x000000f20032b9e171844b00ea507e11960bd94a,1,0xed2ffb0a222a04daa95f5eabf681f1e74b49dc28
0x6975832351564790096fe69bb1083e6a0956ec95,0x000000008924d42d98026c656545c3c1fb3ad31c,1,0x833a79c4cfde831b5e814fb28488d05b5faa6376
0x4d7408ed3e4911fb96320e2197671f1459c68be1,0x000000f20032b9e171844b00ea507e11960bd94a,1,0x2787c3469616ec6ccc3793377174035317f51ec0
0x00b7db6f73b12cb55aff0ac090b21276576e95fb,0x05d584d383611ba01e97e37296cf4d0dc1c4103b,0,0x05d584d383611ba01e97e37296cf4d0dc1c4103b
0x1f7b57015b77239521ca49a017b96e138485907f,0x59de7273191e6bf1907d614e94ecfbe8e5fb7318,0,0x59de7273191e6bf1907d614e94ecfbe8e5fb7318
0x2a8ecf08cfcea84d0b7a0a55dd95db76bef34639,0x000000f20032b9e171844b00ea507e11960bd94a,1,0x014c8e6838aa48689407082656a713c955f728d8
0xdfb768f524d33a44df3fe5573fafdab6543a7e29,0x4a4a4af232e7c293bdc7e34a13efe5297b47d571,0,0x4a4a4af232e7c293bdc7e34a13efe5297b47d571
0x3fbb34846e4625c8a5433299945ef7deff51a1f9,0x000000f20032b9e171844b00ea507e11960bd94a,1,0x80557a4d87df9405b6727448c8ba4130f7581eb3
0xd9a366936bd8b300fb6aa8528048215245a8a2e2,0x000000f20032b9e171844b00ea507e11960bd94a,1,0x9094cae71e20c8f71b6285c476d3edfddac6caa0
0xa4c490f6fa064c425631b2252903b547ea4fab92,0x000000f20032b9e171844b00ea507e11960bd94a,1,0xd3f7257fcf8f53b160f19c4ecc639b90f3bcbf7a
0x9cc5765623821ff3bc9d1e766bec16509e1eb915,0x612e2daddc89d91409e40f946f9f7cfe422e777e,1,0xa0e8f6fee75ea3454a1d7888cc3ddef7e9abf596
0x6361f1f174412fea1256acc2bad155d5cc446480,0x1ed826b8d24570db1a991c3e170177dcd1459a2d,1,0x271988c15e9f19a424731b0a5c26c264d51a4d58
0x7ebd3b399a26a44fcd00b387c946cd471e034dd8,0x2285ec40f3618718edf88a305fdf4b9fe89ba5ce,0,0x2285ec40f3618718edf88a305fdf4b9fe89ba5ce
0x1cc4e7ce8ffdb8949059c93a10e5122953009590,0x000000f20032b9e171844b00ea507e11960bd94a,1,0x91912ac84066a314eb0fe126e0df6ad03b827d5f
0xc2650ed2647c6f8127714bc0b144f53c306103ed,0x000000f20032b9e171844b00ea507e11960bd94a,1,0x9098ab455d4622ad9c4930049a48197d96e31ffe
0x4e2b3789600625ab0d75244f23c82dedaf395899,0x000000008924d42d98026c656545c3c1fb3ad31c,1,0x91912ac84066a314eb0fe126e0df6ad03b827d5f
0x2692b6984f6346ac6293bfe7701b5e28fcffb614,0x0000000000003d61b3d0a96b70b9c9006947759c,1,0x1012324537678ad4afccb99f08d92e151396830e
0x2b66988e7809f69795f643dafa51d08e0ce39cf0,0x000000f20032b9e171844b00ea507e11960bd94a,1,0x08ad09f3adfc6fa8fd8f29992bea8885c991fd19
0x717f5c9cd33a32c41473a03aaa1da62dc3035898,0x000000f20032b9e171844b00ea507e11960bd94a,1,0xf19a66924f0b13ad8b18750659e144792ad68309
0xa36aef23b33007a3fafed4c5b42439fea7362cfc,0x612e2daddc89d91409e40f946f9f7cfe422e777e,1,0xa5dc684d7bdaee389d2051685b326e13163286d8
0xdf06dab18d6e7c040f501ab9a4c30d91d58c1246,0x612e2daddc89d91409e40f946f9f7cfe422e777e,1,0xc0a3de4d4cd1ac1c7523bd6d88a08175a4b02a6b
0x61429d34baf4ea1b444645d6ea3a0bdccdabba5c,0x612e2daddc89d91409e40f946f9f7cfe422e777e,1,0x9c8ddbd6bb2944848009c02ce2f6ce40319e3f19
0x50834335fd3aa619c33e5103f7b9ceddf98fa056,0x000000008924d42d98026c656545c3c1fb3ad31c,1,0x52da7687721b7d31138bc59ef0271f7c0287b4e3
0xe67e75c79e698e308763471ca34e1ba3860cf456,0x000000f20032b9e171844b00ea507e11960bd94a,1,0xda976d04652551bc93f1b336ff306881eec99691
0x21add4686b1800f436c90bd6a3643d6c90ed5c9e,0x000000f20032b9e171844b00ea507e11960bd94a,1,0xd0369dade7d82c840f5516b69563a47e9622fd28
0xae526e8054c36f687348f038a0d52683fcc8a96c,0x000000f20032b9e171844b00ea507e11960bd94a,1,0x57ae16b9726b620f4326bdbb40bcefac013922f5
0x6e7dd2c31a9f2d90967ddc05485445eec4d2bdd9,0xa6c5f2de915240270dac655152c3f6a91748cb85,1,0x78f67dac93de4f1dcc155ac94b3e8e6bf8947935
0xffb75ca7702b93efcfbd4d8db863e67aab6fae88,0x7354936bc7a72c8baf5a2f9262e70a52c427be4a,1,0xe6dc2d50a06cafa1a87b30fa7a337488bb576d4a
0xe9496b030f6396fdd5ca6ab6e635d04fff628e47,0x000000f20032b9e171844b00ea507e11960bd94a,1,0x0f23e12ba2b98f8303adb0d880719dba9f8344a7
0x6bca308966b997f23052bf6c57527a6833a93968,0x000000f20032b9e171844b00ea507e11960bd94a,1,0xcc84ebfffe1b9ceecc4c93aac645b3ec3feb0199
0x65a5d691a4ae56f5a6c1d3708fd1fa3c3914d862,0x905347ed3254d679a157151bc20619a635c516ff,1,0x817d78a9087ed90924ea8b6c229eccf92089f782
0x61ab86583897267f3a29f342af34e05371a92c72,0x000000f20032b9e171844b00ea507e11960bd94a,1,0x3697a1ad1a439c435e3df616944395f243f1311c
0x861f1c4a8dcdbc7ee9260c2ceb6e57ad9590a1d8,0xeed9e24cb752e60f9c8a3714516c9301e58c54b1,0,0xeed9e24cb752e60f9c8a3714516c9301e58c54b1
0x49353548aaa8c3df876e340678b2c49b8383cd46,0x4d0d7476cba857576fbc151673459b069a9c9475,0,0x4d0d7476cba857576fbc151673459b069a9c9475
0x8b3929e347cc6f48efc4f31f15a2b5e37d7280b9,0x961d6564766b2929f20339ce86103f51318adb11,0,0x961d6564766b2929f20339ce86103f51318adb11
0xd709e3ac83f3a3af098f90747edbd634742a302a,0x5f07c806bb6e54d468bff224fef922ee6faac1df,0,0x5f07c806bb6e54d468bff224fef922ee6faac1df
0x46edf843f86fd23cdd1bff3aaef052817ffdfa2a,0x612e2daddc89d91409e40f946f9f7cfe422e777e,1,0xb9d388cd29ee710c52fba21ff2f38d74f360f1ac
0xf30c33cd14a8f14ea7b8261cc4d343e6e7198154,0x37b930d5b953d9e9df8b5d53379a410d855fccf3,0,0x37b930d5b953d9e9df8b5d53379a410d855fccf3
0x30d3c6ce453ce400ce80b647ffa9ffba19af5d88,0xfec360f69b1d968219cf1887176b2ba54aad3a2e,0,0xfec360f69b1d968219cf1887176b2ba54aad3a2e
0xd3451c621187b510799d6d97a88c6fc297a4ca19,0x9d7c2d27555567a53825f201c0c4ebfbf4432877,0,0x9d7c2d27555567a53825f201c0c4ebfbf4432877
0xae05c56b423af751478bb7195947468f8c729e94,0x000000f20032b9e171844b00ea507e11960bd94a,1,0x8fde4afc96951b3a216fe3f17989b4db4a4d3826
0x9695cbd9034304ba97922739358b0fde16585dec,0x2dfa21a5ebf5ccbe62566458a1baec6b1f33f292,1,0xf3889ef1466095f4ccf4507eb74506e588754e41
0x9726f827fdf9d8262b0259ff078ecd88afe62413,0x612e2daddc89d91409e40f946f9f7cfe422e777e,1,0x442296cc93035b6b754e4782ee077232a37b76d0
0x21c9953803a97824379ae8219d271e41c2872111,0x000000f20032b9e171844b00ea507e11960bd94a,1,0xa4b32bde02e37db63107b85465be8976d9de47cf
0x1365f778a1278ce68723bcaef4aa98d22a0b1f99,0xaa313ef5efef097e100c1831cfe23755df7f9657,0,0xaa313ef5efef097e100c1831cfe23755df7f9657
0x65cddd96068ee782c59f6f964b677d152f0af59f,0x000000f20032b9e171844b00ea507e11960bd94a,1,0x8b93e37175a16fc0301899a8376a85147cc6ab0a
0xd0c8926d4b8d75ba7f75735cab777bf89ef2c609,0xa6c5f2de915240270dac655152c3f6a91748cb85,1,0xf5851672ab7fc8729de7472dd273066b5e3b4de5
0x369a3ec92ad08a6b870c881c8a5e429d987e6584,0x000000f20032b9e171844b00ea507e11960bd94a,1,0x8749179276c47e62901bb3eb13340258d451896a
0xdd7b9b88207f02275977125e6263f7c19b32dec8,0x612e2daddc89d91409e40f946f9f7cfe422e777e,1,0xca0d150ab2d7e0f9a7687fc2163c498f41e30708
0x36d69e5d81225dde24d5d510a061c6671b606d00,0x000000008924d42d98026c656545c3c1fb3ad31c,1,0x3a8432ee06e63d4eb3cc791c4132fdc722d51ec9
0x2078fb2167fef3ef1501fdf6464b79a626309fc5,0x000000f20032b9e171844b00ea507e11960bd94a,1,0x389b8be2123b586c0bd843ec8320d0e024a7e6bc
0xabc610e438d9ccbb6ab2ab6952d2a737ad33dc79,0x97be94250aef1df307749afaed27f9bc8ab911db,1,0x238b649e62a0c383b54060b1625516b489183843
0xdeb9a8ca8cfcd09a930ad887bb9f23885c2b4b5d,0x612e2daddc89d91409e40f946f9f7cfe422e777e,1,0x23ab8cc9b8cdc2c9830dbeddd1c59d32014a41a2
0x0ffb2dd3e135042ad77f459d76c111c7ee6710d1,0x000000f20032b9e171844b00ea507e11960bd94a,1,0xfe782d7e89df8f7b30b810a4c4508830fbfc176a
0x72ef99d74926a651a2d2b5cb47406aa9288dc3a8,0x000000f20032b9e171844b00ea507e11960bd94a,1,0xa7b5fde7b98a624f8fcbfca3a9a770642bfa31f7
0xfcf78794378b9bf9c4e1a15ec306eef07fcec237,0x000000f20032b9e171844b00ea507e11960bd94a,1,0x95dd4bedd27f441310e447316b11d2543f4d6c01
0x0f23927b0466be6531e8dc84f047d34209a88e41,0x7354936bc7a72c8baf5a2f9262e70a52c427be4a,1,0xeb54faece42cc85676dae7855b30347fdce1dc4c
0xe8418bf4ef3bbdc28ce89f5f1a5a2c003cc6d190,0x000000f20032b9e171844b00ea507e11960bd94a,1,0x0fff9f0c37c5489cb9b0ee898b48c7721fd6edac
0x1a3e1a0940878f05e028a3c5f66f18ad41f32c78,0x4f92ae4960a6ac49fa88bcf9d6d4b8c53f626a55,1,0xf45381a87d78398027558ca07f410dea41317e03
0xfd9f29a6cc107da176c37fd074022dcbd2a21b97,0x000000f20032b9e171844b00ea507e11960bd94a,1,0xd84aa8f64069ad163d541aed34e6188e15a29476
0x106587d907ab9346822b4d72e25710fa5aa652d5,0x4f92ae4960a6ac49fa88bcf9d6d4b8c53f626a55,1,0x1c788809c1b3cd1857535282fdd4c66c97b8e698
0xbc8480b8e49e22cbbf6c09b5020b452aebbf2fe7,0x000000f20032b9e171844b00ea507e11960bd94a,1,0x2a7106597a47f5199758b3bfddc2d868adb7bb26
0x5c52684d2ec7e9bbb5447ad056f23cd216536445,0x000000f20032b9e171844b00ea507e11960bd94a,1,0x840bf99d6abb7f9b7cf3ebb8874e529652b99fe2
0x6e9185302335ce655ed4938255672db9f9c9ceaf,0x76f948e5f13b9a84a81e5681df8682bbf524805e,1,0x1b66c6c91b7cf8015a354b01d6411a87161c1215
0xde2f79f683224d64a948cb0c9b44b6689d81a488,0x800df3ae6a276f20679451f55b1b8a60368e4e72,0,0x800df3ae6a276f20679451f55b1b8a60368e4e72
0xf7b9da9245a8a3a299ed469fd4e8f752d5c15708,0x000000f20032b9e171844b00ea507e11960bd94a,1,0xcd058f731207cd78519e70ff78eea905a70ca6ef
0xbcd4facebaa4b2ce1da2b5842a9d014321220b20,0x6ffd7ede62328b3af38fcd61461bbfc52f5651fe,1,0xe35b827177398d8d2fba304d9cf53bc8fc1573b7
0x099d8da35380d056c2100547acd101d3353e7cd9,0x000000f20032b9e171844b00ea507e11960bd94a,1,0xeaedd10f27d745048097c8fe64b948ec39cf5530
0xf16e58b6abca206e8a4afe427a7271a2fc117414,0x000000f20032b9e171844b00ea507e11960bd94a,1,0x0929f977ada6a57e40430ad764d7177bdc9b043f
0x6c577c6a3536de93c22c7bc518de03dcdddd102e,0x612e2daddc89d91409e40f946f9f7cfe422e777e,1,0x0e934c0e7eb93880820534fd60683188e963b973
0xe9e75cc91a828d022d9d8afb8baf0ff76100ee89,0x0591d820537bcd58096f31199b943e6d1eac327c,0,0x0591d820537bcd58096f31199b943e6d1eac327c
0x2069ec2f35004c1c0b2c9a5cb152e4d6aab33b07,0x000000f20032b9e171844b00ea507e11960bd94a,1,0xea45355e3c47dc90c63a58397587e886ba9f6d4c
0x996592efe9398f5169b7b785ae68a67ef3822d2b,0x000000f20032b9e171844b00ea507e11960bd94a,1,0x6268b008dde6972b29b79e36e64e466442471bff
0xf9cdcbe61ce20ae3200926240683edd140348f77,0x612e2daddc89d91409e40f946f9f7cfe422e777e,1,0xcd06f66e685496867df352eb49612edcaea80f00
0x3b525b2db8e89343059ef91f3c902f60e4ba9aef,0x000000f20032b9e171844b00ea507e11960bd94a,1,0xd32968b69638f0fe7fd58d041fb1c7e91a024e78
0xa3a640ec9d190c6524781db3d77ef1238a4c64a2,0x000000f20032b9e171844b00ea507e11960bd94a,1,0xb34713a6af83e5b9d727eefd5de01659bdb746da
0x443c140c2f7ce77609686a49d5efb0ec89c76576,0x7354936bc7a72c8baf5a2f9262e70a52c427be4a,1,0xe1545d84cfa6f0469341b37c71474ac53a475a39
0xaa261bf310945204aefb5b052e08ccc65c35818b,0x000000f20032b9e171844b00ea507e11960bd94a,1,0x231820ba6fd92f9def940649ca7b251614082f30
0x1b5592b8730698a5f4fced07254f6f30782ad61f,0x000000f20032b9e171844b00ea507e11960bd94a,1,0xca70fb87931eea615bbdb710fb30cfd17d2ed282
0x0058556fff29a4f3f2024ccbe6645e6e942b6be8,0x000000008924d42d98026c656545c3c1fb3ad31c,1,0x1a7f32c517a2ef311715e39e2122535a3494325d
0x257fac33fccad81d70f163c1a6b9e23e48b92772,0x27792e7d87a5f05334b52c0584ad8497852aef8b,0,0x27792e7d87a5f05334b52c0584ad8497852aef8b
0x29806f89aeff3736d186f0a67c1cbbe5340dc239,0x84be1251a173f433b2c735b0723e52e6220573e0,0,0x84be1251a173f433b2c735b0723e52e6220573e0
0xf802064564c6da4d865e6ae6be934645ab745bb3,0x000000f20032b9e171844b00ea507e11960bd94a,1,0x29cf754e65653f7ecfbd89ac29b92801fd9409db
0x027c670c20f32c9a31310ac6512da5c5ed6e497b,0x000000f20032b9e171844b00ea507e11960bd94a,1,0x5029bda646b57b8e94e4f101e380b3be11137d34
0x979bcf70a5a9deaf43634fd0a4ecdf0ed53c9c5f,0x9302f3e43858504ea18e89063beceef10392953c,0,0x9302f3e43858504ea18e89063beceef10392953c
0x2296a487cd4c86c86ee9925595cf16a52e96a8e1,0x000000f20032b9e171844b00ea507e11960bd94a,1,0xcf2cc1f33ecd27f214b6019535609528b2f55a0e
0x5c6a178a09f23f9e4a5ee67bfe48facb35f952ca,0xa8cc6dc1d07282dd5e614b08ca7e02153e4c517e,0,0xa8cc6dc1d07282dd5e614b08ca7e02153e4c517e
0xcea91f690b06314a5120b220ffa40203b967c095,0x000000f20032b9e171844b00ea507e11960bd94a,1,0xf9e5f71ae1ae834bcfdacfea64df602014b00d32
0x1868e737bea0f85c214958ce4dd7cec58c8b343d,0x000000f20032b9e171844b00ea507e11960bd94a,1,0x3e4cd24b712736abce76cce4c252bc83ed7086d3
0x80d57e16a0fa91d67241fd920a5df2c04c47b176,0x612e2daddc89d91409e40f946f9f7cfe422e777e,1,0xb73ce0358eabd8234c50967fba5b90d7d7a282d7
0x1c1a2297bb2691947b591a317f9a7f619dd0c07f,0x000000f20032b9e171844b00ea507e11960bd94a,1,0x9605baf98dc8acc9c1c8e8e61e2ad819678de795
0x48881fdc86ac2758628a3bc05ffce6a14c57d808,0x000000f20032b9e171844b00ea507e11960bd94a,1,0xa41f0c60e142ecd9e24eb3fa606520237cffd9cf
0x42347db440ef412bbe19c0841895a4b98256885b,0x7837d5f95b0d9816df0437981e3c2b26160ee7e2,0,0x7837d5f95b0d9816df0437981e3c2b26160ee7e2
0xfeb2b5e207e4b8aa016b4e1b27b5045309620ff9,0x612e2daddc89d91409e40f946f9f7cfe422e777e,1,0xc10265a30a8ead588cfdf7ae56b98cbbcb9c923c
0xab1fd5e7bc5c29770231cd86ab5a83158acd2b72,0x000000f20032b9e171844b00ea507e11960bd94a,1,0x069caac9c0c7fa2eea3800279e69650dbc91a48c
0x683c496dbc74c578c9b52a87554c40eae34329a0,0xbe2a2bed0d69a57ac92aab4899ff69af06e3bf4b,0,0xbe2a2bed0d69a57ac92aab4899ff69af06e3bf4b
0x4b3ef2225e1246ec49d78fa7bddf4cee6039769b,0x000000f20032b9e171844b00ea507e11960bd94a,1,0xd12b519d51ce10376ad7f5c5764fa39769f8c9a7
0xa7fbb228d920ffb16d06e190bbe0bb576d0b3f01,0x4f329135096acc3dae209a9b36b182e9c1d237ac,0,0x4f329135096acc3dae209a9b36b182e9c1d237ac
0x98f5448edff8aa5edaaba662310a1838ed7f4736,0x000000f20032b9e171844b00ea507e11960bd94a,1,0x52d26eefb09d0c3b8f3bd3075867d67d210eb7c0
0x6b4747cb74c958fef6ba9e4228ca2782d11fa9c7,0x000000f20032b9e171844b00ea507e11960bd94a,1,0x5050439a0cfaa783e72c6325bf18b68ed864b2ce
0xb7bcc14b51fbca419b37cf720d8250623e421323,0x000000f20032b9e171844b00ea507e11960bd94a,1,0x4945fb0cae188cc36cb62cb471fa40e27a359415
0x5ea02a3eb84575ecf331589bfbdfdedffe1df5fe,0x000000f20032b9e171844b00ea507e11960bd94a,1,0x3de907be52264a828895134ea689cebbcd39b207
0x9dad5f482b6d207ec81fa0b68676574a411ea66b,0x612e2daddc89d91409e40f946f9f7cfe422e777e,1,0xe4880ce07966ae193144805fd2cb995febd3adfb
0xd9cb269560340260580ea64bd47b92a5f5ef70d8,0x000000f20032b9e171844b00ea507e11960bd94a,1,0x6ac1fad2e0f0741ac9c2e101ed535dc78dc75f9d
0x620f048534e8f9e082966011a2df4d97cf1d0870,0x612e2daddc89d91409e40f946f9f7cfe422e777e,1,0xbcdef95d25acdd6351e77206eeedb8e3ed64ac8c
0x14362ca6ac4c331f325a89cca10950411046908b,0x612e2daddc89d91409e40f946f9f7cfe422e777e,1,0x47d7b8f32d141ec4ce5ccc48ec271bb62834f1b8
0x90fce5b5d3371eb676b75f18affd0b651d2758d9,0x000000f20032b9e171844b00ea507e11960bd94a,1,0x0e583bc96dcb38fb6c87e3832ff38d4354b4414d
0x0103ef28e2ba166b13479bce997832687d64d047,0x5bf79ed30cf295401e2bdfc4431af8b1cdf038f1,0,0x5bf79ed30cf295401e2bdfc4431af8b1cdf038f1
0xe85aa1ff7fc6dd5ceb2d855bdb062d33ea0bf4bf,0x000000f20032b9e171844b00ea507e11960bd94a,1,0xdc13aec5f9fb0b1660b22c66e9c6a9c82c948af5
0x01e0f66c8be7552d2c4dbde70d2f49a2964876bd,0x000000f20032b9e171844b00ea507e11960bd94a,1,0xe9e5aac5ccd4a2ed76e81e1647fabccf927eec49
0x5e9647539c47567b1c19c22c7f8ba4b60ce6dbf4,0x000000f20032b9e171844b00ea507e11960bd94a,1,0x3b5e1e1a87775428a248419391c3c461b4708cb1
0x9c6effb531aa840e8b9759f97915f66213867192,0x2dfa21a5ebf5ccbe62566458a1baec6b1f33f292,1,0x096091af2f829450ab41126c4f5fecf93cc253c9
0x3c200a15cd66d7ec195a0060ddc76399315d1062,0x000000f20032b9e171844b00ea507e11960bd94a,1,0xedb8afc783c80f83a942303e8cfc826758fffc13
0xf0131a63b4c2ae6c38dce1817ee8b20a06e6c688,0x8d1fa935e5e8a5440c9efc96c0d9ff387ebb179b,1,0x25788fd5e65a94f1f02604c8d72d05e0bf4cac5f
0x45a62cd0c4f59681740152df24697bb22006e508,0x000000f20032b9e171844b00ea507e11960bd94a,1,0x45683281fd5173a4fe7135066cf3a71a76f0e5dc
0x64610a7c804be0efeda7fa7c47c0b39bead52a2a,0x577c58ebed517748b752252de2a7cbdb92c3a739,0,0x577c58ebed517748b752252de2a7cbdb92c3a739
0x3cc8d8781757329e60355d5a74f3e22e04a7791c,0x000000f20032b9e171844b00ea507e11960bd94a,1,0xb5afb32843e207e55fc117b3ae7c06fbb36937ab
0xfc0dc8e92937105a9cc08d5ddfcafa20d5f41260,0x05d584d383611ba01e97e37296cf4d0dc1c4103b,0,0x05d584d383611ba01e97e37296cf4d0dc1c4103b
0x6e35924e01f8af3b13582985cee25f11baf38848,0x000000f20032b9e171844b00ea507e11960bd94a,1,0x87e2fa8efc9f4f3bddd79ff8626e2be3dfc7ff71
0x31b2a936aaa2afafbbbf8e3ad86e449b82e950e0,0x44583ec8a255cb1dd9c9a03d3de306a69318f2f1,0,0x44583ec8a255cb1dd9c9a03d3de306a69318f2f1
0xce7f9f495f7e20bbbae2b1eab06ab75b5a172923,0x000000f20032b9e171844b00ea507e11960bd94a,1,0x5378204c83f156fb76a083a2daac6a4b5603f50c
0x7008c32c09177b44e217a25205a7aa2efb56e86f,0x3acf4eb191960c49860503f628a6f7c300b0e7b4,1,0x7fc740f272cc47a5245cea84c352ed43da966e88
0x007ced629127a0117c667b32779d789d22f2324d,0x000000f20032b9e171844b00ea507e11960bd94a,1,0x95a24e67cd07307e8d16ceac13792283187a10f0
0x6bd6495ae47f5e65eb33868678a16c39b10118e1,0x000000f20032b9e171844b00ea507e11960bd94a,1,0xccbe6a234162a8c0ed2b43b8cd67952229d78cdc
0xbc46ab5b9e8a0b620c150cbc343f4321ff4d0346,0x000000f20032b9e171844b00ea507e11960bd94a,1,0x53c3452823f3e74655e77d2875186ae64da1f09e
0x75a34bcf1e51931b4f2136fa0e7fbd7df12c8457,0x05436060aa3a75e1172386ca5a22f61096a41806,0,0x05436060aa3a75e1172386ca5a22f61096a41806
0x10dc90587ce0b24a167f41f4a606bca1606677af,0x7f4ac1d9e06f95be2d8bc124e6879bcc9bb3cb96,0,0x7f4ac1d9e06f95be2d8bc124e6879bcc9bb3cb96
0xa39311d3bfd78fa1fa9e2b8146f23ffbf247d6e7,0xa85bf404566b26e77801f1d2547a3cf7d1567fd4,0,0xa85bf404566b26e77801f1d2547a3cf7d1567fd4
0x150674dc6423111055cfba1c5430af9c0c9444b0,0x92c159895901439caa212997d505083a2fe88885,1,0x8669d372d2c06aa932b3221ef4def9a603452071
0x28d27cb7f9c98936b82831ba6adbc8d60b20deea,0x612e2daddc89d91409e40f946f9f7cfe422e777e,1,0xee26210b77683fff39485125e91ef8d23098a0b2
0x9f7d9230f205d5a5b6afe16644644443f972363b,0x000000f20032b9e171844b00ea507e11960bd94a,1,0x3fbdbdf4c718f8a1331e42ff41621599a810d26e
0x11d7c200b839327d059b7aabfe0a746fb4ab653e,0x000000f20032b9e171844b00ea507e11960bd94a,1,0x06ecdb8883ece9bce04c697fcab803e5c3ae88f0
0x210dd1f7262c659eac87a50720a8ee18d9d4beb5,0x76f948e5f13b9a84a81e5681df8682bbf524805e,1,0x656a1644ccbf2f9bc002240d0e577cf33f388a6c
0x06025c5bd2ea35a44377394f94f53668f73d4cf5,0x3f1f18c75dbe7919e054993cea62aeea89996dbd,0,0x3f1f18c75dbe7919e054993cea62aeea89996dbd
0xe0b447886cd74efad0eeaba7c02c6693bce06890,0x8d1fa935e5e8a5440c9efc96c0d9ff387ebb179b,1,0x3c63838b0bda0cb9066fcfa3ce3421e082840c58
0xac7ffa6bfd69523946627b4d4d5ad25cea6b4487,0x8d1fa935e5e8a5440c9efc96c0d9ff387ebb179b,1,0x210cb038bf98d0f15586212e6447df2337aa7418
0x3d6cf36ae4ef3c792e0a1e35a395144ed7802236,0x000000f20032b9e171844b00ea507e11960bd94a,1,0xa539a418d1b9f09404e305fae7a3694c346b6934
0xc0912b0a32861b8de0d2224d8f24d784efc8bfe6,0x000000f20032b9e171844b00ea507e11960bd94a,1,0xb286cf6c1385a386a821a2a155ce0461714a1d92
0xec14c247b9121fdf10b161772dcd9b13195574c4,0x927014f32fdadb3267264597b3c7583454f3ac21,0,0x927014f32fdadb3267264597b3c7583454f3ac21
0x3f555bea4cb9d9536419bb9a196df5ac60ccc07e,0x000000f20032b9e171844b00ea507e11960bd94a,1,0x3c81bac56b2b110fbc436c14e7e2e3743ad8a2e9
0x50010461a4cc60dd33de42084cf2e80290a993eb,0x000000f20032b9e171844b00ea507e11960bd94a,1,0xc870fb651a7e18d0bd2223b6ac6afe0529172ef5
0x4cb092593739345f7b558d82fde4875449c422da,0xbd330355e09d28881bf26efaa0841f021350456b,0,0xbd330355e09d28881bf26efaa0841f021350456b
0x6ba004b0a353f162bbc32fc6e680a7cc4da1a8ef,0x000000f20032b9e171844b00ea507e11960bd94a,1,0x3404f3582eb60d1f92189ca0a5556ecb824d3e84
0x249f41c4eb392ef84534f40a334c49efb92fe2e5,0x000000f20032b9e171844b00ea507e11960bd94a,1,0xfaabb182824f38875be4d7b91326ad8737a1a8fe
0xc338dd28af2f0d8472c2aa979e798d633f98a2bb,0xa6c5f2de915240270dac655152c3f6a91748cb85,1,0xc5aff0252ee7dbb7434b91327c4189e6f2e4fe87
0x8731198a7adaaf6d5e0597f7ddd5351e3e1981c3,0x6dc03a62a704641316fc5c9c773d851820e4bac0,0,0x6dc03a62a704641316fc5c9c773d851820e4bac0
0x88efea04c0298b5e5e9cbe88aa7f577209059ca2,0x000000f20032b9e171844b00ea507e11960bd94a,1,0x23682be87cfe14328ab323e70c63de8962a32a02
0xace541de4ee745bc6d7e4d82b7566f5abb8e0d03,0x92c159895901439caa212997d505083a2fe88885,1,0x62b4bcafe045048916632a35a5df563790eebf81
0x077131023f8912cd9127bed15507ff1dc4ceff84,0x000000f20032b9e171844b00ea507e11960bd94a,1,0x73826f6707c5387eb155714064afd735130cb311
0x3c67b30135cc435c8026123db1ac05b8f5a3a4a2,0x000000f20032b9e171844b00ea507e11960bd94a,1,0xdbd5672ca92cfe2361fa3b0033aaa416f0d3945e
0xfec71baf1f26137d585b486a53820b75b212e101,0x76f948e5f13b9a84a81e5681df8682bbf524805e,1,0xff1896cfc912ceda37319eba452906dea8cb343c
0x6254b88e5e763692abfdd1f70ed5440b400e262c,0x000000f20032b9e171844b00ea507e11960bd94a,1,0x777bd2e22211f056e0b190b27da10635dd863b66
0x7928adf66679165f0629d5cb295ec80e0121b067,0x000000f20032b9e171844b00ea507e11960bd94a,1,0xaaa6b97c47643d98341196628329324908e9ea4e
0xd7765cfe9844a1c36cc7a6c81509124f44d14908,0x612e2daddc89d91409e40f946f9f7cfe422e777e,1,0xa7625e30eb5356a0b777e9617b55a92dddff2975
0xbb7a7edc47c5f281f08e5cb315c5430aecd3c49c,0x000000f20032b9e171844b00ea507e11960bd94a,1,0x77017a25049607dfb4ba99152a50b897978a10b3
0x2148832d9f94b683fb396ed863b7624e54c8530e,0x000000002c93cad6f9cfd00c603aef62458d8a48,1,0xb0dd496ffffa300df1eff42702066aca81834404
0xdbd15f15e37caa1586811b3fdfc1ca8d4651eda4,0x2148832d9f94b683fb396ed863b7624e54c8530e,1,0xb0dd496ffffa300df1eff42702066aca81834404
0x869c0bff6127566db7826d6315df1fed1f920641,0x6029278f5160006c4f7574b6a7dbab43352d19ca,0,0x6029278f5160006c4f7574b6a7dbab43352d19ca
0xa6e66c36bf36e5103c76be78a26735143160f4b0,0x000000f20032b9e171844b00ea507e11960bd94a,1,0x27d82d44a82934b8e4f0b49b0ee7d211f2b86156
0xe6ce9121fb94d0c5b7dbbfb62c0a28c61b3512ca,0x612e2daddc89d91409e40f946f9f7cfe422e777e,1,0x0c2ff18a078a34276f1fe46b3198b83e57601c59
0x8a14eb7684c3a6b3208e8ffd5918c73fc8c32e7c,0x9f74f3bff2a2b2ec73b89b3dabe0c97030b54db9,0,0x9f74f3bff2a2b2ec73b89b3dabe0c97030b54db9
0x11ede35d3b966e10b257dc36b08a4f5e54e8ca99,0x000000f20032b9e171844b00ea507e11960bd94a,1,0xfa3b2ecce2871b36037e18144e81a1bc3c16f612
0x18f643462236433fbb75ef8607d0c290cd12b5d8,0x000000f20032b9e171844b00ea507e11960bd94a,1,0x5f448600b03c29982ab3daa90526aef4a8cc6874
0xb743b80f6505651aba61ade967fe0029a0f6a01d,0x612e2daddc89d91409e40f946f9f7cfe422e777e,1,0x29d7e1da8daca7a9d1edaec80255bbaf0eef594a
0x5f18d9362a405e25ea7620ff8d580aeef8809ef0,0x19478179ef8bb7c4792a4041903080e097d137dd,1,0x85e9cccd27b3fd4f2b1b499e75051ea6f68933d7
0x551c19cdc50277d7da874a40ea677cede0b7802d,0x000000f20032b9e171844b00ea507e11960bd94a,1,0x9860089c5c8aa6fedc692bfbadafe8eef5387067
0x309db84153f9c3cfe8b5bee791b4ae4d6f0f0c83,0x612e2daddc89d91409e40f946f9f7cfe422e777e,1,0x1d413e334ba591a998a5003dcacef0756199b875
0x6adda2775d14cc5167bbdcfab3c74740d9999d9c,0x612e2daddc89d91409e40f946f9f7cfe422e777e,1,0x86f2ed0e7ba3e8544b55e6cb08835c8678c928eb
0x1bde8c818237a16d290440b56a0a6296b66ffcde,0x000000f20032b9e171844b00ea507e11960bd94a,1,0x8f6255611264d3a8a9c1843d79adb448dd3189e1
0x8b69f7b2d8840da6a497cdead5b3556bc32ebcc6,0x000000f20032b9e171844b00ea507e11960bd94a,1,0xaf6eef85639ed75559a698183360f7918775500d
0x6d804788270a2128ebf0efe2ab5073b050b6ba9b,0x005d64623d8acf081e71664c9344086a54fc564d,0,0x005d64623d8acf081e71664c9344086a54fc564d
0xe3b61f79f2dde17e218a8f98a69228ca50120050,0x000000f20032b9e171844b00ea507e11960bd94a,1,0x246bd809ec08e84dd14e0aa9b8e04bfed6e73a42
0x91ba2290f7f62ca94a7376126aeb85a893a9f4a9,0x459f0b147659359dcb0a96a2378b543f8e3a9c1f,0,0x459f0b147659359dcb0a96a2378b543f8e3a9c1f
0xd2d3806c63bdcad45cc4b9fd8201c561e7a0d98f,0x19478179ef8bb7c4792a4041903080e097d137dd,1,0x41e12756498322b479f889af2b2f4b29a85d5605
0x2524894f1e17b0e9983ad799db158bc712c52aa3,0x000000f20032b9e171844b00ea507e11960bd94a,1,0x1798ff66370e5cabf14b517ade38640590b383be
0xbd53e87b8792d392fac5c17445997406b8ae17ac,0x000000f20032b9e171844b00ea507e11960bd94a,1,0xc9c8c2a47d03817011d994d8b1917f86a5ee64e5
0x48966c62bc125690b66a739c36b0af5a8436d109,0x84395b701ce9310399f93080ca30ea098495e2df,0,0x84395b701ce9310399f93080ca30ea098495e2df
0xfea68748f49542fe5543ac1e8ec5c2c369338eab,0x92c159895901439caa212997d505083a2fe88885,1,0xc0c05cb9a2bbaf50c190bae0a77f6a354f63608c
0x05f6e2346e1fee2d77600ca3fe7e33d78d3c9167,0x9302f3e43858504ea18e89063beceef10392953c,0,0x9302f3e43858504ea18e89063beceef10392953c
0x37b14b158bbde4ca0818f53c5c3e10bd7313ee18,0x000000f20032b9e171844b00ea507e11960bd94a,1,0x8b2b35e3785a5f76439fdd495c6acc4895b18df0
0x77e1aa689c30e958fa1c11b71f5f98a7acbfd809,0x93e3da489dfcd40f393750a160b7fd4a2d7fe2ae,1,0x16b3b86e5d84e6ea5c0794da17788e6e9180dada
0x97f159353cfcd8f6a747f3baf6f3f522188f8874,0x612e2daddc89d91409e40f946f9f7cfe422e777e,1,0x37c196fbd9a4355af684ff988ff4a17ccb181ebe
0xb139e51a21147158ce47613d2278c7641455a42f,0x7d55580ed3479db36b1d680517ffe408ef177e05,0,0x7d55580ed3479db36b1d680517ffe408ef177e05
0xfd3f0befceac7d0f680d40fdd196b4ad4b4c419d,0x2dfa21a5ebf5ccbe62566458a1baec6b1f33f292,1,0x353a933e1b892777de5e3e9a568e4d1f7d86e28d
0xa869a6d1f8b051d6f0de14a813af2383189a18a7,0x612e2daddc89d91409e40f946f9f7cfe422e777e,1,0x8caefcdca4906a0a685b4343a258e53651c5b004
0x6e0b3828101b13073e08aa8a3c194b157e84e755,0x562baa2c309b0d93b54612a88591481a436f17c8,0,0x562baa2c309b0d93b54612a88591481a436f17c8
0xee86191a1f09ccf27bc77842fd68bd002ade9123,0x6aae000f88c5ec523ff268fdfa086baec7d20816,0,0x6aae000f88c5ec523ff268fdfa086baec7d20816
0x2d75fc87673694628f48aad87175fa6834930ae2,0x000000f20032b9e171844b00ea507e11960bd94a,1,0x1b957cd2172a74de599b999c54561382b368d116
0x17c4a306f2b0f2aba8232d21321275740e30922c,0x7354936bc7a72c8baf5a2f9262e70a52c427be4a,1,0x682b45053dc351bc99a80f980c71c4e6979a9c70
0xab8aa2450cc4773da86ea1400a6bc726a23c6ca2,0x000000f20032b9e171844b00ea507e11960bd94a,1,0xb3e1338e8d6eb020e339b5dfc2b027a75177765f
0x4f4128210962cbb50e04fe8e4c35f7562ab01b07,0x000000008924d42d98026c656545c3c1fb3ad31c,1,0x32261fedf404a9a6c98f81d8ccab9a10277b381a
0x81d75999cab8c40e0ad1797e88b9decd466ed8ca,0x8e47f230c4240138ea7e7d71b0cc18224b40cd43,0,0x8e47f230c4240138ea7e7d71b0cc18224b40cd43
0x8c106e5b8cd1161bede2cfd6dafdad1bac339a17,0x000000f20032b9e171844b00ea507e11960bd94a,1,0x848fcf824a00248c673914303fa3b28ee8219dd8
0x17bd53ef6101d1c57ac5963f18337cc133c4d3e3,0x000000f20032b9e171844b00ea507e11960bd94a,1,0x4d177e3d6a3ed09e6e062d11eb3bf987c04b1f8a
0x740637cf3c5c838311e7bbab718e27da4fee4c98,0x000000f20032b9e171844b00ea507e11960bd94a,1,0xa52a1e28081d19e863c2a93ea961a63b5a02906a
0x4be045eebef7a2ec61f30e68a367e66282eb36e4,0x612e2daddc89d91409e40f946f9f7cfe422e777e,1,0xa3ead7b773c3fcf8538eb84bf6a6167dd71b6c3d
0xa88c7a24ca4b5e7bf0c457ba39172428d615adb0,0x000000f20032b9e171844b00ea507e11960bd94a,1,0xc56a42c3e54a1e718678d2b94da43cd69b753bba
0x060e6eae98927806f6530e3dfd96394236ae5fb7,0x9544d675a308c9c83b79e44f10f5424ea13244d1,0,0x9544d675a308c9c83b79e44f10f5424ea13244d1
0xc78cb890362ebd89e9f089846a197e024c8aafa7,0x612e2daddc89d91409e40f946f9f7cfe422e777e,1,0x3c63838b0bda0cb9066fcfa3ce3421e082840c58
0xd737e008a34b827c65aee432a658a15887b05920,0x000000f20032b9e171844b00ea507e11960bd94a,1,0x978d5ad2edde5f79ce8a20ac54d51edf9322103e
0x3fce173100111994b66bd8f7604d2edcd16a24d6,0x000000f20032b9e171844b00ea507e11960bd94a,1,0x280debf76690af948a5a4cf36130ce65dee326ce
0x86fb07ab4317f992ba240454e3e18d6d0d66471f,0x000000f20032b9e171844b00ea507e11960bd94a,1,0x24b4fbe57648866fe22eb66fc7f30af06d9fb041
0x0ec5a5550d77d4433b89c7a0d4f4c393fc2336ab,0x76f948e5f13b9a84a81e5681df8682bbf524805e,1,0x9ba60aff06042c5c0afbe3ba95dd47e4309f572e
0x2bde204066a8994357fe84bfa2a92da013bfabdb,0xe275a0318938d29c7d3039e335d7c76fc5a14905,0,0xe275a0318938d29c7d3039e335d7c76fc5a14905
0x854b3748f3b4d8be4240be32a54e4397d0539371,0x76f948e5f13b9a84a81e5681df8682bbf524805e,1,0xacdd297859e7fb0879688c321a722237a537dbbc
0x5be08d66ace769af4893dfd946d1a321eb3bfa06,0x000000f20032b9e171844b00ea507e11960bd94a,1,0xff0f0358697edab11ff4ad677a931af8f1e7e947
0x662fffa00fbd0b88abc35ee3007b298f3d39ed6b,0xc839de0fed241607d50aa4107ae582443b906e4c,0,0xc839de0fed241607d50aa4107ae582443b906e4c
0x19d5da3d6b3df1dc14749c819b0d445ae30d9c52,0x000000f20032b9e171844b00ea507e11960bd94a,1,0x55497900d0bccedb7e01677cd6f683dbe173ca9a
0x6e9e1011fc7f079186e8089eb56f119606c9fb76,0x000000f20032b9e171844b00ea507e11960bd94a,1,0x68136e15bb04ac3f2a68a67a91100578176a7cf1
0xbdeb60ef62df75a0ef177b903bec9617728b7edc,0x000000f20032b9e171844b00ea507e11960bd94a,1,0x88613a9199083cc1a53138cc0cd6fc03d5a79b92
0x73660716dd33b15b2c720a86a0297242a08db4af,0xa6e5411a621a00d5195bb55d736505f4a5e7c289,0,0xa6e5411a621a00d5195bb55d736505f4a5e7c289
0x8763c8231e9896028bb47dc0af50ebbc33c01b9b,0x612e2daddc89d91409e40f946f9f7cfe422e777e,1,0x57ffc16c3514e17605da6bd33e5af47fb855e340
0x94da0e6f8fdd4b233804d1c8b1f70449b71ba35a,0x000000f20032b9e171844b00ea507e11960bd94a,1,0x5712c575dc5b4b369a6c0ad61b5873f5783acd58
0xf8e63372c5c6e8946714cb3cffc6ca31e91611ad,0x000000f20032b9e171844b00ea507e11960bd94a,1,0xae70acd6e759415cad556bb8851fa93ef8adca66
0x0585693b99a06c473a0d1248da4b78e19833df92,0x000000f20032b9e171844b00ea507e11960bd94a,1,0xdbebe4a80f73cb52e7c550bf67a799f9b4281e80
0x50b096cf748d8ed3fe96258f03d81640e71125d6,0x61b98acbfc23326cfe296f380b5aa3e5adcc5238,1,0xaa350245d03a9ab7631295ba2b62455929889dfd
0x64d0a49445e4df0ce988d59262006667e1a560d4,0x000000f20032b9e171844b00ea507e11960bd94a,1,0x33accbc9d309a7efb3fd98b0405696bff4042ad0
0x4e1aabb61835320c949ca3ee509a567d0896108c,0x612e2daddc89d91409e40f946f9f7cfe422e777e,1,0x2c490f0684eeb1392a369b0f07b175ea91d2e45f
0x31522dc1c65e0cd307ab034f0ab37d12efbb510c,0x000000f20032b9e171844b00ea507e11960bd94a,1,0x30c2cca7acd472f8b288b3b6c8b49a25548c871b
0x2232034cc4158d89c41cd2a7bae54dacda608881,0x000000f20032b9e171844b00ea507e11960bd94a,1,0x3325fbb26445335b4178e6b23f7a9fe2b722f19d
0xe4800ce0457b2ac9a94abede687a38df24b65829,0x000000f20032b9e171844b00ea507e11960bd94a,1,0x3e4cd24b712736abce76cce4c252bc83ed7086d3
0xe3538a80fd5f06b384dfe6574dd15552e21ecb2c,0x000000f20032b9e171844b00ea507e11960bd94a,1,0x5050439a0cfaa783e72c6325bf18b68ed864b2ce
0x5e4cda6512d833d4c7c18cf970f3a87de75469de,0xa7e732665acb989d6ac1fc469a7e49af4c9468d3,0,0xa7e732665acb989d6ac1fc469a7e49af4c9468d3
0x64be9fc86601a28cb92abaa34f6e3901aba10457,0x000000f20032b9e171844b00ea507e11960bd94a,1,0x2385233abb910357e2b97a16d40e0443e53d0769
0x3efc1b1a9d17f7b9a3520a5b33e832ad00305f67,0x612e2daddc89d91409e40f946f9f7cfe422e777e,1,0xa7625e30eb5356a0b777e9617b55a92dddff2975
0x3d3209dc53e7d25e47ce17f76f32f5e3a1cd628d,0x000000f20032b9e171844b00ea507e11960bd94a,1,0x343a6595b681cbea66d6783f7736b6421604de6c
0xcdef167ad81064b5bf0c5ee19c78823426d2abf6,0x0000000000003d61b3d0a96b70b9c9006947759c,1,0xbc2ae2095678adec6c1054a758b872ea514be26c
0x04cd1d1e045c8505b43c9aff062c61f42bbd3c94,0x4c150e046504d2eac76b147cb7fdd05858d84d7f,1,0xa4ac3321fd639a7e2b53da62897955d920c97012
0x560f7e242b8eed29d0e3c100924c866698a07b06,0x612e2daddc89d91409e40f946f9f7cfe422e777e,1,0xf0e7a45c2fe16fc9bdb4a49dbe83c25f8451a33b
0xd3670e46667ab7fb152f0110e68c29be65d0ce35,0x612e2daddc89d91409e40f946f9f7cfe422e777e,1,0xe2386fcf5fe397b0a0cccd53cefb86c17656056d
0x5353e17309ca36fd2f8c8b01b3f43ed75292eeab,0x97be94250aef1df307749afaed27f9bc8ab911db,1,0xa921af7e4dd279e1325399e4e3bf13d0e57f48fc
0xdd7380b0bd859a2d757a9e4371f9f0b9e48135de,0x64b2a5fefd7bef3fae2f192d7eb8427f32b30573,0,0x64b2a5fefd7bef3fae2f192d7eb8427f32b30573
0x35521347b32edb0df3dd4916e2c44c818b5f3903,0x000000f20032b9e171844b00ea507e11960bd94a,1,0x23ae722167bef9e17765d87dba97391136a42cfc
0x68c2c316848b8b8495d92ee5ec3792639f433bbd,0x4b1060b4a34a45ac489ee55c96655a489cbba4d3,0,0x4b1060b4a34a45ac489ee55c96655a489cbba4d3
0x2cb7e1fa35d798b49bbd24124dfd9d59dc709ce4,0xe79b93f8e22676774f2a8dad469175ebd00029fa,1,0xee5799688aef7fa49a8f882ceb1c6fb33665881f
0x7a9769d20006e15a2eab1a63406faebdc9d8c97d,0x5777c29e9c6b977e9ad229a432eaeaeab71123ad,0,0x5777c29e9c6b977e9ad229a432eaeaeab71123ad
0x76186d0d1912532ea783e430cda31ca08abacc38,0x000000f20032b9e171844b00ea507e11960bd94a,1,0x8ee1a4614beeb389339fd6170581c9e6810f7126
0xf4b7c381b36cb72283b874438fbf06b0b7089b91,0x000000f20032b9e171844b00ea507e11960bd94a,1,0x29a9c247c0ecd4cfdbbaca3b57d457081072c838
0x23b460920325bd41d0804bf59a800d4087d965ae,0x000000f20032b9e171844b00ea507e11960bd94a,1,0x1793189c1f016f4f17e46e89ab3ef01a3fa9ee05
0xf28d06f9ce0a0dc709bd380e709aabbfc4bd72a6,0x612e2daddc89d91409e40f946f9f7cfe422e777e,1,0x8a90f7679506b79a9175bcf6cb755ecba8e905f0
0xd6de63fe214d0f35c5829266689f51ec315891fd,0x612e2daddc89d91409e40f946f9f7cfe422e777e,1,0x3e3566b8a586bd94f61fbe08728ca3305bfd59d6
0xcace1d761f8e78f3a297c0b6f54aaa4f21b62073,0x21b5220f7647c3afc4cbfe0f6abccaa71cf7be4f,0,0x21b5220f7647c3afc4cbfe0f6abccaa71cf7be4f
0x5f2f231734b20ac0933f9362760b320008682bdd,0x640de47b2509285a15edd2f378868fb6b6fd3db4,0,0x640de47b2509285a15edd2f378868fb6b6fd3db4
0xfa09723ad273923eb0310e3603c6785ba80d89d3,0x612e2daddc89d91409e40f946f9f7cfe422e777e,1,0x5ea0a642f53edff7d63c5b22e29a7eed17aa21ea
0xfd6f7e1dfdc0168712f7780f9b489223192b9c57,0x000000f20032b9e171844b00ea507e11960bd94a,1,0x6f4be3aaa390318ff7aa25cb37e7bbee75c753bc
0xcfc8b8f56281729c15f1b3a856281430265079a2,0x000000f20032b9e171844b00ea507e11960bd94a,1,0x3ae0a4d7d0ae84f0e61b532f80cb2d20cd9edf9e
0x0108caae4d45349a7061dfc15db076e780af7f2d,0xa9e0f1fddc02db59b879f7286a4433a20670df6c,0,0xa9e0f1fddc02db59b879f7286a4433a20670df6c
0xb160f2e8740faf11477cce0fde243e12a88a948e,0xa9e0f1fddc02db59b879f7286a4433a20670df6c,0,0xa9e0f1fddc02db59b879f7286a4433a20670df6c
0x147420693b2e958c95bf37b73fb2d830976659c9,0x612e2daddc89d91409e40f946f9f7cfe422e777e,1,0x609521c742db167329b09ce2025f095f106aab4d
0x2e1b30eebf9afe6b9e6adb83dafd5214a6094162,0x76f948e5f13b9a84a81e5681df8682bbf524805e,1,0x62d35af3365f76b883bc54d05ac1fdb6b5f6d694
0x6827ebb7ea45a6424d9b5d31688839c853a56152,0x8d1fa935e5e8a5440c9efc96c0d9ff387ebb179b,1,0xa48b3fc53bb34632b65540c1e680b029de7f2b80
0xe240e483f666e183103259b2a72dddbce54afc99,0xad9ce63b3cc5c1751332a1d4b0861caec40ab359,0,0xad9ce63b3cc5c1751332a1d4b0861caec40ab359
0x7c5a40f3fc9a785661b83d962d6a7533efeedfd6,0x000000f20032b9e171844b00ea507e11960bd94a,1,0x2ba20d8b9a5af4639daf828cca863e805f4a67a4
0xff68934ff5f96b92e25165c29ff1f96244e5ab7d,0x612e2daddc89d91409e40f946f9f7cfe422e777e,1,0x3e2daba02b8b09879ed9b517bf4603a3dd9c410f
0x56d9165b9bda9e9c8a60389e34ef404309c622a2,0x612e2daddc89d91409e40f946f9f7cfe422e777e,1,0xdc68c1d1b1f2bde3d46fd590497ea572be51ad17
0xc68853891fa4dcfc1f3a958119b8fbaa6bd529f0,0x000000f20032b9e171844b00ea507e11960bd94a,1,0xf1408d9159a98e26494bde3f5411343b7ff73ee6
0xf7dc636ba88e6e2a711a421388f01417491e72fa,0x000000f20032b9e171844b00ea507e11960bd94a,1,0x375e839476593da77447c1489b70acae98fe5c8b
0x315e42d2602086ed526cefd5fb961cda7f363fc2,0x000000f20032b9e171844b00ea507e11960bd94a,1,0x485f8eced21e7581ed582f8d9394a4e7584c7d8e
0x26bd2b4b7eb50eac0d8275b29e00e07ab1c152b8,0x76f948e5f13b9a84a81e5681df8682bbf524805e,1,0x1b66c6c91b7cf8015a354b01d6411a87161c1215
0x6077f0485e887ff35ffc661e650f74ebba1829bd,0x2dfa21a5ebf5ccbe62566458a1baec6b1f33f292,1,0x62cfb1876755f124813efdd6f4f43b12236179c3
0x4e1563e3ad3df3bc7c653edf3f0262f8bcca3f7e,0x612e2daddc89d91409e40f946f9f7cfe422e777e,1,0x10d7058e57cc73b5236e43e6518bda2459612049
0xbdc91194b9755ac9b05921b0faa22be65bc28e23,0x612e2daddc89d91409e40f946f9f7cfe422e777e,1,0xd7dc91a0ccf6957e41a4ebdf6bebf5dafd84d846
0xc91d5ad194305ee1ef38077ae75e305d346f719d,0x000000f20032b9e171844b00ea507e11960bd94a,1,0xfa413a84a4b40c92015947ae12e9086b43f79318
0xb599bd9ad4adf6743e305a6c287e8a855eea9b77,0x000000f20032b9e171844b00ea507e11960bd94a,1,0xa00c6d78a4071516a93eb062c9d72118cc6a8c63
0x6424583240241750e970cb81bc154ce76ba8d62f,0x204a26b8fafdc4feaa86f7c2e31d98f8050148d7,0,0x204a26b8fafdc4feaa86f7c2e31d98f8050148d7
0xa51026188a55301438617b43fb64df68172acc19,0x000000f20032b9e171844b00ea507e11960bd94a,1,0x793edd1ad127f54d11b6d4c9133c1b055dd201e5
0xed70b74753ce45d241bb64af0430769d7fea29af,0x8023902123497d43f27851bce3eaef603a9b461f,0,0x8023902123497d43f27851bce3eaef603a9b461f
0x1f800e85eb5cd4d384e6639146fa6b160e87d9bd,0x000000f20032b9e171844b00ea507e11960bd94a,1,0xb9b98d1410a5a7e61766534f0cec483c4531a533
0x5aea6ead30bcac77e2fcd4cd07a364cb74b7e258,0x000000f20032b9e171844b00ea507e11960bd94a,1,0x4fd02c9f2cc3d455d6b640dad2f6559d7607a227
0x098a5da20fbc0de5e407030865fe754e412ca330,0x000000f20032b9e171844b00ea507e11960bd94a,1,0x1b957cd2172a74de599b999c54561382b368d116
0x14dbedcde7f6212ba112a233bcff10a93a5d3fe6,0xce7dd8ee785c7b624dd73103d38afa5839348199,0,0xce7dd8ee785c7b624dd73103d38afa5839348199
0xf0fa8061317a320887f13fbf5953835c816deb50,0x000000f20032b9e171844b00ea507e11960bd94a,1,0x96cf3a159a88b814ccf7d099991ad4f71be961f5
0xec77fbac82de081d32e41c64a1c2ce2ba3ee2457,0x000000f20032b9e171844b00ea507e11960bd94a,1,0xda02268d1f1d9ad33bcaf604a7b861ef4ba3bc0c
0x4f551c8f53fb7627a9146bd0ef68e286af8eaa7a,0x000000f20032b9e171844b00ea507e11960bd94a,1,0x607d63222726636eb36579f1beadeed564c012ef
0xca53bb6cdfcd5bf437bf4ac6d17c3b0e67d8a83e,0x000a837ddd815bcba0fa91a98a50aa7a3fa62c9c,0,0x000a837ddd815bcba0fa91a98a50aa7a3fa62c9c
0x0646a0948d75c0d85aa74c002e9c6506c265f142,0x76f948e5f13b9a84a81e5681df8682bbf524805e,1,0xff1896cfc912ceda37319eba452906dea8cb343c
0xa2c05fa3a788a9128952128c95d758a782668d1e,0x000000008924d42d98026c656545c3c1fb3ad31c,1,0xa6daf0be2a2d8421dbb545317b9b9f9232012b74
0x7e443edbe3f025edb9f4119e810ff60caf729d41,0x000000f20032b9e171844b00ea507e11960bd94a,1,0xd60bafacafa18c7bcc83dd3b39b1a27c9776a579
0xd00516da23047a36e9b56edb23fee2b272ad6ccf,0x000000f20032b9e171844b00ea507e11960bd94a,1,0x177df5fed15569342a12d2a6dad31c499cd5ead7
0x4e01f9d4ab14e11c93a50cf7c63e6fb47d2153f4,0x000000f20032b9e171844b00ea507e11960bd94a,1,0xcc7d49ccba0428567e7d9e3711f5e7a320ece769
0xcc6d9cd0bc8055020c69b243cbfbf8e0d8eca094,0x000000f20032b9e171844b00ea507e11960bd94a,1,0xca0f71ecfd5914a2c285d42a58bd89f32adb80f8
0x1076c211209b4abf8256819ba2c7e9cd18869d1a,0x000000f20032b9e171844b00ea507e11960bd94a,1,0x911497441e57221cd070b90aa7ba2ef74f475064
0xaeb7f84269792c803b54cf196a3bac44b40eb448,0x000000f20032b9e171844b00ea507e11960bd94a,1,0x1f77566bf8b53d601ff513649ac57304344ac63e
0x6b8f84b5b0248d1d86bf25a33891cb2ba8a3cf45,0x000000f20032b9e171844b00ea507e11960bd94a,1,0x7c239e4c64f61e04b6624b629a56626eae4f583e
0x49a69fab3ec9552982fd762ca0595c24b6faca93,0x522d1cb57efc5f00eca49742f25df0392df863fd,0,0x522d1cb57efc5f00eca49742f25df0392df863fd
0x2456c8e91f443399ae370c5a2e2d205b565d31b5,0x000000f20032b9e171844b00ea507e11960bd94a,1,0x05eaa0e3215480089ad85a5721e6abe81f4679bf
0x8a71ff0404fa254093f9a3474376450726b57cbf,0x000000f20032b9e171844b00ea507e11960bd94a,1,0x34f0a67892013e820c470ae59b9d96ee6b59340e
0x7ecc815e73304fb256a8fc57fa91b939056c2538,0x000000f20032b9e171844b00ea507e11960bd94a,1,0x0b39aa6fde417d38b1abfff1f261ab13711ee2bb
0xddea1feec28c246721720a8158e5c5c99c18947b,0x000000008924d42d98026c656545c3c1fb3ad31c,1,0xb71a48ccdfc0e0846ed4edce5d1a1c7d6544b10c
0x11c0f0d90ba9940670022540e07f6960327d5874,0x000000f20032b9e171844b00ea507e11960bd94a,1,0xa7a1e9bc31e5d8ccc44ea51e862785ace6b2892c
0x9c9a990ab0de504008387dc7fe4f91c803b2e6bc,0x000000f20032b9e171844b00ea507e11960bd94a,1,0xe9ec4ede30a54ac49bb0ecb791efb8001c70c051
0xd6748a3c651a15ef259b0c21b81e7ddd48a31aba,0x352aa9766281ad292aa88437be610d4f7fd23c1d,0,0x352aa9766281ad292aa88437be610d4f7fd23c1d
0xa5bfc38d74c6ae23390fd7679631d98794db75e5,0x000000f20032b9e171844b00ea507e11960bd94a,1,0x9a948649460ce3b809a5774adb334d9144765aa2
0xaaa02ea5d3449f4da221b1fe95fd0a0daaefc673,0x000000f20032b9e171844b00ea507e11960bd94a,1,0x8e55b00e4f58ca861ff9474113ad99a93e89a607
0x15477df737fa1b703905931e727c198baefd5799,0x7094e62aa632e5a84fe38b8eab7d2b25ff2597fb,0,0x7094e62aa632e5a84fe38b8eab7d2b25ff2597fb
0x08d9d97ed6d39be95fd05858b62a95fb91002885,0x000000008924d42d98026c656545c3c1fb3ad31c,1,0x2a47dab3c87c7476ca62681b18595a1b96ecb063
0x17fce96507cb3f929e3d087b887133019b43e5b6,0x000000f20032b9e171844b00ea507e11960bd94a,1,0x2ea5c5b4ce93ab06e199449eee48e0561834c327
0x0d6c0a560b04a05473fe07f535fc065d6a37aaeb,0x000000f20032b9e171844b00ea507e11960bd94a,1,0x9fb3c312c86a2f00cd47c0c7f56d896e5e0084c9
0xa430954dfb0ab9126561c5ced84c092109a3a8b8,0x7354936bc7a72c8baf5a2f9262e70a52c427be4a,1,0x4a232edbbe683d7d1a84a54be5e6aea74baa8489
0x737eccad6aa8ae0b048778679b3dcc1b88dd39b6,0x000000f20032b9e171844b00ea507e11960bd94a,1,0xc054cc5d08f9807f8ec2e295a498ccab1a3326fb
0x45be17a80c613af4a28e0a06f5ab33835276e85c,0x000000f20032b9e171844b00ea507e11960bd94a,1,0x04e389eef182446662b11bc408c5e5d6c32a4cad
0x4135605523d2f5e55868afa90f97319fa8fde3a9,0x75a473c33bffb61e945d86b37113c0859965a789,0,0x75a473c33bffb61e945d86b37113c0859965a789
0x522356bd0399ed72911b1297cf53b421f7fad009,0x258c70fd879f67d848ba50e36943b2706c0b298d,0,0x258c70fd879f67d848ba50e36943b2706c0b298d
0xdc521421fe1c5a5e76a95bd9bad4f06afe36f131,0xdc0e51daa5ef23c6ebedea2c11f9eff9fdaa9f78,0,0xdc0e51daa5ef23c6ebedea2c11f9eff9fdaa9f78
0xbd5a2f1bd70a33f48e5c599daf4a338ae28df765,0x000000f20032b9e171844b00ea507e11960bd94a,1,0x9e7589642f89563583adefa377a11dc649c73b47
0x3a345c61e2856cd1bf7b62a09f8c21914dd42dc4,0x000000f20032b9e171844b00ea507e11960bd94a,1,0x2ea80093f9fcbe099cbe592012e0a88d73063670
0x9936dddd224113fea16bba7ad917f04712e31f0c,0x280e11ddc6810daa4c67dc4fc2fa878919bface7,0,0x280e11ddc6810daa4c67dc4fc2fa878919bface7
0x4f817b2bb95b5ecb0e88fabdec924781ac6bc691,0x000000f20032b9e171844b00ea507e11960bd94a,1,0x4f40e870ae714fe0be1ea8b31f84fa277159274c
0x22998b63f66875d5078ba5180e616df3bb452a93,0x000000f20032b9e171844b00ea507e11960bd94a,1,0xc2c10045719d33053ee1e15c92f4106477befbae
0x7d9b38f643e15a43ba9c3450a634f9a664b872dd,0x000000f20032b9e171844b00ea507e11960bd94a,1,0xec217c68587b6f796b4fddd2a5752338a8b62f03
0x96c4e8faeac743505235b4cf3bca365e283bb86a,0x000000f20032b9e171844b00ea507e11960bd94a,1,0x94bffe28da41ca41aa068d5c72ee27476ad67bfb
0xef1215c8bb9cf09171ad36512ca2fc6cb6152eb6,0x000000f20032b9e171844b00ea507e11960bd94a,1,0x2dded770dbe36e77a0120c34d09ff14eb6ce5f20
0x03f6ca1f07ee5b16f3dd42d8b2d7339746b5f340,0x000000002c93cad6f9cfd00c603aef62458d8a48,1,0xddb4938755c243a4f60a2f2f8f95df4f894c58cc
0xb51c68ffdf7ef2f39804fac396d992dab7e946a7,0x03f6ca1f07ee5b16f3dd42d8b2d7339746b5f340,1,0xddb4938755c243a4f60a2f2f8f95df4f894c58cc
0xcb424af8733b02777317103cc58c15bac2f1df36,0x6e42262978de5233c8d5b05b128c121fba110da4,1,0xd27d57ac20302f430f5b239daefea5ba0c48b42b
0xbb84ab2adb8bcb48c7f9d507862c48e4c85d6f70,0x05c83581b2b78668039c0e5f0af6e0dd7bc432ee,0,0x05c83581b2b78668039c0e5f0af6e0dd7bc432ee
0x6d9118a906c92d707b71e37d1424002f41734d73,0x000000f20032b9e171844b00ea507e11960bd94a,1,0xaf1d659b6c74fb48611c48f48c9d6d61384de09c
0xb99690e4b6d91d5eb7020defa61657c0d3dfcddd,0x000000f20032b9e171844b00ea507e11960bd94a,1,0x2ba0a43d8dde4e08360132b49f730c9e2e9a2150
0x93d17987c7183bffd6c655be976f3c492519058a,0x19478179ef8bb7c4792a4041903080e097d137dd,1,0xf1a715d1b3635af3dc4f300415bc321da187eb6f
0x7142183db01c644e07bf4803b68a4b3a8b19b5e6,0x99bde8367d7b99d2b1ae6fce12068b49aba47207,1,0x5b0c5875ba276631e7b35efb857b6d4fedf73e52
0x226eb54b387f6877831b24e78bf04a829ffcdb6f,0x681fb766860effe8f220a846b207dd5f73fd8319,0,0x681fb766860effe8f220a846b207dd5f73fd8319
0x5b1a980b97bad1398b76fd6a64717cde0580b4f7,0x000000008924d42d98026c656545c3c1fb3ad31c,1,0x0d7475a6bd7d6a206206422c3d2f67d40792281c
0x57a8b21a7a7f79d5927139b11ca10f14bcc53c01,0xca7681626e3f5542ac3806c88e5bfe916c7908cd,0,0xca7681626e3f5542ac3806c88e5bfe916c7908cd
0x9d7ae1cf50c5081ce1dabc60fc9d7ccd5dfa90d1,0x000000f20032b9e171844b00ea507e11960bd94a,1,0x63c42555dccea639ad1796dac1dc0cdd5680ad50
0x2bea7186dfd49407b68103e420d63c108b9d4d88,0x612e2daddc89d91409e40f946f9f7cfe422e777e,1,0xe782b4f1d6b65b7cb5416e0035af1d3a5aa8cd45
0x7e8a727d893d2caadc8d1198bd19954263d09164,0x612e2daddc89d91409e40f946f9f7cfe422e777e,1,0x9493b467daa9c9d7fd7faddea99251e53e221584
0xc3e8a73eea5f2b0aecef2901a8cf38f4dc1b1c59,0x6654810e60e9182feb1ca4fdd9b68f38a7d132fd,0,0x6654810e60e9182feb1ca4fdd9b68f38a7d132fd
0x0038248065b19bd7aa89714ccd7e336b92df7343,0x612e2daddc89d91409e40f946f9f7cfe422e777e,1,0xde75a6adb4eb6d6a9149b48aa138c704171ffc6e
0x8d2849d8a6d232076478895429d7b919343fff28,0x612e2daddc89d91409e40f946f9f7cfe422e777e,1,0x02a54c98eab42934066efa7655aff819fdd3eeff
0x299df7b423c18667cc7765d0bfb740dc34fa4aa9,0x581ba5eb3379c3dacbc1703a1114e175d915becd,0,0x581ba5eb3379c3dacbc1703a1114e175d915becd
0x2d55d3d00c5140c3fb95ec5c1f95a26055edf20b,0x000000f20032b9e171844b00ea507e11960bd94a,1,0xd8ba18dd809771e57095ddb4ae512d05c7a8b99b
0x809a2a0387df4674daeb4a7f5151585c6c34e8ac,0x000000f20032b9e171844b00ea507e11960bd94a,1,0x345e3660d49d8ba0fb448cf8d2e1699ef4768bf7
0x6882947450a8739abe396d3eed3fd95ab7248650,0x612e2daddc89d91409e40f946f9f7cfe422e777e,1,0xa2afadbe1126f01cf2c6479eec3a0610607f1ba2
0x821ac3365044ae8658534feb7eb3b4ef6d638f26,0xa16994d115dfaf9bebf5bb49d1b9e9e77b8ac9cb,0,0xa16994d115dfaf9bebf5bb49d1b9e9e77b8ac9cb
0xf030bb73e8539bedd43629937b73a06953c92628,0x19478179ef8bb7c4792a4041903080e097d137dd,1,0x8023902123497d43f27851bce3eaef603a9b461f
0x6849d85bde7c63a080a1987906a9703b404f8770,0x6fb976e0135b2f159c62db3072d7cfacdf5d0ced,0,0x6fb976e0135b2f159c62db3072d7cfacdf5d0ced
0x8f246d2dda0fffd97ebda9419aa04cee39cf3396,0x92c159895901439caa212997d505083a2fe88885,1,0x89da9d4f6763cf9cab9be6a6bca51072caea3e91
0xfa35a7da32e6ac3f763a8db175a326045811e600,0x7a34c387965762094a119aabba07b7eb84efbad2,0,0x7a34c387965762094a119aabba07b7eb84efbad2
0x1fa7f5f9f79309a74263fdfdaf7ea46c1c3bbf33,0x9302f3e43858504ea18e89063beceef10392953c,0,0x9302f3e43858504ea18e89063beceef10392953c
0xaf69972a2d882554894ee8568be60c170faac17d,0x6f966fb89efb475e38821433c8ad3051f2e898a9,0,0x6f966fb89efb475e38821433c8ad3051f2e898a9
0x14986136ba65255290ca0c1cc3bf3da0332ac8e2,0x000000f20032b9e171844b00ea507e11960bd94a,1,0x8b919339168ae7e1511449f9b584448b8f084fb8
0xe2d254c3607a587b89fc02b7f3d1ee679009b777,0x4c150e046504d2eac76b147cb7fdd05858d84d7f,1,0xa8679b6fad644ab1a818e533f9c87302a46df37f
0x70badf57a51a61330762552ef9806dc44dc6f80a,0x8bdd7b28b079af96dbba857f040184b9848fef87,0,0x8bdd7b28b079af96dbba857f040184b9848fef87
0xade110ce14236e402dcfcb2c12662dc94c9c1af8,0x000000f20032b9e171844b00ea507e11960bd94a,1,0x4a850c14d25cf04f3d27417ed592881739495e1d
0x970d300962ca8fc24f87900b270ead9559286200,0x612e2daddc89d91409e40f946f9f7cfe422e777e,1,0xd59ca58e8f5bb072cd631cb355953eeffb94ce9f
0xe2664afa9b7b8c1cc82002e7704e9f36ee0bb0f5,0x612e2daddc89d91409e40f946f9f7cfe422e777e,1,0xb81e2e1303cab785342cfb5639ad5b1e13966910
0x3a7a4d68d847f31cc2d8ba9555200abab86bacf0,0x000000f20032b9e171844b00ea507e11960bd94a,1,0x9a8c1c6539b8d96bc1342bae0cd7996b6b3edb50
0x6ff4815be8488ab824683eee0e774d29e2ebd5e1,0x800df3ae6a276f20679451f55b1b8a60368e4e72,0,0x800df3ae6a276f20679451f55b1b8a60368e4e72
0x5fb8af71fc6fda15470fb653aa994cf073e01b03,0x000000f20032b9e171844b00ea507e11960bd94a,1,0x7bf4398d9c33f7e6204c40b2cfb9808f5abf4b3d
0x87de91d6a3207b52abe160796fa79b7b4c023b64,0xed96ed4523404642325dccf84b583c2ddea26a0e,0,0xed96ed4523404642325dccf84b583c2ddea26a0e
0xce797da5edece691a4849217759e8d9ecbb0e048,0x2988eabd3e257658f0f7a9d6309c857b07300aa5,0,0x2988eabd3e257658f0f7a9d6309c857b07300aa5
0x22d7786d560f433539965679cba9949e425139e6,0x000000f20032b9e171844b00ea507e11960bd94a,1,0xf0c0917bed1d2311cfa261493a21ddfc450eeea5
0x6fb1133384da633ce5ef281db3777d921929bbbc,0x000000f20032b9e171844b00ea507e11960bd94a,1,0xbc3b7fbfb183d5b806de2688bb442f7252074529
0xa7845bf920fe201358c4b73dff6f9f607851679f,0x000000f20032b9e171844b00ea507e11960bd94a,1,0x40487900521eb6798ccf4b49b4092070095c8843
0x5ad53fc224365f5d6f4bdae4949d29e9eb071dd5,0x65cd8d1c724fcbf42d452014296188eb77078eb0,0,0x65cd8d1c724fcbf42d452014296188eb77078eb0
0xbb33585d2cacba9bf541aa545aa94511e0ad793c,0x0f282bb8745ff6af4f857ea400a1af6844df6cd4,0,0x0f282bb8745ff6af4f857ea400a1af6844df6cd4
0xac1f9dc0221f316f63fcfcfd229b2ff25e9e318e,0x612e2daddc89d91409e40f946f9f7cfe422e777e,1,0xf93a80a9613645943cf7e1c09c93c0a2f3f86b8b
0x154c5269112ed70046d39371fd2cf65a91591ceb,0x000000f20032b9e171844b00ea507e11960bd94a,1,0x25467c8bc94c5eb6374bf25920c8754c8b3aaba9
0xa4bf84b3c43406417b1e1a2338e3739ed659487a,0x32c2b85a33e7b55db86ab6223d1366a75155c9b5,0,0x32c2b85a33e7b55db86ab6223d1366a75155c9b5
0xa63ec41bbab2b8b26e072614040365baa70aeef5,0x000000f20032b9e171844b00ea507e11960bd94a,1,0x60da68e1afda83e6afa93773c2160f934a8e1f50
0xd009bb2c5abdf9bcd48cef5fb8443be027d11df6,0x000000f20032b9e171844b00ea507e11960bd94a,1,0x0a4c8cc94a4acf3b1e34ba47d008aa2b032185f4
0x35316f1f31ee93736e52815539f8883d072f5c86,0x000000f20032b9e171844b00ea507e11960bd94a,1,0x15c31de16ad1296d9e388df09e504cb4fa4fe809
0xd8655fc18e39bb68d26cad2bf2b1b913b5358802,0x000000f20032b9e171844b00ea507e11960bd94a,1,0x80557a4d87df9405b6727448c8ba4130f7581eb3
0x89a79d5aa887bd77390ea4fa71891590dda62542,0x000000f20032b9e171844b00ea507e11960bd94a,1,0x94e7768f997bcdcea7d8191f404202a0693dbfc7
0xfee62b32c4f06c009d01abf579ab12043331e0bc,0x612e2daddc89d91409e40f946f9f7cfe422e777e,1,0xe74432020825a2129a9e72060d6ee1bb7464c881
0xea4204b76d1bcbe018d23aa5771ceb782e49b8a2,0x612e2daddc89d91409e40f946f9f7cfe422e777e,1,0xa6010f9733fd39d6ab773b7460a0b4986c1fb2e9
0x312616ce5d9e199a0f0051f72ecead0ac1e66ceb,0x612e2daddc89d91409e40f946f9f7cfe422e777e,1,0x1fddb90759838437775c796fa1cca1ea1ecfb962
0xbf5a0e8597837fd1adc3ba7e4adbe7c1b4e31628,0xd7ada5e38afef6d3366e838058be56a211eb7935,0,0xd7ada5e38afef6d3366e838058be56a211eb7935
0x5c7f18c2aa96461875f6cacbd2d6c2efc1dff647,0x000000f20032b9e171844b00ea507e11960bd94a,1,0xbe0efcafe9a02e8626cbb556e05a10b677ad486c
0xa4b1f6dd557486d0b5d62dd8c94fbea3966007c5,0x759c4ebebe5071db56c78b6c7bae53c15cb2f6d8,0,0x759c4ebebe5071db56c78b6c7bae53c15cb2f6d8
0x27d14e40e8ccd191b8a5bc349da343f7923f19c0,0x000000f20032b9e171844b00ea507e11960bd94a,1,0x07c7f04780ce3c94d667d3324d5efa06ce389c06
0xd8d59fd526e85c63cba4fdcbcc328e38d10a9468,0xb4f2d0b993abae3c4563f4a56f8575b291c62408,0,0xb4f2d0b993abae3c4563f4a56f8575b291c62408
0xc0286f7e567848112c1ae89afce98c4fa507ef22,0x000000f20032b9e171844b00ea507e11960bd94a,1,0x34d147686250e21232c8f325d1879c890cb6617e
0xf6427c09cee9a92225119d39a8ca653f25cf4134,0x000000f20032b9e171844b00ea507e11960bd94a,1,0x800b7e2f5202bcb72e1ecfa64348ad66a325204a
0x10a6aa0e6efdb9f44c60eaafec4341b08b75666d,0x000000f20032b9e171844b00ea507e11960bd94a,1,0x6e53b2837627ec79e1034b8ea37192fb878759f0
0xc456f525e353b881b2c65631f3028f5c4ca1a45b,0x000000f20032b9e171844b00ea507e11960bd94a,1,0x3f2ba9831aea2af063d319a1b43eb6556c606685
0x6edbca5d034cf719749ccc90cf4e59075062bb58,0x000000f20032b9e171844b00ea507e11960bd94a,1,0xb40125fd11f9ca185146d38f69e2c1d85302d053
0x484fa03b5cba713348ab7f951f07f08fde3498e2,0xd5afc099c0537c71e65eb1ef3fb9041df4a738dc,0,0xd5afc099c0537c71e65eb1ef3fb9041df4a738dc
0x48c15e5498e2e5f8e32176a991b0e25511f366ce,0x19478179ef8bb7c4792a4041903080e097d137dd,1,0xdcacf37ff28090cfcf7feffb80c40107c4a9bb93
0x6f0a5b33dbb2cbbe1a9f9f1d2c38f935ab688463,0x612e2daddc89d91409e40f946f9f7cfe422e777e,1,0x116a5035a5a01c25b0fb47eb41c1b8a8954972d7
0xc153358da029b77129e52a3ad87b0a632ae633f8,0xa9c5b41605f51f3ba6aeb62258b0df9b9384d8a1,0,0xa9c5b41605f51f3ba6aeb62258b0df9b9384d8a1
0x946f5b30f9c726247a8908f30ad7598d5234d748,0x000000f20032b9e171844b00ea507e11960bd94a,1,0x3694d455a39594d4898b1a162e1d32802578e586
0x80e23940ddf17dd4d3c0b15ac2254489e7076d45,0x000000f20032b9e171844b00ea507e11960bd94a,1,0x61ba02fd2b0cf02e1fe7922fd3b06ff3d91f1b48
0x30ea34b0dadaf7a950a846f76cc6153867656e16,0x000000f20032b9e171844b00ea507e11960bd94a,1,0xe76091f84ddf27f9e773ca8bd2090830943f615c
0x260343254aeb4faf9549f618ea2e102c52a45955,0x000000f20032b9e171844b00ea507e11960bd94a,1,0x11c6b7785e1370192a5e4db175d642d84b3d27a7
0xec8c20e7818a009eb83ac7bd227869680e74396c,0x000000f20032b9e171844b00ea507e11960bd94a,1,0x761c9d36001ed83e144217bb33fba125b4c014fb
0xc2a9f677d9f546c9a2eaedefa0c6b82985c3ebdf,0x612e2daddc89d91409e40f946f9f7cfe422e777e,1,0x13f3d118252ed5cb03c858d03cc163c1abff125b
0xb68ce693b356e237f254d6bb7e1d2173f7a85a8f,0x000000f20032b9e171844b00ea507e11960bd94a,1,0xd732b9b128737c925923466deaf817d0e81a690f
0x16460ddfb439191b2f068a987211b7870d6e9983,0x612e2daddc89d91409e40f946f9f7cfe422e777e,1,0x7e76134ae5d8c226a22c9bd889933ed6944ee2e8
0xd40846b76c28e9c6616f04ec8f86627a64790b8d,0x000000f20032b9e171844b00ea507e11960bd94a,1,0x226c9c7aa8df553e20aa218e962db3e88d399d0e
0x6a71b32f25628bcecae6a05e80388f349504f0e0,0x612e2daddc89d91409e40f946f9f7cfe422e777e,1,0xbd330355e09d28881bf26efaa0841f021350456b
0x97e93f4fcb1b58ee717d996c93c28b9ec2c2ebc9,0x000000f20032b9e171844b00ea507e11960bd94a,1,0xd4ac52ad19dea5f877db745cda05380032860a9f
0x96c67cd9315832485c57ec172a73783fb6a5bb13,0xa098702bf910bad1c7aabb623bda47495c4752eb,0,0xa098702bf910bad1c7aabb623bda47495c4752eb
0x7ca78af3e11473d0473ac0af840b7453477ba424,0x000000f20032b9e171844b00ea507e11960bd94a,1,0xf4065be06e831dbdc530bed6d4df2ec394375270
0x56a0aa982549e7f770f4be1f6d12b026ad4ecd64,0x000000f20032b9e171844b00ea507e11960bd94a,1,0x69be4b80090d3e642d1d3b30ba40c790369c0509
0x509451e73625d7ffa175b469741bc68a323934bd,0x000000f20032b9e171844b00ea507e11960bd94a,1,0x9b8080f56035e8f773c1ec16422048d3ac07f864
0x00d8ff1dac7fe637d8a0d16ec21885d320275569,0xe5083c47187f8587b63fad53a97c956945469da0,0,0xe5083c47187f8587b63fad53a97c956945469da0
0x0730ae976647747f8de567a59b4cb37340ada8ad,0xcf4cb28fcc70923dfa70e202d4590687d5fdcbe7,0,0xcf4cb28fcc70923dfa70e202d4590687d5fdcbe7
0x5fc5279b65b01dc317c1f568d35627c8c7d3ec3c,0x000000f20032b9e171844b00ea507e11960bd94a,1,0xdd84ecdef9e430e16936403554e38383e13d4bcb
0x455a9669c8ff3860ba3a9c57916b6a1f23505ffa,0x000000f20032b9e171844b00ea507e11960bd94a,1,0xe27cb6ceece6e184cb54c8a1d516791855147865
0x7a4622cd82d54bcfb1036118b9f06b886e2336bd,0x612e2daddc89d91409e40f946f9f7cfe422e777e,1,0xb5589dd7f9fb0c3da5724221e39d651f0ce8203d
0x3e4d43fd807a774bbb6c9db37287b5715d3ae225,0x92543b8827f3becdbd79942675a571317facc133,0,0x92543b8827f3becdbd79942675a571317facc133
0x6044351b2877b59d02cef5711ecf4dc83edd99af,0x000000f20032b9e171844b00ea507e11960bd94a,1,0xf8de5acb827ffe9621f53b6e4bfba5ee81d7d4df
0xd1f2955bb4e3a409fde4b730a8d2f332cb890807,0x000000f20032b9e171844b00ea507e11960bd94a,1,0xde09b5fa8eda4ad975f920a0855abfc1f3d49151
0xfc28e18cd9f58ad3b2b54d5fe961b552582d4137,0x09bc641b6fa2308b030c312653f9675dfaa58e2b,0,0x09bc641b6fa2308b030c312653f9675dfaa58e2b
0xd521b4b7fd4c2594096275d8b2687bed952c879b,0xd0351bf6c2da7817bdf057ab14f356e009e6243c,0,0xd0351bf6c2da7817bdf057ab14f356e009e6243c
0x9db75746ba4f01787384a589fa2b51015d78e118,0x000000f20032b9e171844b00ea507e11960bd94a,1,0x82e031832673702c443e028862de078b765faea1
0x370bb7858648f6e4c395f7f8e4f77562335164fa,0x169f66fe4ec8c14c8feca1ce4d1b34561f5413fe,0,0x169f66fe4ec8c14c8feca1ce4d1b34561f5413fe
0x4cef1e6ac6bc05479b109818551875b6e8abec33,0x000000f20032b9e171844b00ea507e11960bd94a,1,0x579cb8153b613b688de326a82dbc8a035b4683e0
0x6ece00dc9ab28ba730cd41a7fa4267f1ed67f77a,0x779346224bd6ed1716342cbecdf794f7b8b43a5b,0,0x779346224bd6ed1716342cbecdf794f7b8b43a5b
0x50b0887ae0432db4dac18d5f442d555cef9b7753,0x000000f20032b9e171844b00ea507e11960bd94a,1,0x51407b449c92275de9e81bb4bcec7aaabd1654cb
0x63b2037e3b764a5c495ce5a50b03d551b5e78145,0x877a39553870c527efa642639e1b41dd1c4f9369,0,0x877a39553870c527efa642639e1b41dd1c4f9369
0x721f91f81a9500de5742e6d6742f04462c4f6a8d,0x000000f20032b9e171844b00ea507e11960bd94a,1,0xf102ed92fa541e24053090def8d47bca818c50d9
0x82853919f1bd65d65cf8dbcea6eca817dd94e7a9,0x000000f20032b9e171844b00ea507e11960bd94a,1,0xba7ee3d6e9631424e224fd9d3f8a4f79b50ac14b
0x89276a942b6be971534e255df2b896864cba4c5b,0x0bfd50d57bc04561f546a7be2830151af536854b,0,0x0bfd50d57bc04561f546a7be2830151af536854b
0x41c40555ba7f910f07adf7fdaa3a4c940d6df612,0x5bf79ed30cf295401e2bdfc4431af8b1cdf038f1,0,0x5bf79ed30cf295401e2bdfc4431af8b1cdf038f1
0x14f82bae2489a2ff08e115d6cd92033c59d090db,0x000000f20032b9e171844b00ea507e11960bd94a,1,0x10dee55bb0c9591d0d6cb43ecac08df31f8d42ea
0xc1f9b8cda12857ea157e8e46e0cd78e98d917769,0x83662331d4ddbd0b0b06be893ecc3b968ae5abbf,0,0x83662331d4ddbd0b0b06be893ecc3b968ae5abbf
0x7479c1aa2611bd3073ed74a7dbedcb2c609cab1e,0x000000f20032b9e171844b00ea507e11960bd94a,1,0x9fb80793fa7a86fe431c53e60fcf59fa538cde3a
0x67b09796fabbcb38f060e73f6f95dd93dc300150,0x000000f20032b9e171844b00ea507e11960bd94a,1,0x03eda96e7039f5c05229940daea3481c66f47698
0xef8c450cafaa4a4b2dfa5c4b2deed5eb133570f4,0x000000f20032b9e171844b00ea507e11960bd94a,1,0x65c4aa91338682cad0796eb8cc6870d603f0b62d
0xdb12482b57a77004d2dc98830f88895966bd04db,0x444367bd0662f55be64fe7c5fcaa2f184f42f118,0,0x444367bd0662f55be64fe7c5fcaa2f184f42f118
0x9bf9e71303daac20adbab31b693a98f14824bfb8,0xa9a98cb11dfac45ac8ded444e8724bbdf69ccefc,0,0xa9a98cb11dfac45ac8ded444e8724bbdf69ccefc
0xdb050846aef4a86cbc7f9ee205374c12d0c2bdd5,0x5dff75364adab0eddb2ca6b6cc6ce3d6e141730e,0,0x5dff75364adab0eddb2ca6b6cc6ce3d6e141730e
0x783d7ac2311e48733e3f18f3fd57817f8964b76f,0x000000f20032b9e171844b00ea507e11960bd94a,1,0xe0c268e937ad6a60a0e595f6d48e803a0cf68fa8
0x42a3a95255817eb2aff77df1bb3e5d6ad2ff66fa,0x000000f20032b9e171844b00ea507e11960bd94a,1,0x83d9af1a92ae7e8155c9dba2bec925e650c05dd9
0x70022619d9380b4da589da8e1e825395c6aa84f0,0x000000f20032b9e171844b00ea507e11960bd94a,1,0x88055ec986657941430da527c2889c9ec152fa87
0xa5553427b9651739ee769a8b2b50b1cc4ab6a948,0x62d7dca637e12c89a09fe39ee8c459f130928864,0,0x62d7dca637e12c89a09fe39ee8c459f130928864
0x1f588cf64dbb820d3e36b1b1905b2532d44fb6c2,0x000000f20032b9e171844b00ea507e11960bd94a,1,0x6ce325f56f9e69d8cccbf81dc671254718886653
0xc274a97f1691ef390f662067e95a6eff1f99b504,0xbbd8542ff28cf72f0f09d1e43a9536306ba5f213,0,0xbbd8542ff28cf72f0f09d1e43a9536306ba5f213
0xd24f7a2a195f005f61097fd414c839c67bbeaa4a,0x450132252290b589e4d3059b8fb6f2f8cccaaa28,0,0x450132252290b589e4d3059b8fb6f2f8cccaaa28
0x23ceb474b4d30bdc433314cab940506a181153fc,0x000000f20032b9e171844b00ea507e11960bd94a,1,0xa2dbf45b837da44306a218c4b77a2fa13aee5c4d
0xb97424b32de3f5c4944824c2646dd5524819d9cf,0x14e352b653772c0220994effa03257129b76181b,0,0x14e352b653772c0220994effa03257129b76181b
0xf3ddc96b818bfe32fdeadd01c1cf68da9e264d34,0x612e2daddc89d91409e40f946f9f7cfe422e777e,1,0xc9c9b085e8eec56a2e8c00619f94e6f0e488b50c
0x8abede589b42e8195bdebbd997cb099e5cb20c30,0x6ffd7ede62328b3af38fcd61461bbfc52f5651fe,1,0xa55e214e6f1b0df6f4ef61d3e20ce0c8b4fd148d
0x5f246ae96d9bdc9c35a387803873dcaa48b2e1b2,0x612e2daddc89d91409e40f946f9f7cfe422e777e,1,0x427817081635de5a3f2679b5fb673a912ecfe878
0x93bab903427dc0fbcc486f2a7334081820e7da12,0x612e2daddc89d91409e40f946f9f7cfe422e777e,1,0xffd72cad68aacf9b5d4b58b91b3e338575f4fe98
0x44f8dc5d407a6a90b91f79176c8c29830340e22b,0x05bf4681db987a4246389cab0a0da38c1159347d,0,0x05bf4681db987a4246389cab0a0da38c1159347d
0x6940039669d06662311753e92b755e685a4333fd,0x92c159895901439caa212997d505083a2fe88885,1,0xc716cee0c568601094bd045ddf8b1bc51a90263b
0xd84d1bd659856b850de0d0cfeaa1026c579a45a1,0x000000f20032b9e171844b00ea507e11960bd94a,1,0x624a420aa9e1011cfd4dba5ffa5e1abfaa51bf8e
0xdd8455890deb9b42a36664143500a51329adb6aa,0x9771440e8926408ae7c3e46c719fc4cdfccb31af,0,0x9771440e8926408ae7c3e46c719fc4cdfccb31af
0xc8f1a5813c20a9590e0b8b6dba05f5a5fbe41441,0x000000008924d42d98026c656545c3c1fb3ad31c,1,0x0c40ac9968be776c00fb813b5d5c679ad265d752
0xa47ee359858eed4780b041f17a13fbe14a68f5a0,0x612e2daddc89d91409e40f946f9f7cfe422e777e,1,0xc8b43457bfa3e1c65d54ddbe3cbbe3807f7bed0c
0x90fc3bd9fd4b5b69c8a83f59212d4296efc600a1,0x612e2daddc89d91409e40f946f9f7cfe422e777e,1,0xe19f5f6f3019ca6cdcf56d439221ce05447016de
0x7976ae984014b05f0853f415cdf1f5113277ae8f,0x000000f20032b9e171844b00ea507e11960bd94a,1,0xaf9c1b25df01e97d2b98a01a610c57b84a4f9f35
0x092403b6c41ee172f222b3cb4c9e9db8c5d3cb00,0x000000008924d42d98026c656545c3c1fb3ad31c,1,0x751eb2848debbfb80545c9ea56ac458a9956dde7
0xd5524766a7a51f1fc80cf7fd089d386e4f880f0a,0x000000f20032b9e171844b00ea507e11960bd94a,1,0xdbe46ff247831f82453fd7270376740c042ee21b
0xc630bad95a9aea1f0367e69a2a5f7c19901493fc,0x6dae6216a7249d61198a2441c162e112e4131066,0,0x6dae6216a7249d61198a2441c162e112e4131066
0xf954b6195c4e08c3964f03b6924603abfddbcb55,0x612e2daddc89d91409e40f946f9f7cfe422e777e,1,0x664d7462634fac1815353a10f138750ee11a91f6
0xb0ed453ad0206a9d49ea47c8c2e1f589643ac9b9,0x000000f20032b9e171844b00ea507e11960bd94a,1,0x00ed13a7bb63e8526aed2ee1f1758a07cd4e10bc
0x5de86d7265ccfbdacc5dd6fa5342f9366d8e380d,0x92c159895901439caa212997d505083a2fe88885,1,0x916402861f2a65f2daa592ed63b9e9ed750c8765
0x615af32d8c3c5935d88108c7c376cb0444c802e4,0x000000f20032b9e171844b00ea507e11960bd94a,1,0x34bfcef78cfbbba72e92d30efeea33e36f7e6a22
0xe4e5d7f3f67e2c34415b826da73efcfa553f3a40,0x000000f20032b9e171844b00ea507e11960bd94a,1,0x3222d49df5c9cd45745e167504528e08314374d5
0x7afd242ea72cf0409258fc8323bff95052929cfd,0xe7a9ecdb56af2bb86fdaaa3e3b2d1f0f7a9fe664,0,0xe7a9ecdb56af2bb86fdaaa3e3b2d1f0f7a9fe664
0xed0706eafa298ed107b8172b1f59f8405710ee6c,0x000000f20032b9e171844b00ea507e11960bd94a,1,0x63c71c9c21324df39fc43faf6c4576569b245904
0x1ab4f32ac2c1a74099eadc2a1c4aaa3decb12a41,0x000000008924d42d98026c656545c3c1fb3ad31c,1,0xb47087d53e31838bdb769b65815f67e8f1a274dc
0x3c079eb3f4c05c10663eb668e039eecea88823d9,0x612e2daddc89d91409e40f946f9f7cfe422e777e,1,0x61f98e7e7a6953d6a4c9841101097f76bb451031
0xb17c7948324b7b01da3f619042a78a3d22cf38d1,0x000000008924d42d98026c656545c3c1fb3ad31c,1,0x24f5849ad218f883e323157fe3592d4d91c9eb13
0xf84f78c62aaca72cd154ac93b640dcf772754a60,0x000000f20032b9e171844b00ea507e11960bd94a,1,0x66a03cf85fe3b729fa62253262652e131e7cdcd1
0x86a4c097dde0243398f1f2e2b8128525eeeaff83,0xe95e4c20b70aeeff43469933d46acc2aa3e6acf4,0,0xe95e4c20b70aeeff43469933d46acc2aa3e6acf4
0x1abb230d8b1bc8cb811fd1e98a321492f3419b85,0x000000f20032b9e171844b00ea507e11960bd94a,1,0x10a3952689b9932dbbefe656d1635ddda627b7de
0xd752ad52ab60e58960e8a193c037383ffce8dd70,0x02ee7dbf9931148c78372550393e629678e40304,0,0x02ee7dbf9931148c78372550393e629678e40304
0x44e3f385a7e32219dcfbd0e455f654170f8baa8f,0x000000f20032b9e171844b00ea507e11960bd94a,1,0xda7fa24ca30ef42c2b6e7b88453b416d11955c09
0x75e652390d504925044cf44f6da924f865af9281,0xc79556a222367ecb3c2291d5c6d2b3e58e25fbf1,0,0xc79556a222367ecb3c2291d5c6d2b3e58e25fbf1
0x9c0e57a1cf5c3c5bdcd3c081790344d8db7056ec,0x000000f20032b9e171844b00ea507e11960bd94a,1,0x7906bb008f0a47442b1b78117036905cf912bac2
0x697705ed5a4d07485efcd6b11bd5d3bdafb0892e,0x000000f20032b9e171844b00ea507e11960bd94a,1,0x3f9acd4f028a01e71814508aad3ee678b07833de
0x8bdb464634d30a640cdbf0ebd9d78851dc20f057,0x612e2daddc89d91409e40f946f9f7cfe422e777e,1,0xc509ecaa3d2123855dcc9b1aed6b2b8a015aabc2
0x993ce3ca2d1828a795e589113a22c933d9fe67b5,0x612e2daddc89d91409e40f946f9f7cfe422e777e,1,0x2b5bb63c3faaf0db4026580f28e34f11a7636f6c
0xb50ea595cdb21cf09286342c25d796db726ca1be,0x000000f20032b9e171844b00ea507e11960bd94a,1,0x216e2dd5e2520901af86c5a287d022d520d2a38b
0xc62c4814d675bbefcce31bad1dd54a6ac57f6a48,0x000000f20032b9e171844b00ea507e11960bd94a,1,0x5f733f92d71770dabed1dd59400a88628a4c7362
0x968d6afd4755578e66336fd145b3dea592e50195,0x76f948e5f13b9a84a81e5681df8682bbf524805e,1,0xb99d2fd252ea993973fe77dd006f3e95e4817a68
0x4fcaa05ee6cb314e7f80a158fd1008ba663deac0,0x000000008924d42d98026c656545c3c1fb3ad31c,1,0xb5131fb97e83f56679dec6df9288262e8fc1461f
0x949ea2aee37ecf793bbf9b8ae881a68aafc170fa,0x612e2daddc89d91409e40f946f9f7cfe422e777e,1,0xcb7cd576655f0d01241b2bf42d0d4c2404168772
0x9ad21709df01685b6c8feb920ba72ba358b099f3,0x000000f20032b9e171844b00ea507e11960bd94a,1,0xeac7bd8858aa777a3173652137aa47f61380201e
0x5fc34cddea13ef0ad0eb45ea977ccf41fff8edae,0x000000f20032b9e171844b00ea507e11960bd94a,1,0x6849dfc7560bc5f1037dd0c28718cd7c77555058
0x5354b1aca50c25bbb15151bb7ba1100c48cc2e95,0xafa33991b1a03b0f79351439457059150cd6ddc0,0,0xafa33991b1a03b0f79351439457059150cd6ddc0
0xcc24d522fe69ec70ddc5192c45e15204e21f6114,0x612e2daddc89d91409e40f946f9f7cfe422e777e,1,0xec3c03cced7e07d49cc7ad6826aee0ba604b0849
0xebb20fca39c2275d1490e4da2ed94c447b5f3be6,0x7535da202d79ca57299918c60c218f9b779aa14c,0,0x7535da202d79ca57299918c60c218f9b779aa14c
0x0ce6b7be873b63f376174f4c45dd3f2520c3fa48,0x000000008924d42d98026c656545c3c1fb3ad31c,1,0x21d107c1c56376cefce76f4a2ab6dc361b4e3a38
0x8ad360416f925ff82b19a00f2d20bc331c285a41,0x91e950b039bd2835c4577d6c79915269feea0a27,0,0x91e950b039bd2835c4577d6c79915269feea0a27
0xd03bcff9d2e02145ae483e96b5b8ed16e7715aa1,0x000000f20032b9e171844b00ea507e11960bd94a,1,0xbe13ceec920aff758e5a4012076648986e913b52
0xb777446711ff8f847f1fbf9708e5ea336bc5ab02,0x8b66b420c4f3137b2bb4aa6a291bd81790bfece9,0,0x8b66b420c4f3137b2bb4aa6a291bd81790bfece9
0x552907d61e2746b9f7be8936efd8c1e0f6b36796,0x000000f20032b9e171844b00ea507e11960bd94a,1,0x00c26a446ec789b1097110429de73e44ed1a4c05
0x30af5132b75698edc239da354b91c674b77fd05c,0xa6c5f2de915240270dac655152c3f6a91748cb85,1,0xf05ebaca4eb261fb6684df95364312ccd6c7de84
0x77e4b8147e26faef1150d251d15176c8899a4af2,0x000000f20032b9e171844b00ea507e11960bd94a,1,0xee50c24a127b23e28d4c1ec222d6915298f048ec
0x3e7eeada42cd4a7be4400e55ac475de0a463a898,0x000000f20032b9e171844b00ea507e11960bd94a,1,0x256fe0a48b9dfcadfbc1d595625d32040694af07
0xa70252bda0c7c190820f8526fc1d73a0ad5f02af,0x36758c62c604ffaa7822b9c9bf4c6ccb61406f24,0,0x36758c62c604ffaa7822b9c9bf4c6ccb61406f24
0xc08120a7e331a676011cca1e0f232eb473efc915,0x612e2daddc89d91409e40f946f9f7cfe422e777e,1,0xb012a1bdca34e1d0c2267bb50e6c53c8042eb4b6
0x9bd527385af529460ffbdaea01cfe59522dbdcff,0x000000f20032b9e171844b00ea507e11960bd94a,1,0xddfc839a1e2ef33603becb744820c50df3df5298
0x80cd45bcc894b495599288534855feabd5f422f1,0x000000008924d42d98026c656545c3c1fb3ad31c,1,0xbb545fd0704803522ddc92209edaa1fe15b80af6
0x283ec2f102d0873c472ed81d8d1dce63867563a3,0x9121585fb5b53ee811de4742ce290e544fb97ecd,0,0x9121585fb5b53ee811de4742ce290e544fb97ecd
0x7cc7e125d83a581ff438608490cc0f7bdff79127,0x4e59b44847b379578588920ca78fbf26c0b4956c,1,0xb1bef51ebca01eb12001a639bdbbff6eeca12b9f
0x24829fa518ea2bd1f885699fe43d59fd231bf942,0xf81f58db905be99c2e51f0f984c868ef217641bd,0,0xf81f58db905be99c2e51f0f984c868ef217641bd
0xc98914a6c6f5d00738b815b8a3bff3407337b861,0x43a4ba4252b441b704553f6409bc61601ee66d64,0,0x43a4ba4252b441b704553f6409bc61601ee66d64
0xecb01842e9663dd7461e114fba99e2a3e40ccaa9,0x000000f20032b9e171844b00ea507e11960bd94a,1,0x5bd09f6cb716362efc0bd5d7f7ebfb2277aab6e5
0x45344b15369c3d0c6dfaa318d3a8cfb2cb657a55,0x76f948e5f13b9a84a81e5681df8682bbf524805e,1,0xe31c857aa1b6e45638e89fa57291862bc5b7f5b4
0xb6706392289868ff5d357a49e2d18d5f1b14cc07,0x000000008924d42d98026c656545c3c1fb3ad31c,1,0xc43c9e6c904a9e5c5e915c194f8ac85b4032225a
0x7ca50407bd1bb73240918ef1f91d2c3ec54c7ae1,0x000000f20032b9e171844b00ea507e11960bd94a,1,0xf72b305d2f104af35292f27fc3cc9c290e2686ee
0xf1166732233248e51cfd44c7a054139ffdaf941f,0xde5e7715ab1d80b65f074b3d201e1fb1cb5ad32a,0,0xde5e7715ab1d80b65f074b3d201e1fb1cb5ad32a
0x72bc7a9b60531e3ab64bb51c9ff0c62fd2461613,0x000000f20032b9e171844b00ea507e11960bd94a,1,0xc78d8894c880e21fa73649cd349cbcac14bcabb3
0x954bf96c4a535ba592ef7cda97a432bdb058ca49,0x000000f20032b9e171844b00ea507e11960bd94a,1,0x12233db77cc6d3e4fd068ae58c03a7c7d28e423a
0xf690619687754f1237a11df8b365ead6a802c464,0x000000f20032b9e171844b00ea507e11960bd94a,1,0xef49f54df8238e85d602ef62d994e97f2918af5d
0xd87b62d53cf9ff736b9798263c9d8684873b8c6f,0x0007b9c4d506c6be7b4a3d454d078db5899172da,0,0x0007b9c4d506c6be7b4a3d454d078db5899172da
0x00d377572cdea6375e2305eea48bf9b28b1cfff4,0x000000f20032b9e171844b00ea507e11960bd94a,1,0xfc49896334097ee780b26929605a08f8b87d7b20
0xf75e16d868e845abb1ab11e3fc30e9ea3849ad8a,0x000000f20032b9e171844b00ea507e11960bd94a,1,0x0ab2772541d548aa5632e2d1cd210dd962d217a8
0xa43bca91c619708cdfae2e413430c42447e6cc17,0x2714eb338a3e73ea3198e85443dc7d8b882b241b,0,0x2714eb338a3e73ea3198e85443dc7d8b882b241b
0x74b92207ce99645dd65a5680c06281beb1209708,0x2269bceb3f4e0aa53d2fc43b1b7c5c5d13b119a5,1,0x87a0ef92b82bacb7a56489fc4734043750a07b08
0x4a3f11958a00e555c75238abf42388aec37d1016,0x000000f20032b9e171844b00ea507e11960bd94a,1,0xe59303a9765912d39bcf97d7330fa351d817d648
0x7c3896397454a1b4918875da86144b366eca8a7a,0x000000f20032b9e171844b00ea507e11960bd94a,1,0x8bd7325e6af75772aa3408669bcd93342b2aebbb
0x5083d0c34568f31bf98835273b96cedbf53f0bef,0x3f96d57b23f19ea43128b48e57ddfc4d961cf22e,0,0x3f96d57b23f19ea43128b48e57ddfc4d961cf22e
0x7d02fbf00df8348bac8eac2935b3e1ccda8a98cc,0xf09306e25661b1a0a026a607dbb4f63ebb9f3558,0,0xf09306e25661b1a0a026a607dbb4f63ebb9f3558
0xe7f3a1f5c947799ecf999de73385c0966431e0c8,0x000000f20032b9e171844b00ea507e11960bd94a,1,0xa5669f6e3c2ccd9f6a7a23f31a200d397dec6a4f
0x2656e8b47863631b8fe4fd11caa6e488212c4975,0xb92a35119c4c2fbb5dba45093b5ab3f57e435594,0,0xb92a35119c4c2fbb5dba45093b5ab3f57e435594
0xee5fae11fe4928b5e029405c20f18f4b71099711,0x612e2daddc89d91409e40f946f9f7cfe422e777e,1,0xcaba065a4897a1b3cfdd8daefdbaf0ab2b17a49d
0xc2671e1a7f8baa09f84e0c68a90ce5df1d0dbc6b,0xa0b9d89f6d17658eaa71fc0b916fccb248340382,0,0xa0b9d89f6d17658eaa71fc0b916fccb248340382
0x3a04cedee6532c48f73cf228935d9005b7e390e6,0x612e2daddc89d91409e40f946f9f7cfe422e777e,1,0x130d5d949053d5b5fd3d6fdfdc19f8b7aab1b73b
0x03844e78af47083c1999896d4bc7013a59e260a7,0x7b171319274b85742bab91cc61b3070d1c24f6dd,0,0x7b171319274b85742bab91cc61b3070d1c24f6dd
0x4fcaa7042de928c661f023a584fb4f7869f832f8,0x000000f20032b9e171844b00ea507e11960bd94a,1,0x29cb6386df04b510dac0706106bcbe5e6e43aad3
0xe8dc4cd95945a49170088a59ab66e1bebf462467,0x000000f20032b9e171844b00ea507e11960bd94a,1,0x8709038bcd16d2af2175961cc96b5449d9cd80d2
0x1810e51ece7535cd953d4ea0beb52adf425397d4,0x612e2daddc89d91409e40f946f9f7cfe422e777e,1,0x664d7462634fac1815353a10f138750ee11a91f6
0x1dd1d004dc4f7ca447ac63d16f6221bda963476b,0x000000f20032b9e171844b00ea507e11960bd94a,1,0x84e241152f7f40334a9303360dbede729bbfc5ac
0xc7509194fa9bdcd29f8483f8ecc8a44fa15cd582,0x000000f20032b9e171844b00ea507e11960bd94a,1,0x5e5ddecee988163dd38513a5ca12fe4cd7af8559
0xc61834c19dbf9c022c7289d47dcc5bf4eb58f329,0xb2019531de3bfda451668acfe40fb3aee59975b5,1,0x8807c30b5734a547e8539437bcf492923b169cc0
0xa539a2499ef6132d969b3ee330e60783aae1c906,0x000000f20032b9e171844b00ea507e11960bd94a,1,0x051030606dbc232b7dadae4ca0636ef5645e612d
0x0611690d41f356b4e4f54cbb12e195c03516a822,0x612e2daddc89d91409e40f946f9f7cfe422e777e,1,0xfcc081b084b87de0cd8a953bf5c62f547de74f8d
0xa4084b46f01d518616b0cdcc557b7f7e0cf8bd50,0x7926dbf02d242ddc4c7b60333f719fb625aa33e5,1,0xc675ce82295428235f20d9c0cc1c0aa743899b0f
0xa8ae6df34c21d7839929b24b512f84ea5ee0e983,0x612e2daddc89d91409e40f946f9f7cfe422e777e,1,0xb225d77e8f9f840ec5644823035c5308695d71ee
0x95b5d7547b93d734b6c30c747579caee52b3867c,0x086110f3b19e992e6d33cf4f15ddfd24a77c8d39,1,0xe93685f3bba03016f02bd1828badd6195988d950
0xa8876687bdb320341ace4391dc6815d97c867684,0x8430bc2263c8c38ed2e8f86cd35284f5c7dbcf1d,0,0x8430bc2263c8c38ed2e8f86cd35284f5c7dbcf1d
0xa4daec1c88b124a19a42dea05d36cd286c7e2e63,0x000000f20032b9e171844b00ea507e11960bd94a,1,0x1803cebcb0dfdb06fd4c59424f409202195b7aa5
0x803120b0a0122ff3d605e941f6d74ef53fc83f65,0x612e2daddc89d91409e40f946f9f7cfe422e777e,1,0xb36653d369d0acd24fbe6463a0a63be906f01b06
0x8d03e8cf2864993f529e05685c72fa13505e01cb,0x000000f20032b9e171844b00ea507e11960bd94a,1,0xdeafa8d26b73a1a28569681c5b471f328b341e37
0x4648df0f3e2948a58ecf9aad2386c21d8ef03af8,0x000000f20032b9e171844b00ea507e11960bd94a,1,0x1fd1f4e470f3d8b378984c9fd9e3b4ac5e42bc47
0xb042064b5f1f89c45fc5342cc3caabb08f0f4ac8,0x612e2daddc89d91409e40f946f9f7cfe422e777e,1,0x78ac3bb69c0d3000de0f4ee0ee907c60d502aa57
0x37fac17e66def3c9e15a9ac56c4bee547fb5453f,0x000000f20032b9e171844b00ea507e11960bd94a,1,0x5c238a0c2abaa19fafbd88384464fa023c49d2b3
0xcd827d288f01ae21c984c7906ea88ca02a2ccfac,0x612e2daddc89d91409e40f946f9f7cfe422e777e,1,0xe4e52b4cc22199d9e1a7449e4f1d6ada6c6f8f61
0xe27386474b65ba8f68db0e062b661a7bfe4119b6,0x000000f20032b9e171844b00ea507e11960bd94a,1,0xabbdd0b59150f9c6066510d994b05d97f7f02d26
0x5dc44228e155490559ec59ba7eab5d77442609c7,0xba3284b2218af3693ef80e6df41a97a35d1ea705,0,0xba3284b2218af3693ef80e6df41a97a35d1ea705
0xaf082e0f9e451afd32c51b92ffdd14d08683d858,0x000000f20032b9e171844b00ea507e11960bd94a,1,0x12a5088e5d03870834717d81dcafbb2ea1c30b65
0x808cccdcafc8e89d3abd4397e836e5e41c7d48a7,0x000000f20032b9e171844b00ea507e11960bd94a,1,0xa8ee9ccc736aaf4d08af59e5c4b47e45e9d8760c
0xa2e82579e68482b9742c3508875d11e3127b3044,0x000000f20032b9e171844b00ea507e11960bd94a,1,0x4a7cb371996124732be1da0785898fc9da65f86f
0x7e844db0453b78a4534c86d53597fd9bc054ec69,0x76f948e5f13b9a84a81e5681df8682bbf524805e,1,0x4b86c01e49c70cb7adbfda7570e627420105a761
0x4275d1a3716604f24a092235e1352b53009e9174,0x000000f20032b9e171844b00ea507e11960bd94a,1,0x8a842ce63ec132620a392185ee70b1dc0e424f52
0xd65328ded18a9e1060d4d4ac101801f52f9b7e36,0xb92376fe898d899e636748d1e9a5f3fc779efef0,0,0xb92376fe898d899e636748d1e9a5f3fc779efef0
0xc4d843183be8e9e581292626111e2c0d1ae77b90,0x000000f20032b9e171844b00ea507e11960bd94a,1,0x4d93fa0da505f09830674e16084bca6c58d741a8
0x0269c0ecb71dcfce58c37f768689c68e3772b08f,0x000000f20032b9e171844b00ea507e11960bd94a,1,0x5fabd7141d67bcf46076c5fc00aeff81af7ad806
0xefbe097e22d6aad1fa8c009297730463fdf4bcba,0x0b949b5444b05adbafca009dd4fe79c8266f212a,0,0x0b949b5444b05adbafca009dd4fe79c8266f212a
0x04d2981f8180978ee18243632bb5280b3bb34ed9,0xc8557c93305f58ce6733c0f9fbd3413c8ebe4dc6,0,0xc8557c93305f58ce6733c0f9fbd3413c8ebe4dc6
0x697278bfcad2e9b294224aa18f168f61ee4aa006,0x000000f20032b9e171844b00ea507e11960bd94a,1,0xdac86e3ecdf4dc8535dc036e166a89f34a62f278
0x5e45938d5f0160c4cced1169e3a788311e68b55c,0x19478179ef8bb7c4792a4041903080e097d137dd,1,0xd2e1b50dd0213d360d5adc0917dc572bf160ec1c
0xa16032e900b12eb6e8eb07b688a9e428051a8617,0x5f08f3e687d907b976e1e24435b093d577982c74,0,0x5f08f3e687d907b976e1e24435b093d577982c74
0x0f79f1c152ae3bb524d20b6df1e23c2881bad2ee,0x000000f20032b9e171844b00ea507e11960bd94a,1,0x4b15c87885fafea51c867a925308ad9cec3f482e
0x8fbb4d6c5f6180fd079b332b6627ea5e299fa4ea,0x612e2daddc89d91409e40f946f9f7cfe422e777e,1,0x4931472932422e50659baa4a93a28e212bbc26be
0x7c7dcdc9af3f94247215b72296571cc0e0c459f8,0x109e7d5f1cc7e5acbacbc93e3e88dc2e153e7290,0,0x109e7d5f1cc7e5acbacbc93e3e88dc2e153e7290
0x245526cfba6a6d92fa76bf784eed651c8293996d,0xc6a34b2bf59baf984884a0cf4c84ed1541e710d7,0,0xc6a34b2bf59baf984884a0cf4c84ed1541e710d7
0x38c85cd121a9c484576d37b266c34a19977a8ce6,0x000000f20032b9e171844b00ea507e11960bd94a,1,0xa72534684fd2f1b43a4df04e737cdc0fce55acdc
0x3f21fdb4211192b3a3d35d0f0db1d35105543ca5,0x000000f20032b9e171844b00ea507e11960bd94a,1,0x80557a4d87df9405b6727448c8ba4130f7581eb3
0xeb613acd7840c743deecbd0ef7182430a09cecc2,0x000000f20032b9e171844b00ea507e11960bd94a,1,0x113ce8ee0b4bf860de888a921ee7ac2d1600a6e0
0x0eb9d4b84e82e4e83ee87a97d0e6a38358302a3a,0x000000f20032b9e171844b00ea507e11960bd94a,1,0x0d2ae2e2685a07ead55820b90607f9853322027d
0x655ede09c095f7be2375155b84ee9de0fc113814,0x04685531f1b80ac2858ec5659f22ef6798efe3af,0,0x04685531f1b80ac2858ec5659f22ef6798efe3af
0x85266e6d0867fc61392fb23d65df153efe0eb8e3,0x253c78e0cac5d471e7c4d9e9b9d69af8bcd562c5,0,0x253c78e0cac5d471e7c4d9e9b9d69af8bcd562c5
0x05544c5d50639e2725e6b79b4a9f8e853b2ebe45,0x000000f20032b9e171844b00ea507e11960bd94a,1,0xdf5d9bfce2d94180723168af6084eed17e617f66
0x2301bb9dd3bdbb2e629bc9c680dd5640b4a82278,0x000000f20032b9e171844b00ea507e11960bd94a,1,0xe81b5c45834c50e8d4da4c82c532d6cedc9ad37a
0x13e0214fb98730f215fbb3bdedd0b8932e137b51,0x000000008924d42d98026c656545c3c1fb3ad31c,1,0x47d8937f82594166eb1e0b7be4ff80f1820309ad
0xa1d991f4622ac0e04cbc44def3443cc41565e076,0x8d1fa935e5e8a5440c9efc96c0d9ff387ebb179b,1,0xd1a97a7d19379c3da6e06724b4f924053719f54e
0xdd1998278e84fd6685cbe0f3e49be8f34e290894,0xa6c5f2de915240270dac655152c3f6a91748cb85,1,0xb0dd496ffffa300df1eff42702066aca81834404
0x24d5a91b1a12d8c24e1f63f7e3994ea5698caea4,0x7fa7cc240e9ec0ca13b271e274b31af8540f31c6,0,0x7fa7cc240e9ec0ca13b271e274b31af8540f31c6
0x31b1a88ff42b2c32563b2bcaf71a03c5b473ff29,0x612e2daddc89d91409e40f946f9f7cfe422e777e,1,0x3a287478b0bad9f23ff45ece0ed450a6dd636d46
0x1a790788b9b7d358306d0fd9f53c56e8398af414,0x000000f20032b9e171844b00ea507e11960bd94a,1,0x7cd2f4521881083f28201101d69d0f5b4936a815
0xe8113f47a91296528de42d65b772504b086e0b0c,0x4faa8c2f18f87cb15b251b11d2d9bbdd6a7a54ce,0,0x4faa8c2f18f87cb15b251b11d2d9bbdd6a7a54ce
0x851a3a8a99031fc5f9a0010fc7331752c91c0c79,0xd6c07b167c96dcfe62829d2f900c2bb5119d564e,0,0xd6c07b167c96dcfe62829d2f900c2bb5119d564e
0x9412b25d1170c73289dafea4794cfbcfa12cc3cf,0x000000f20032b9e171844b00ea507e11960bd94a,1,0xbe10d1d5f2288774f4a9fd52a50c0813045b024c
0xc3231a7512b8eaf91feaec4f5ec132f51e2075cd,0x000000f20032b9e171844b00ea507e11960bd94a,1,0x158700eea61999d08b108e2ef81b5faa9c7c8c20
0xd1fe7d5b2d19c4ed9c7577dc764d4f44240b7d7e,0x000000f20032b9e171844b00ea507e11960bd94a,1,0xe71159231b9ff2dcddb1120fa452727fbd207a84
0x39ba76404d06290935aa6266055ae2d038686a4d,0x000000f20032b9e171844b00ea507e11960bd94a,1,0x8ddedc40d65b49c159facde8d308eef02666d779
0xf23978f794c383726c1c1ecb46c627348275d7ff,0x000000f20032b9e171844b00ea507e11960bd94a,1,0x18dd90d900e8c890128102d2ea9f8c5c48ddae28
0x9ca3cd545e1d242e158526fa542be53cded61c9c,0x000000f20032b9e171844b00ea507e11960bd94a,1,0xb7b725c6302541508bd8bbecabad93763d1f868d
0xbde06c5038aad6ac3b17ab9c8f2d96322bda9d22,0x000000008924d42d98026c656545c3c1fb3ad31c,1,0x9e310821281471bda22452dd9d59f70dbc94afb5
0x50f6d0f5e29c2a1372e224abd97eb51a69f25b69,0x000000f20032b9e171844b00ea507e11960bd94a,1,0xb061663df1d833fc317914c2806f285878af3495
0xd9eb0b14e06b709745052a465ddc03e24e5ee49d,0x612e2daddc89d91409e40f946f9f7cfe422e777e,1,0xe0d1be76a99836f5ac4e0a44eec0650aabde48b2
0x417ed1d761a5846aff1d068fbf5c1918e11fb6dc,0xce9ac4a69afc690e380694aad5be44d7e609a900,0,0xce9ac4a69afc690e380694aad5be44d7e609a900
0x8d57dc8f288251f2fba9f2477183c4488c795e21,0xe5f6ae79926378b5543f2881bd3e062667afbc1c,0,0xe5f6ae79926378b5543f2881bd3e062667afbc1c
0x55d4496c081b8459eaf59236b92b5310c165c9ed,0x000000f20032b9e171844b00ea507e11960bd94a,1,0x71efe07f6155355b6efeee9b8358ebb7cfad9ab2
0x0354f2edeea52bb69ee46733ac159e9725e14b81,0x612e2daddc89d91409e40f946f9f7cfe422e777e,1,0x9f1aa0d566985fb836decbf56ca6165ba387fb2c
0x05d2a6e8ac0731b43f9ff83d31e60304b7d4444b,0x000000f20032b9e171844b00ea507e11960bd94a,1,0xecc8305c9b5f9ac96e14f890f580b19eb9b164c2
0xe1709c119f7733c733c0257d4f6239dae2f3e79c,0x612e2daddc89d91409e40f946f9f7cfe422e777e,1,0xaa8be23b8212196a2cd019804871d8e2dcc0e019
0xe5a1c5fb7763a515356870358b1280baf528e95a,0x1b1e924a0a9c86a9023be9791bb81ecfb8cc4011,0,0x1b1e924a0a9c86a9023be9791bb81ecfb8cc4011
0xd34d6a3f2d8851195b8a96765f50bf918e922255,0x18a28530452defb1cbdec5339a617a970eb38423,0,0x18a28530452defb1cbdec5339a617a970eb38423
0xb9d4d4e11bdc67e8dc313e6f0560d0b04feed36c,0x47acbf4067e2d75cce6f228a952f63e75eece3a1,0,0x47acbf4067e2d75cce6f228a952f63e75eece3a1
0x84c3ef82e9d2603db456a81a4b889ddaf8fc9ad5,0x612e2daddc89d91409e40f946f9f7cfe422e777e,1,0x241a3446de14e89d0dcfb05cb2f7377346f0ba5c
0x2c38b25a7c5134f2b58b3f0394f92cd95aa36a27,0x000000f20032b9e171844b00ea507e11960bd94a,1,0xb09c470f84daea2230ee1dd9d642708929f6f9c9
0xd2e81d8575dad9507483637a73d7760079fd6bd6,0x66c5488b5207caf80a1de83bd94c105bd84dbeb5,0,0x66c5488b5207caf80a1de83bd94c105bd84dbeb5
0xcacaed0d1fb65f62b023dc9aea0ebf9ea1e57ef6,0x000000f20032b9e171844b00ea507e11960bd94a,1,0x87cc68a5ba1cae02c75a5c4269b13db27de6e32b
0x01f7b3dbf7bf3ebbfd92f972491ba5901f92f1ad,0x000000f20032b9e171844b00ea507e11960bd94a,1,0xb94011aea9cb44e7a35dee443c78b240c84e9ce3
0x20d96561080a36ebf34fa90b3fddaea2a4e5f691,0x000000f20032b9e171844b00ea507e11960bd94a,1,0x24a613841196d1344dbeba9af2651408cb6305d5
0x276483c46c892a226993bd00b41a72a4619d35de,0xe79e1ca8f6c13d25490ee47a36f35ca700e3d6b1,0,0xe79e1ca8f6c13d25490ee47a36f35ca700e3d6b1
0x6eec3fbe0937e5a419dd93ef01694f2ad2c6c296,0x76f948e5f13b9a84a81e5681df8682bbf524805e,1,0x90682ce26df3cfe876dd62f6f6dfa3f27d7e8bcf
0xc827dac42fd8e7982a1129af7df7a73bab366624,0x000000f20032b9e171844b00ea507e11960bd94a,1,0xaf4aaa5dde907150496df52a82e57d22a9273af4
0xd61e2dd8283e1afbcd4ce90b9ec9b40aa1a03b85,0x000000f20032b9e171844b00ea507e11960bd94a,1,0x7154071ee287e6c32e9eaaacbb47506011da87a3
0x0d68d2db141c6e0cadbc6cbb54efa5a064b460d0,0x000000f20032b9e171844b00ea507e11960bd94a,1,0xd269d007911873e482356e2bc6efa4c04dc5273c
0xcb2ff191960286ece78275ac29923a1e83e9da76,0x612e2daddc89d91409e40f946f9f7cfe422e777e,1,0x4b99bde3592841b32b9e87d6d6fca0e97c014833
0xec8f9d6de55a57c560e48eae6c2453bd88acbd57,0x000000f20032b9e171844b00ea507e11960bd94a,1,0x47760960ce833ba0368bb88cbcff12d1208e6c35
0x54ca1071f5dca11e9e568676cc7cf0af951d57dd,0x612e2daddc89d91409e40f946f9f7cfe422e777e,1,0xc147459bb1ef21165b1f8cec7598b2fa6bdb229c
0x0a47b58239618fb45bc6f9df1b02a909d7fd8bb8,0x000000f20032b9e171844b00ea507e11960bd94a,1,0xf8c7bd04f1986f5c94665bc609fb981be367972a
0x13a7bb704a4a6db04f65dbab7e9d52b7de2dd5b3,0x612e2daddc89d91409e40f946f9f7cfe422e777e,1,0x86f2ed0e7ba3e8544b55e6cb08835c8678c928eb
0x092e2da501d75b8e655ecf912d5571ab01a90a1a,0x000000f20032b9e171844b00ea507e11960bd94a,1,0xee9350f7ae55f7a21f92cdf98166b952d2cdbdac
0xe7523f8701a53d65be855b9a0501291cef3e3815,0x73df0c88f3b0e553d8bef7605f5750e07a8c36a8,0,0x73df0c88f3b0e553d8bef7605f5750e07a8c36a8
0xd120f783bb7fbf170600789de911723c1660c609,0x000000f20032b9e171844b00ea507e11960bd94a,1,0xa96f28a121b23fbdc2285df36773b16b2fcd3453
0x84f449e24055c1636c8831d377731d1116616e27,0x000000f20032b9e171844b00ea507e11960bd94a,1,0xf202d1b9779d613400f9474be0880d5de45e142d
0xb3019f0c8d6d10dfd97df358f079cfd73b134ddb,0x612e2daddc89d91409e40f946f9f7cfe422e777e,1,0x080aeae4ca27e01a2815ac95096340386faca871
0xc2d4171da094305afde681c90e86f39732be0b22,0x000000f20032b9e171844b00ea507e11960bd94a,1,0xddeb108f632b92eb0f1e360befb2d11cd4a4565a
0x9b3fe932750643fc7f2639bc260f89d99935a03a,0x612e2daddc89d91409e40f946f9f7cfe422e777e,1,0x2dc62d25a65169c3f2ff3e24f958f3c2232246ae
0x44b16e0265df691eada2338d89a6ed756556f94d,0x612e2daddc89d91409e40f946f9f7cfe422e777e,1,0x317b2fa8aeed274c17cc302ea4e51da14cad5dba
0xd075b06b1a8caca436df3d262762f82a6c775112,0x000000f20032b9e171844b00ea507e11960bd94a,1,0xb21a7f21de3257c37ccb35121344842033e1f9c0
0xd229a9dc39b7a66c890f79b2bbcace0e4b4bf564,0x612e2daddc89d91409e40f946f9f7cfe422e777e,1,0x0e4c984b25d7c0f6c69a0def3fdbfeb8c68344c7
0x9a81d2d632bf8661bde10be50bb4b79e5d9f716b,0x000000f20032b9e171844b00ea507e11960bd94a,1,0xfae27e8414af1412a9c0d3331fb7cf4cef6e36cb
0xd8b5a1bf86d47fa901764d0fd8e257e455f6dfc0,0x000000f20032b9e171844b00ea507e11960bd94a,1,0xec4ff58e24a09abb7935315859471f9806acfcf5
0xbb4c4d8ed0546413b2be66dc54577be1f0a47e05,0x000000f20032b9e171844b00ea507e11960bd94a,1,0xed5b09987945e192cc532bbb1d87b17f44d52124
0x1a92e5f0a3b53939a51e328cd6488eb8bb923758,0x000000f20032b9e171844b00ea507e11960bd94a,1,0x0712853e7f62b1888bc43f36fd75cf5a792a34a2
0x4c6b034705d71107f71f6c61332b650295b43bcc,0x2dfa21a5ebf5ccbe62566458a1baec6b1f33f292,1,0x756f8be351988e2d5a72601a3919f992c81fd05b
0x4b87b22347176021487b396e4b54c160e9c5da2b,0x000000008924d42d98026c656545c3c1fb3ad31c,1,0x6c268ae659296ae408ef16e1496b11dfb7dbbcff
0x42c122539be01da34aabb8563b1882848a84a48f,0x861070c17c3703a8a669fe683bd7d00028a0c8fd,0,0x861070c17c3703a8a669fe683bd7d00028a0c8fd
0x2d07f18a7c2f7bdf8f9cf5c3617615c6af7508dc,0x3e0914fc2b3b67a476142020b7d6990d01ad234e,0,0x3e0914fc2b3b67a476142020b7d6990d01ad234e
0x0504a723a9b0530f7a74c7c88ff8e969cd01aa6d,0x000000f20032b9e171844b00ea507e11960bd94a,1,0xb49df48c9bb3eebe8cc28c1c129c51950ab9339e
0x10842298599eee3e130a40a1a1dc6592d687d39e,0x30ef5ea3dc5b92369f5dc788c09a17b6564cab9b,0,0x30ef5ea3dc5b92369f5dc788c09a17b6564cab9b
0x9717f642693c1ee192fe0c5ed72665238a89febc,0x000000f20032b9e171844b00ea507e11960bd94a,1,0xcf24d4126b197bbd6393ae84add148fbca9b8562
0x5911b84e33795a67982e6c7457547f452e13472d,0x612e2daddc89d91409e40f946f9f7cfe422e777e,1,0xe54e9da81b997ff8a19d6a44dd82699b0ae92fdc
0x105e22bf2df9d88982986595e5c370389acb4dee,0x93e3da489dfcd40f393750a160b7fd4a2d7fe2ae,1,0x6520d71fc6226f6743ce571f0e9aa58c406a58cd
0x873643174df67ff20596136ec697467175074419,0x000000f20032b9e171844b00ea507e11960bd94a,1,0x20233f616d1324b12010d554ac255467adb52ed2
0x9153b1cbf4756be736cc543119ee01fcce45fd77,0x612e2daddc89d91409e40f946f9f7cfe422e777e,1,0x4aca88afdf1afc074ba4eac766674b10ccc68e95
0xa988a1e79ba70463f4262fc20e73041c91c5c555,0x669835429a57450f328b8835b72e3961bbe40a0c,0,0x669835429a57450f328b8835b72e3961bbe40a0c
0x0e2a54ce20b659774016ec68197a0a0b33d18012,0x000000f20032b9e171844b00ea507e11960bd94a,1,0xed6f6818debaecb620f18ccb59911b2841a0c027
0xb7aad990d9ed724959b1e6f53817f63b9fdf957e,0x442295de8a31d65026dbc09c29d469f6854f188a,1,0x7f5a0a6847fd0fa05c13cbc02f435047b429e37c
0xd1b67f59d3e3e3a4b15ddd1cded4e9bb9d62fbb5,0x612e2daddc89d91409e40f946f9f7cfe422e777e,1,0xf1d0f940b03fb869b261e66cf5a3d4cc55752a64
0x5ff7624fd9e8c6eb0df1955e03070f907a355184,0x000000f20032b9e171844b00ea507e11960bd94a,1,0x67e37bdf790778b5db06a68d45bce7356493f3c2
0xf16d2988234bcfee08d45ef54ad1df897aa5b7ce,0x000000f20032b9e171844b00ea507e11960bd94a,1,0x2fe6b3b0adba4985bf0c82bc5b546ec7e4a17321
0xb1d7a3c1857326d71317d8760efce5e2facd230f,0x612e2daddc89d91409e40f946f9f7cfe422e777e,1,0x2b9635abb2ab0863cfe9175d0759d62b7f71bc3d
0x2a624992deb5cc91bfd7ca4d03f241eb3b74b61a,0xa6c5f2de915240270dac655152c3f6a91748cb85,1,0x1b1e924a0a9c86a9023be9791bb81ecfb8cc4011
0x9f8ee51f5c17fee04b30607053d9c415b776be6c,0x000000f20032b9e171844b00ea507e11960bd94a,1,0x90b5c632ab4c5cbadd493ca7f60c36d3f2ff9aa9
0x7d0386d83739a4046ef0118caa032afd95015b8e,0x92c159895901439caa212997d505083a2fe88885,1,0x38d1af5f8a6130e1ca95d3605753bf01366db21e
0x9e721d12f76d6800c0ad873f66d115d0692bb955,0x612e2daddc89d91409e40f946f9f7cfe422e777e,1,0xdfd4593407463a9aac266fb33f89e874de48ec63
0x44aafc1e5120b7bda57c241c974ec4b0f64bb864,0x000000f20032b9e171844b00ea507e11960bd94a,1,0xdcae7eb7947d1be95562a391ab0a02049c8d9bab
0x05b1846ab129eb0bb4f311f11ee60d00f9794dc7,0x612e2daddc89d91409e40f946f9f7cfe422e777e,1,0xa90197ce4c8d66be8dce3bc8dff601a1fed70341
0xc3966f1e9ac99a4cd36462db9a15ced54e7e7245,0x000000f20032b9e171844b00ea507e11960bd94a,1,0x37eba04220a171982614df8ea5869d1eaa1b9d86
0xb4ffa49fbefccdfe5075ebe4ff44560012f2ba27,0x19689c22a05882053af12202c34ace762003bea6,0,0x19689c22a05882053af12202c34ace762003bea6
0x76d7aead70fa4e2ea14004993f23d1b55b488363,0x000000f20032b9e171844b00ea507e11960bd94a,1,0xc9c8c2a47d03817011d994d8b1917f86a5ee64e5
0xb85a3e2c30e23f5184336fa0561fb047804f78ea,0x2117bf88b4cb0186eaa87500a045fc998290e42a,0,0x2117bf88b4cb0186eaa87500a045fc998290e42a
0x3aeda6abc7fad56a0022c28f8f3e05df7811dd8f,0x000000f20032b9e171844b00ea507e11960bd94a,1,0xf1408d9159a98e26494bde3f5411343b7ff73ee6
0x6d5d5877504fdebc834bc4e753a13e795cc62452,0x2dfa21a5ebf5ccbe62566458a1baec6b1f33f292,1,0x92fb9db281384565f564daf8c74f8bad756ea6ec
0xb18a35190822290896f8c0d763b470078b646e91,0x66187b4b96390880419bab3075373230b2430a5a,0,0x66187b4b96390880419bab3075373230b2430a5a
0xc2468d1b0955842608d06cd049865bbb919eff57,0x15de4ef4e488d3d1400501c4c2f22eb7d8fa4da8,0,0x15de4ef4e488d3d1400501c4c2f22eb7d8fa4da8
0xbe0e9880d08c5aa54509a2188920a1e64458da8a,0x2a259f94ede30a0499f1d83ff534026f6717f4f7,0,0x2a259f94ede30a0499f1d83ff534026f6717f4f7
0x7a95da565eaecd036f06a3e6bc9edc073df5bbca,0x000000f20032b9e171844b00ea507e11960bd94a,1,0xb3c382de7247d6b304d43855962ba651ce4a737c
0xa1359691e0b9a95e83844bbefe14f72e0187823c,0x000000f20032b9e171844b00ea507e11960bd94a,1,0x5487eb82f5c387e86faba70de7eac8e5942ee4e7
0xab7a6eb37e2fcc896e8eb28f32ded02255ed5e57,0x338f99e6dc45270108d6c0fdce0370bd78c40cb2,0,0x338f99e6dc45270108d6c0fdce0370bd78c40cb2
0xca03d0255850d18efcfe36292fd74dfc61c259c7,0xc30f6428615b701ddf53d116867397b1e27b7481,0,0xc30f6428615b701ddf53d116867397b1e27b7481
0x08a5ca79c239b6ebf2d4fa64794eb35f43046c52,0x000000f20032b9e171844b00ea507e11960bd94a,1,0x178ab26ad18dfc62d554ac4b49ac5afaf58d89d8
0x0fea904a0391018d431c3933377c5704067393e0,0x9e4007839a79f5b5d1876032f19debebd8216afe,0,0x9e4007839a79f5b5d1876032f19debebd8216afe
0xff99393d053e695c9f90def1f887c3641dec213c,0x9e4007839a79f5b5d1876032f19debebd8216afe,0,0x9e4007839a79f5b5d1876032f19debebd8216afe
0x71e8b9c4c0ae089ca4a391c866b133dbd0d586b8,0x98250d9090e9db1b979ea1115e8cd15d4a414690,0,0x98250d9090e9db1b979ea1115e8cd15d4a414690
0x88314752ddf39b75bb2099b15148125b652f54a9,0x6e45fc4c4e5977e40062bc43893da4725ef71620,0,0x6e45fc4c4e5977e40062bc43893da4725ef71620
0x0d6034e2428d24ba8e9c13d64fa26b2c493118b3,0x000000f20032b9e171844b00ea507e11960bd94a,1,0xa5669f6e3c2ccd9f6a7a23f31a200d397dec6a4f
0x8c578a6e31fc94b1facd58202be53a8385bacbf7,0xe952356cb744f703daf9d77db392222918789f66,0,0xe952356cb744f703daf9d77db392222918789f66
0x443127c37de95bad4526bb28490dba8a93865080,0x9d1dcfa0d5b643aa7f46b8eea89415420ce6587a,0,0x9d1dcfa0d5b643aa7f46b8eea89415420ce6587a
0x698d742821342ae09f51af6acae9d69245e1965b,0x0f94325dcc0e118fb3454bceff6bcd814ad2b58f,0,0x0f94325dcc0e118fb3454bceff6bcd814ad2b58f
0xc4435ca1d296aaae515f92af3382bd54cc741031,0x000000f20032b9e171844b00ea507e11960bd94a,1,0x12dafee816e241bf66b9a5e62b96a40901694718
0xb3b494b92c0a0b9cb6c16082ca4ec0e2233c7803,0x000000f20032b9e171844b00ea507e11960bd94a,1,0x6c63f65fcc7d752e4f42aca149cd4a512dd0486e
0xdcb18056cb2dae6d18437bbf9276f29317c33a75,0x000000f20032b9e171844b00ea507e11960bd94a,1,0x971dc6bb8122f51375e1b8c17212f987fb6db306
0xe8e8b347e7a1bbdae615429bbefd4a70b833fd69,0x000000f20032b9e171844b00ea507e11960bd94a,1,0xb98abd26b028d4fe3016cc735c7a4d7d7d180dbd
0x5857049384504f3b7f0cba665a7a927a7176683a,0x612e2daddc89d91409e40f946f9f7cfe422e777e,1,0xda2d8a5d58e0e25fa9e07138ce27fc76d32291b2
0x43daff900a5030c526b31caf11e5c627210db090,0x000000f20032b9e171844b00ea507e11960bd94a,1,0x8ce902a64ad38279626dab4cdeeaaaf375dcca1e
0xbb74f76231b48027f07f8871152055aa8cb4340d,0x76f948e5f13b9a84a81e5681df8682bbf524805e,1,0xc110878482c239ffe3d459c57f985365f2d67a18
0x6ce04564edc38f5927327bcd6d3d60007e13fa8a,0x612e2daddc89d91409e40f946f9f7cfe422e777e,1,0x970bb85b997af2369b4be78e703e552d4d0d7158
0x592ff56cbaff5b3a72631cab7a3d42e1bb6d82d5,0x287aa9d211bed4a2de555c69addc3050db7d45b4,0,0x287aa9d211bed4a2de555c69addc3050db7d45b4
0xdddef0191f778df99db93652c77c1e7630b851bd,0x26c43c199d24c61612af7703f1271a73ac36fe76,1,0x47144372eb383466d18fc91db9cd0396aa6c87a4
0x880aaf4d29d658888b1d66b70dcd476fdc8f779e,0x000000f20032b9e171844b00ea507e11960bd94a,1,0x56c875db3f31c09ed344e61b6248da6465aa2b2a
0x5d0c352b6c59c350e66d1422365e87ea94dc25ae,0x612e2daddc89d91409e40f946f9f7cfe422e777e,1,0x6b1fcd4157d96c72362ecc47ecdc1cd574f8c12a
0x2d389fd3ab28e305e6a0cdb88c0994ff9293a9a9,0x612e2daddc89d91409e40f946f9f7cfe422e777e,1,0x97119dc1f2586e7c1637e5ffabf6458c94da7d93
0xeb900872ff7fe50f7192193151076d4af4388d85,0x76f948e5f13b9a84a81e5681df8682bbf524805e,1,0x600235122c6299ba845e6c67f718e0854923040a
0x7e956ae5e49d2c813cd57b439942a9fd8ab3bfcc,0x612e2daddc89d91409e40f946f9f7cfe422e777e,1,0x29165e46a5ca80de8ae9f9f8fdc561a0eb13e46f
0x4995eabd4207f9705bcc2758e9461a9cbbd3c4c1,0x000000f20032b9e171844b00ea507e11960bd94a,1,0x507017060cfb9e25a43691d4a00419c6fcd19bcf
0x6b54ae7b2c1e812766d4070cf449f996f9ba9643,0x33725f9f1da908d8b42bd6f92ddaa506b6e59b09,0,0x33725f9f1da908d8b42bd6f92ddaa506b6e59b09
0xdb7a79415d43ce70f7ce5b029d049d48885a29c8,0xfea0f1f609958ee43ab46a9eff6c505afc61984d,0,0xfea0f1f609958ee43ab46a9eff6c505afc61984d
0xe7b0493bd6cbd154b165b233e167500e2bf9e29f,0x7354936bc7a72c8baf5a2f9262e70a52c427be4a,1,0xdde1424b7fdf3b7c110c5c65524802c60f97ed9a
0xe333cd2f6e26a949ce1f3fb15d7bfac2871cc9e4,0x76f948e5f13b9a84a81e5681df8682bbf524805e,1,0xe6d925c8995ba83ce4a06914aac159a22ebd1f54
0x94a9e567e459ed77df4f59d898444ca175e1ac75,0x612e2daddc89d91409e40f946f9f7cfe422e777e,1,0x5bcf016d5f701001a785a3f69290523892291bc1
0xf3207bc3803bdefe4796ba9a34a9cc81aa5cecd2,0x000000008924d42d98026c656545c3c1fb3ad31c,1,0x5c946ebc405bb83ec70529ea7bda0685518caf85
0x7fcbc894ef3568ea990888c17a98891b0fe05b50,0x612e2daddc89d91409e40f946f9f7cfe422e777e,1,0xf5a562cb859b5e037a88f96c0a1fd3f2d0c5fdbe
0xda6c73728409c95e0171f477c99ca87c6e6b9ea7,0x612e2daddc89d91409e40f946f9f7cfe422e777e,1,0x6f52647f75d82eae38f477fce402b5a0d3c5336a
0xfa2c27ce7e613b89f6bd8ec5cd179b31b8a0e212,0x000000f20032b9e171844b00ea507e11960bd94a,1,0xafd969fbf546acac72f2cd9eb970ed212fa534b0
0x81f93a4c68fd976867dc54631e592a591b959946,0x464aea4aa858753267d9c732e2188933b6ea4c2f,0,0x464aea4aa858753267d9c732e2188933b6ea4c2f
0x2fa94ea241e9da6418b46cc40a01a669a4c0eb1a,0x612e2daddc89d91409e40f946f9f7cfe422e777e,1,0xd21e00c4f0494d8f06f6bff79e97c4ad54a8d3a3
0x282ad0783ec26a26a6b432dc9f838149b56607c1,0xaf6f74efe820fbb81c402b65d91c066727f4c3db,0,0xaf6f74efe820fbb81c402b65d91c066727f4c3db
0x342639aa0ab0ab367075c1245847bd8d010b74d9,0xba2792a3ce6f460bf78de72f8878e3ffe5409fc0,0,0xba2792a3ce6f460bf78de72f8878e3ffe5409fc0
0xa19257f85b94ab6a7491651968f17b0f127190ca,0x000000f20032b9e171844b00ea507e11960bd94a,1,0xd154058c78a91552a26cee01677f7758e65ee5fc
0x90e8ab2505d2814517d8a87c69fb5af174a1aeb4,0x7c52d5756deba5cb3284478873d0ff5f838e68dc,0,0x7c52d5756deba5cb3284478873d0ff5f838e68dc
0x91cc07f375f8d6b554c8cc7d45a2d40437c09169,0x000000f20032b9e171844b00ea507e11960bd94a,1,0xc088fd3191c3bf0bb406918de46758027431f1df
0x4507f7058814ef3370f83f23c23c97b92d49f033,0x000000f20032b9e171844b00ea507e11960bd94a,1,0xf226c61db1b524eab459e7696c9370ddd4385e98
0xc90d259cf2c5ea7b33538c2e9a965cda7f0f86fe,0x95afe4c371b0cd77dc8481066f3d8a235febc74e,0,0x95afe4c371b0cd77dc8481066f3d8a235febc74e
0xe821d62ede9d9c2b5963ff1e1415c344e7e80f9e,0x73bd5f1f0da695d5b6a74de9734696dd0608cf34,0,0x73bd5f1f0da695d5b6a74de9734696dd0608cf34
0xf2ca1ff0252b4899750de86beebc4ce65ac8967a,0xc7887d572ca29077aa3f825b34605b99ef0b8861,0,0xc7887d572ca29077aa3f825b34605b99ef0b8861
0x2957018abe642c82b2ad04f8926207cc6bb9f4d9,0xc03055e0159c07f739eac50009bd126dd90f3481,0,0xc03055e0159c07f739eac50009bd126dd90f3481
0x70ae953de0998d5a368edb360fafa7fc77994fd8,0xf49cc2079fa1280fbb535ac8f5ab31f12541e660,0,0xf49cc2079fa1280fbb535ac8f5ab31f12541e660
0x4fdb177fd5a9fee89bc2832f60007f2b3b80a401,0x000000f20032b9e171844b00ea507e11960bd94a,1,0xf3dc04bf1e84d688ae5592628b2d4705a22b2d82
0x6eee4249c13a38b36141490a69fd2c07423482dd,0x06576a1b1ebf70857a0c368d8862d2ff92d65fe3,0,0x06576a1b1ebf70857a0c368d8862d2ff92d65fe3
0x94eaa1601a250d2416e0740a7bee7af4bb89c103,0x31930dc73753df11424a1ba49b4d836c14bda4d0,0,0x31930dc73753df11424a1ba49b4d836c14bda4d0
0x9c13bb47438d97af1571590a54d3eaa4f5884f5f,0x000000008924d42d98026c656545c3c1fb3ad31c,1,0x7e47f9531809937b51a67c02cb884240cfb05257
0x4c8581c657f45c6ac91bf5c026152e31a558f446,0x612e2daddc89d91409e40f946f9f7cfe422e777e,1,0x42f713c8092a51a9c4db857754a1ac6635ca41e3
0x6147dda2b7b11b0e35bb2c4b81a899e8b45dac44,0x000000f20032b9e171844b00ea507e11960bd94a,1,0xe87066792063dd6cb2bcc090e4d6a64e199a4e79
0xe31fdc62228911977bb79525b746038cfd538199,0x000000f20032b9e171844b00ea507e11960bd94a,1,0xd37d18314b73f62e9964dd6f8bd708c1f455b793
0x2dd5d022f59cd0d56e783b3cb2f4b0a970083553,0x000000f20032b9e171844b00ea507e11960bd94a,1,0x40047a5415fd5ec1c8d06781c6162f6407b0d8bc
0xa68ff8ab245b9bf185ea91aa502d14f9aa62e5ec,0x67164daedd79f274e94aca5a9fe770d148833d40,0,0x67164daedd79f274e94aca5a9fe770d148833d40
0x0d1e7ef6a2d6b06fcc850e5aaf468d00edbcb2c2,0x4750cfe25c66fd2c05e4d3249fd6a46917a55145,0,0x4750cfe25c66fd2c05e4d3249fd6a46917a55145
0x1f98e015605cee2ade258a7d3ba23bfc7afac4c9,0x32c2b85a33e7b55db86ab6223d1366a75155c9b5,0,0x32c2b85a33e7b55db86ab6223d1366a75155c9b5
0xcc8eb72d83c2ca1c3e87de954d0a4e21734df0ed,0x32c2b85a33e7b55db86ab6223d1366a75155c9b5,0,0x32c2b85a33e7b55db86ab6223d1366a75155c9b5
0x340eae22f6845ebf351824cc1b5b47136d2a4ab3,0x000000f20032b9e171844b00ea507e11960bd94a,1,0xc58308c8b112a981c0968b892cf91bbeb9337df4
0xd31d1f14054635a6503e226c7d99721da08b27fd,0x25048e19162505b5fae7b6140fcace59b389fcf9,0,0x25048e19162505b5fae7b6140fcace59b389fcf9
0xb5b784c4338e2097c768f441de890bd1ad0346e2,0xb232e06b034e3dd2a8b59fffe33980e8cf0fb04e,0,0xb232e06b034e3dd2a8b59fffe33980e8cf0fb04e
0x65a785178d2cbd08b462369408ef2066956624de,0x612e2daddc89d91409e40f946f9f7cfe422e777e,1,0xc5c60585feefbe31d0ac07663005e083d8a8d064
0x41df9dc55d322a28431dfc4a785303122d6dda5c,0x612e2daddc89d91409e40f946f9f7cfe422e777e,1,0x71d923a697eff946fcd460a58625681c50ff70df
0xc0f36479c180886466a615e37d989015ca99b4c1,0xb8e34ba255feaaafeaea9e86f88bb5c8dba91493,0,0xb8e34ba255feaaafeaea9e86f88bb5c8dba91493
0xcc7464304f04ec295e0725beb0206b91408398f3,0x442295de8a31d65026dbc09c29d469f6854f188a,1,0xc7ad77849f7d28e208d7d2e3fc457d2abebb5866
0x2ab31a5f97e0897b14588821fe885fd095bcc795,0x000000f20032b9e171844b00ea507e11960bd94a,1,0xde45a354b7cdddc6f20321abe5918b8bd789eabf
0x59a7524eea6c3e663b5f20269f2545f9f6da4ee2,0x612e2daddc89d91409e40f946f9f7cfe422e777e,1,0x451e974a4ed9794d2e8869b00649711d8c18763f
0x20ee76f67398ad2238f09502c2ee4fd54f102dd0,0x612e2daddc89d91409e40f946f9f7cfe422e777e,1,0xd2cd354b0bfebf3419000bc590a185582015e5c3
0x81e0e3fb10e8aa4fa180f17f84967a1fa5f8de67,0x000000f20032b9e171844b00ea507e11960bd94a,1,0x17292b76d01230233949924b394e65385db368fd
0xfa3d5bc1a7fc00c512d19b7e0b1691cc9385023c,0x2269bceb3f4e0aa53d2fc43b1b7c5c5d13b119a5,1,0x253a41571830dca332724dff29afb8960ffccdf6
0xd89d1dfd174141cf13819e9b8b0b010901b8fea1,0x000000f20032b9e171844b00ea507e11960bd94a,1,0x08cae9e0c8993ab82c9b3b0e9d1fbf1b57f0fe0e
0x20d97c50e02d643ff38e7fd7f944ac79d3c114dc,0x0b1d6ed4c183212fc543cbc80a23bb6305d5fb36,0,0x0b1d6ed4c183212fc543cbc80a23bb6305d5fb36
0x10ff1e2028a84944fb9de0636c31cd12c824035f,0x000000f20032b9e171844b00ea507e11960bd94a,1,0x09f65b47e4a08e6e89941cca70756a6752644587
0xfa0a2caab8b84f37220626af58e71a3f53408c14,0x000000008924d42d98026c656545c3c1fb3ad31c,1,0xed9bbaddb8c8f0481944e1e32468f800c070736e
0x7aef1486995091e7eea419775f48d45552cb85b7,0x000000f20032b9e171844b00ea507e11960bd94a,1,0xd2cb3fe860073b66ff1b1cf36b85890e82ed623f
0xe0e16006cf163a19535d794f5ee6aea9b9481a65,0x060618c10008bee8a2558f51c14fca9cf8a6fa87,0,0x060618c10008bee8a2558f51c14fca9cf8a6fa87
0x33af6d99b841f54b20991ee203f00f4cda3da291,0x000000f20032b9e171844b00ea507e11960bd94a,1,0xebd97ab142abc1d199d59bad0e84793bfd08a955
0x7eed2021779c48eb18dc9d22beea68d27117920c,0x000000f20032b9e171844b00ea507e11960bd94a,1,0x10d973f268e3aaa13323a551046329ce504d8d5f
0x965b2c31b03bd4834f60a73be5bbc7349375fb23,0x000000f20032b9e171844b00ea507e11960bd94a,1,0x27611f437fa3efffbc6d0678d05d6f6f153f1734
0x202c27bd3d3603a796b2a0fcd970f1d53994abeb,0x000000f20032b9e171844b00ea507e11960bd94a,1,0x23dc8360b3fa8e28d7e4f683ce6e0ed31532c3aa
0x8393134a005c727194d7c8a4149775a31dc28d40,0x5f1bf367d7c6905afe41b2c6bd7434c6079471c2,0,0x5f1bf367d7c6905afe41b2c6bd7434c6079471c2
0x1277ef54e869316a399858041da1a39572422797,0x000000f20032b9e171844b00ea507e11960bd94a,1,0xa7ebefe2c977615bf4a77aeaf93918d7f7cd7e7a
0x28c3c199a46967229e42c7c7f3bcd45b1e8400ce,0x000000f20032b9e171844b00ea507e11960bd94a,1,0x609d2d2628c411efc1c06cc212a90f47a392a52c
0x577d301c3a1450ba238673cdd330dafd63104943,0x612e2daddc89d91409e40f946f9f7cfe422e777e,1,0x8c1ef357ba4570d0ac201fb0279b9872d23e7705
0x371f53ee579351eb13be3f7b3afdbc6fb15d48b9,0x612e2daddc89d91409e40f946f9f7cfe422e777e,1,0xa410785f7e832577a63542f88ad45a59f1dc597b
0x298dc34865e278ac71bf969993216967a0575208,0x000000008924d42d98026c656545c3c1fb3ad31c,1,0xacf447e35dee741990a85381d9a03e31a49e12b4
0x8b109946590874e3566f1fe7a9b5532a1368632a,0x000000f20032b9e171844b00ea507e11960bd94a,1,0x2ad6fa4db57ac71479510863643eb6b1991788e1
0x53b9ed5a6c6d9aee09e2f613b95a604244bc3f24,0x789e8411a2a37b69ae715403ab33d8c79b376ec0,0,0x789e8411a2a37b69ae715403ab33d8c79b376ec0
0x7bfbff50ddc6ade7274232609d461a5f18f8c3c7,0x6fc865d18fa433268970c4885dd1462c85bb4a4f,0,0x6fc865d18fa433268970c4885dd1462c85bb4a4f
0x31e890019ac62014acc9acff9ebb54da5a2b0638,0x612e2daddc89d91409e40f946f9f7cfe422e777e,1,0x9254fad610d5af7c2af34532f41dd8c0f9c6871a
0xd91c530bb15f984f8d9d0ced509ed82ad6b4d696,0x3a661a18cb0258119636dfdde098648c6ad5ba62,0,0x3a661a18cb0258119636dfdde098648c6ad5ba62
0x477297de147d6d9f1c87082f13ca69c72f8ffb95,0x9544d675a308c9c83b79e44f10f5424ea13244d1,0,0x9544d675a308c9c83b79e44f10f5424ea13244d1
0x5b701a926af2af0430b98977a772a212b33d7a7c,0x000000f20032b9e171844b00ea507e11960bd94a,1,0xe9e5aac5ccd4a2ed76e81e1647fabccf927eec49
0x49d87e440d7ad4d562ce362f6b23674d1d9f2705,0x2269bceb3f4e0aa53d2fc43b1b7c5c5d13b119a5,1,0x3d422910f1aefda5c7f67540d866845d7c80f0eb
0x87b0f458d8f1acd28a83a748bffbe24bd6b701b1,0xea29cf6fb2c51186cd6aac01750a5f2ea7480df0,0,0xea29cf6fb2c51186cd6aac01750a5f2ea7480df0
0x29d1c497fef46ab4424816e6751322eea918199a,0x000000f20032b9e171844b00ea507e11960bd94a,1,0xf114ddfc10b5addee4a19f8643e931359e1d6574
0xd1b7432f408eb70ecdd760eac8efc22ec28f3dad,0x1c4388936c521c20c4c25fa13bcdc7eb205f546f,0,0x1c4388936c521c20c4c25fa13bcdc7eb205f546f
0xee1d9fc21a10115a7ca2a01c79ae2dde524d56cc,0x000000f20032b9e171844b00ea507e11960bd94a,1,0x85aaab0eefc0951a4579265bec4a40d7f3a3cabf
0x58863ecb597a6330a4c3cc51d40250a39deb1e33,0x000000f20032b9e171844b00ea507e11960bd94a,1,0xa68b5fba21cd66cacdc561533ccb0d87d73478a7
0xa6144b760e0bc8c0bf326b3643052257ce04ce70,0x000000f20032b9e171844b00ea507e11960bd94a,1,0xfe406d7652f330ddcf8dd569bcc9908aa07c6f78
0xbf8736bd510d2cc8e72e09d0b24e4313100b5988,0x000000f20032b9e171844b00ea507e11960bd94a,1,0x3c9f36fcd0897c69c8368b6217dd4b35b3c84cbc
0xd242bc861b28d0a0b8e1e1543adef68f36bb6b65,0xb2ee8c8f303bbabd64829a8413a201e9edcd6a0f,0,0xb2ee8c8f303bbabd64829a8413a201e9edcd6a0f
0x9ef6c7411e54db28448ef565df949bf0f9c657be,0xb7fd3a708a090ea337ff4106d5b6b7ca22f6ace9,0,0xb7fd3a708a090ea337ff4106d5b6b7ca22f6ace9
0x90b8fb663d9f30f4c9002c5c22192905fb8f1ac8,0x000000f20032b9e171844b00ea507e11960bd94a,1,0x447740265df40da3a0cbf634cee97a0131d8eac7
0x7f9c329a1b6bb81ef3d43cdee8612b949a2e2887,0x000000f20032b9e171844b00ea507e11960bd94a,1,0x91d168512936594ca4b89fd9403b2565138a6daf
0x5df6fbd8d06113643cdcb8684a7b92d9e2c36910,0x96352804c5a3215b33f8fef0e0993e9453ba495f,0,0x96352804c5a3215b33f8fef0e0993e9453ba495f
0x2f84cf42ae1cc99be8e7a1d70a8d12e42c54ad60,0x000000f20032b9e171844b00ea507e11960bd94a,1,0xbc2114a2940bac933e90c4cb38d969d4feb80790
0x916c55f16c9c5bad444765315ca84f7908931981,0x000000f20032b9e171844b00ea507e11960bd94a,1,0xf30ab785b9aeee8c1002398f3c652bbbae8bf042
0x5393c80bc04801a0aca7d1df5ec8a6c242ca8646,0x612e2daddc89d91409e40f946f9f7cfe422e777e,1,0x345e3660d49d8ba0fb448cf8d2e1699ef4768bf7
0x407f5490cfa4cba715cb93645c988b504fcf0331,0xeed2f9bb322235338747298cad226cae9efb9a04,0,0xeed2f9bb322235338747298cad226cae9efb9a04
0x821819b40f07b5e0259613c9eedb10364fa57058,0x4750cfe25c66fd2c05e4d3249fd6a46917a55145,0,0x4750cfe25c66fd2c05e4d3249fd6a46917a55145
0x46a948ee696c284b4ea92eec330cc423f217da81,0x612e2daddc89d91409e40f946f9f7cfe422e777e,1,0x7a3010b00d9866c80cadafeca573490e432ba3ac
0xe684c11f6e90905ef63b16a4fad3851ac8f432be,0xc6a34b2bf59baf984884a0cf4c84ed1541e710d7,0,0xc6a34b2bf59baf984884a0cf4c84ed1541e710d7
0xa8618a38995d29126dd53159198e69e58e9ccf3b,0x000000f20032b9e171844b00ea507e11960bd94a,1,0x89f03983253386559a87b791c6151ed10d50ab6d
0x4786cdad512dc1bd7196a24b91c89cfb43a14bea,0x000000008924d42d98026c656545c3c1fb3ad31c,1,0x65d472172e4933aa4ddb995cf4ca8bef72a46576
0xe9d8adf79e5dfa6ccef13a611d02bfe71444c2f5,0x612e2daddc89d91409e40f946f9f7cfe422e777e,1,0x83d540c516d6e1a57d351700bcdb77223a21ccb3
0xa4bcb8f8003ae32f7f37b1e4af35166f9eb2d0b0,0x612e2daddc89d91409e40f946f9f7cfe422e777e,1,0x1689b564814db5f1c7abd74129771d282e2d652b
0x2c0a39c4871cd145c6c5e52dbf924184ed8c2007,0x000000f20032b9e171844b00ea507e11960bd94a,1,0x96480269e7aa774a60a06df9fc840b7d2fb78d3f
0x78af8c3a3a58bf4d1d53f8ad0608f8bcf7d1b3d0,0x000000f20032b9e171844b00ea507e11960bd94a,1,0xb8f237cc281dc289ad3c7dd37b6bbbf2c5d290d6
0xa87b96b30ef1bc6a46468f9364dcadceab89a4fe,0x000000f20032b9e171844b00ea507e11960bd94a,1,0xe5c6661d7927c0258e345427f0bbb32e8d685459
0x4cdd8e59443524baa1fb1de68ce048f452f627a7,0x28f38bb1fb7ae70c51c1faf9a51952655f4e63ac,0,0x28f38bb1fb7ae70c51c1faf9a51952655f4e63ac
0x1f3e5cd881a8b707108e7a1b6e4183341b52b189,0x000000f20032b9e171844b00ea507e11960bd94a,1,0x5a4a683745298f381ac452fd12d4bc1c3f8f9d8c
0x6ec12182e36e1c6d340755dd8da8fe2f105aa875,0x8d1fa935e5e8a5440c9efc96c0d9ff387ebb179b,1,0xfd9174897026ffe282a526fd364a139e750b4f19
0x18dadff7672702a8c059988a2544541916668e03,0x000000f20032b9e171844b00ea507e11960bd94a,1,0x1d411f0c73a6da05ae789a90ee2a210b8bef7ff6
0x156d97c90242dd2e6f0a7842088552fd535c1530,0x000000f20032b9e171844b00ea507e11960bd94a,1,0x6f7179179a73921d53cf64971cd272fa108d295f
0x02f0f2eaae134a0ad012b87e65c401caa779430f,0xe41bc38d8c0bbc12db2da91582b038d0a94c51a7,0,0xe41bc38d8c0bbc12db2da91582b038d0a94c51a7
0xd2b127f0b73628df9f93162802eba2949378b48f,0xbfc6c215e0ce09b78ebe0920128f799d8e377c87,0,0xbfc6c215e0ce09b78ebe0920128f799d8e377c87
0x5f7b049269bf660b422c9a29e0a8542b86c543df,0x000000f20032b9e171844b00ea507e11960bd94a,1,0xc870fb651a7e18d0bd2223b6ac6afe0529172ef5
0xdc3906c6ba362dc230f8885368e3d695d6c90cb5,0x000000f20032b9e171844b00ea507e11960bd94a,1,0x68c9678f1158070094b7421358680e5b4de83e52
0x023a1bfe5344f7f11a397e88ade6c0925fc10987,0x000000f20032b9e171844b00ea507e11960bd94a,1,0xb6f18f42ceda7cfaa6994a158a6c7df8d3343c2c
0x0d0713f4626028aef9b02558c414a5f4d225e1ae,0x612e2daddc89d91409e40f946f9f7cfe422e777e,1,0x67981ea0e1841000e75206fd807adec5295b5046
0xf4ecc1c74d120649f6598c7a217abaffdf76cd4f,0x13c18669179ded9abdc0e3ec90349af52589dded,0,0x13c18669179ded9abdc0e3ec90349af52589dded
0xea2bf43a6cee90db3208271fcd214c72e81360a1,0x000000f20032b9e171844b00ea507e11960bd94a,1,0x1cf79f927a3a9e2b76f8bbce5063e0c7eb290532
0xbfbfb97e517b87f735385f77878a51aebdcd1684,0x3739b6050cc2b2b9ed7bb86d39e09b98d0853f5c,0,0x3739b6050cc2b2b9ed7bb86d39e09b98d0853f5c
0x41940717ee6fabfbd3f0c76e473dd28964d176f9,0x000000f20032b9e171844b00ea507e11960bd94a,1,0xab39f7246bc65613f70257f69e47891d9a14c962
0x8884ca035155bf31f7c5b8f4de49bac9576134be,0x000000f20032b9e171844b00ea507e11960bd94a,1,0x5ad29d5f54ca593f28ef95bf2a6315205151b9b5
0x1c205127de986ab2fdd16910a3e11abf8e8dbdb5,0x000000f20032b9e171844b00ea507e11960bd94a,1,0x4d464aa15b75df0db0123c2f3d4d397eede2c7a1
0xcb608013702a63c5a99e90a810cb1029a5ebc877,0x000000f20032b9e171844b00ea507e11960bd94a,1,0xc773fd1ef5317641d80bcc230ef994387547b50f
0xd695459d6899d934ec51237ea908828c3e7f68b0,0x000000f20032b9e171844b00ea507e11960bd94a,1,0x432f4193ae49215d4e5914180e1c6dc932395570
0xf69fb894c4ae27ead248a75bb9dd14a4761d2ed8,0xef07262ccc19e4321166c3df0ccd5999537e9ec5,0,0xef07262ccc19e4321166c3df0ccd5999537e9ec5
0x6f3b37b335ba662ef18865abffb02f93bc308f79,0x000000f20032b9e171844b00ea507e11960bd94a,1,0xfb9ad9bf04f93b52101090cc97edcc376e5cd52b
0x8dc68dd33c1d959ef2402f7e2f13a7b19fadff59,0x6ffd7ede62328b3af38fcd61461bbfc52f5651fe,1,0x1c60e0ce49823428c942f55258a948dd5f405799
0x28ab2928b7eb16b8e71077669b858a3644ab6784,0xbe65e4e1f6ad721aa1397532dfdc38704afcb2e9,0,0xbe65e4e1f6ad721aa1397532dfdc38704afcb2e9
0x24f3f1c460bccd341a19164e4c87c5c112a434d5,0xb1a081d2bd130a97e75202d2eeefca713b4cd3ce,0,0xb1a081d2bd130a97e75202d2eeefca713b4cd3ce
0x7fade7f94e92b632e775215fbabccef9cde94b2a,0x000000f20032b9e171844b00ea507e11960bd94a,1,0x95ce06d722b9a3588bc78925cf7c14bbdf08085c
0x16378d8a8f467ab9a3d0f837f3373a55a64cc55a,0x612e2daddc89d91409e40f946f9f7cfe422e777e,1,0x2fc0af3139066f3b38752a4592b90586c6ef94d1
0x4589b3358ec2866e29dc2982bd574b2de06b5d88,0x4e58101511abcecb8b10c75fb94871f0d2e0e9fc,0,0x4e58101511abcecb8b10c75fb94871f0d2e0e9fc
0x3dfb08286c28464d555364fbe69373fd55be79cc,0x547322faf3b4d0e16c8dda880da2bbd40ebd6109,0,0x547322faf3b4d0e16c8dda880da2bbd40ebd6109
0x659eebe31db8d85fa9c567f2a64a7a5d108e6987,0x000000f20032b9e171844b00ea507e11960bd94a,1,0xfaabb182824f38875be4d7b91326ad8737a1a8fe
0x597779b8059b60e513fd47857f2cee6084bf1da0,0x612e2daddc89d91409e40f946f9f7cfe422e777e,1,0xfa219339fddae9fd723723a898b6f8be7e2f9309
0x9aaf50f35cb31a1c3e6fe8df21c25e7eabd3ab15,0x7354936bc7a72c8baf5a2f9262e70a52c427be4a,1,0x8979cd27afba57d61c54a2109a97c0f1e984543f
0x648f5dc92000f4cf02b94b354360c067e4af7093,0x76f948e5f13b9a84a81e5681df8682bbf524805e,1,0x26520d3030c2cc561358e432b1d6e2fb94e097ee
0x94e49118df2d5678ca0517f24248240a4f730676,0x000000f20032b9e171844b00ea507e11960bd94a,1,0x19ecb92a13b267c6b79d005218284740e2932bb1
0x8fcdbdc603d1dbbd0fe72bbe195710760f8a451d,0x000000f20032b9e171844b00ea507e11960bd94a,1,0x5b6e54fc8f5fb72dd41e899ae705155f912d7171
0xa6c94c44b6ad3e423c574672c754ca552930593f,0x612e2daddc89d91409e40f946f9f7cfe422e777e,1,0xe78760c5bb310c46e2ccb1e57f4d1f846e6322f5
0xbc0e9e395734ccc393e24c732c7e795639a5e418,0x000000f20032b9e171844b00ea507e11960bd94a,1,0xdd57c48fbb1b9b410004b57cf537dac6b2eab39a
0xacc7e530102abdbe9bdbffd72cf35b1fbf72f441,0x76f948e5f13b9a84a81e5681df8682bbf524805e,1,0xff1896cfc912ceda37319eba452906dea8cb343c
0xbc43f0730f83cd59aa81d14888dd4fc594bb7b02,0x76f948e5f13b9a84a81e5681df8682bbf524805e,1,0xff1896cfc912ceda37319eba452906dea8cb343c
0x504997bacc880c15e0174b68a1d9d8b66894620f,0x000000f20032b9e171844b00ea507e11960bd94a,1,0xc6de4984abc79fb510378519e61b5520852c23ec
0x82fa10ff44e48d32d6a3cbc8edff6c0c1d2761a9,0x612e2daddc89d91409e40f946f9f7cfe422e777e,1,0x4b3c60c1a3ad129985c327cd0d3346a1d613ad9b
0x3db811ecd1f41b0eef5916341f97759c6567469a,0xed4220885a43fe9bd5ecb4fa09c6d71b18de9f61,0,0xed4220885a43fe9bd5ecb4fa09c6d71b18de9f61
0x5a35fd1d9d1d5f2e596272e20d69546050338c80,0x000000f20032b9e171844b00ea507e11960bd94a,1,0x46c8950c7c73167020e6d826e0d99b7e22490da7
0x47822fee3a9c036a4ed2ee12fd8b08d518d0a5fc,0x000000f20032b9e171844b00ea507e11960bd94a,1,0x2343aebf20165f12fedc89455df7a62a1da5c054
0x81a7cf3e0068fe0d75ea5ccd65470d393624e9df,0x000000f20032b9e171844b00ea507e11960bd94a,1,0x1349ccc1ada5f820ea1c1c39d083c0aba21b85c5
0xd993fd2855d947d93c56c8230ec8f6b441ad8c38,0x000000f20032b9e171844b00ea507e11960bd94a,1,0x2156342f5755d9ea2308147adc54f24c6caf34ff
0x9c01d4ccb7c930cfa4b925196c55c1d4eb89fb41,0x612e2daddc89d91409e40f946f9f7cfe422e777e,1,0x5360c7dc8059af1d3dcba46b7b4776bfd9df0017
0x1316e939a6cf39ae08aeda5f85131dc623836f84,0x630f461cf7aab18c5b7a7e16083b49a1ea93a10b,0,0x630f461cf7aab18c5b7a7e16083b49a1ea93a10b
0xca5ba186382c36c96d813760601f2304909141cf,0x5cedb5cf8567eb4657ee1851b1378b4862c7e780,0,0x5cedb5cf8567eb4657ee1851b1378b4862c7e780
0x25557fe45fc17a31a2997a9008dbd6db77d3be0d,0x000000f20032b9e171844b00ea507e11960bd94a,1,0x9427db8a229f673a026c10f3d7a50e91bd289e53
0x589f12983db33d69d40bdb3e1a5533d23278b72f,0xbb7a17b6ccfb6dcd152e098d7c8519f0b334cd13,1,0xbed5008f138fed0471ba23304736c83b6b6dcb7b
0x0312b945399fd48a5f488ee3a24c892af28013cc,0x000000f20032b9e171844b00ea507e11960bd94a,1,0x1a083628b6acfec6f80d623cc71f48e7045c2a2d
0xac61bd459e4ee3045cb3e2761ac9d98fb0b3b3d6,0x612e2daddc89d91409e40f946f9f7cfe422e777e,1,0xba3fd2cbdbf15afa98f9c42562e953f5f5cd60b8
0xbea764289957ce6960e8e276534640fd7b1f9693,0x612e2daddc89d91409e40f946f9f7cfe422e777e,1,0xc65b183173ab52dd05f367498a026e59d94d3337
0xf921d0f44a4d014de8e630370bc7cbf300879f0a,0x000000f20032b9e171844b00ea507e11960bd94a,1,0x15dbbe865979c99797a39b1fdeca2a2134a1d8ba
0x13fefc263da74758446d6472ffac3581f8024a6a,0xcefed2678a2a8aba743216910069b534f374be7e,0,0xcefed2678a2a8aba743216910069b534f374be7e
0x3f17a4051318152bccc6872060cd7db750fec72d,0x612e2daddc89d91409e40f946f9f7cfe422e777e,1,0xb6804b567ea83d506ef1914a757d642adf65a103
0x7f0201b44f82635e223c872429cab957fc082c9f,0x612e2daddc89d91409e40f946f9f7cfe422e777e,1,0xfe1de65235e182c66d944aa253ce5df87f2425d4
0xdecb83868c53ffec018193ff5844fd3abcb7a7ed,0x000000f20032b9e171844b00ea507e11960bd94a,1,0xb47e031db983cd1c37b8916e7a064cd5787ab92d
0x3701b40533f78ee05f3a51b32fa1789ca6de8955,0x4877b754595d7aeef9e9970750cdb2e99e12533e,0,0x4877b754595d7aeef9e9970750cdb2e99e12533e
0x8d06eb063b00cfb2f96171af184c73f76fe1d41f,0x9855d793b675bdc589d8eeff7078f6a0d5d2d537,0,0x9855d793b675bdc589d8eeff7078f6a0d5d2d537
0xc60f3804fff8ec2aa653ea5aef12e18230ce1814,0x000000f20032b9e171844b00ea507e11960bd94a,1,0xe0c562c0a4e900f4dfd8a33d8a5baa223917ce16
0x3fdee4321fabadd90defd954f885f8329c07b2f8,0x000000f20032b9e171844b00ea507e11960bd94a,1,0x76b411f4deeab80f5e0341f2314477a8448aa546
0xddbce5155b955fc879046625fe58de1f239ff270,0x612e2daddc89d91409e40f946f9f7cfe422e777e,1,0x8c42313ff71b7c816365ea1b546e450838000578
0x14b60a38a1bda9202f38dc205077d53f72ac1b96,0x3f96d57b23f19ea43128b48e57ddfc4d961cf22e,0,0x3f96d57b23f19ea43128b48e57ddfc4d961cf22e
0xef1162e3f2dfaf932099a798b3cf6202e8bfd9e2,0x000000f20032b9e171844b00ea507e11960bd94a,1,0x17eea4724737c121b8d582cceb96fc8228667d06
0x1c0d7ac2981ac13e5c116855c9573235ad24c6a7,0x000000f20032b9e171844b00ea507e11960bd94a,1,0xed5b09987945e192cc532bbb1d87b17f44d52124
0x5ae28d3f96ccdb7f7ccdc96b5352a436426feddc,0x000000f20032b9e171844b00ea507e11960bd94a,1,0x587bf81806d0055fc0b9ceccee35ce6c995d587c
0x83cf22451e3bbb1c526de037f60f3b4a300320cb,0xdbe212919dfeb1e43915136dfa61c81caa4665dc,0,0xdbe212919dfeb1e43915136dfa61c81caa4665dc
0xda34f6bc2354dfc44584b8d321c79e187519c6f4,0x0eddbe13c343a993f59f22a9f77b225bb7308060,0,0x0eddbe13c343a993f59f22a9f77b225bb7308060
0x33327707feb6135ba7a2ddddf8775daf6249b130,0x000000f20032b9e171844b00ea507e11960bd94a,1,0xef6d5c03ee702453b42d3e6362ada18616b89528
0xa10aa3d98ca7ec809bea20c9fa9cfc7d960baaa8,0x000000f20032b9e171844b00ea507e11960bd94a,1,0xdc924a4d7d0c985a9274a64ae88ec248b962a27d
0x9136ca5b89ddf52c0ad49b7d7ba992ecc3c94107,0x78936e482423fd4699ef32ecbb44cf73441d0b25,0,0x78936e482423fd4699ef32ecbb44cf73441d0b25
0xa41a3e16a59de254299b12df0f8a2771fe7fef26,0x000000008924d42d98026c656545c3c1fb3ad31c,1,0x236fb6f83499ee7d1346b993070786dde9b34541
0x8031bf0da72be8e999c55cd006e1cee306d9833f,0x000000f20032b9e171844b00ea507e11960bd94a,1,0xd86907021f8eebd0b2dcbf7237dcf2f044610da9
0xfd4407254ace62398a06c8514a31fc5f02d62e70,0xcf6c149a359b2545e1c27a147ab5615effb8367d,0,0xcf6c149a359b2545e1c27a147ab5615effb8367d
0xc14372689b2218a836cdbeee2f3cfec36c415f95,0x000000f20032b9e171844b00ea507e11960bd94a,1,0xc8160e81ff8b5f116b410f273b0129efb2dec1ca
0x7933a2e1837b9868235524fab2760c5046290ed7,0x000000f20032b9e171844b00ea507e11960bd94a,1,0x440629fdc2f82f3c40a0c91a114a11b3877ed6d5
0x48f6deda04bea880e5f934a2f862f2808a9c2bf3,0x76f948e5f13b9a84a81e5681df8682bbf524805e,1,0x454ece0c797a01e95e66a8cb85534e6dfbad7873
0x5235acc535b463d105968e589264e79173a6ccb5,0x612e2daddc89d91409e40f946f9f7cfe422e777e,1,0x0e934c0e7eb93880820534fd60683188e963b973
0xbb4409ef5c984a6bb9ebf55d599bb2ffdeb2978f,0x612e2daddc89d91409e40f946f9f7cfe422e777e,1,0xecba79f7ca668e2631919809041f7f8fd87ae786
0xf5eed7eac33af1c782afe2d09a7042347a64ed4f,0x000000f20032b9e171844b00ea507e11960bd94a,1,0x2e7073ee9f0e19fedbfc4bc43c2ca8c457b73bf7
0x0cae9ae156de9b769125151c5a24c3ac794a5465,0x000000f20032b9e171844b00ea507e11960bd94a,1,0x91d168512936594ca4b89fd9403b2565138a6daf
0x2b3c8ef85e3a61cc55188d183160cba63ddbc985,0x2dfa21a5ebf5ccbe62566458a1baec6b1f33f292,1,0x94fee95dc8a95648275b727dace8441dab2927a4
0x0f59c74a9e0820348a9cd73ece7fe3d077f82220,0x2dfa21a5ebf5ccbe62566458a1baec6b1f33f292,1,0xd74bb0ab4040b9cbc41b76dba1abe56e9f43d632
0x7c0070059c4a2c69e226ef35da803b5d0a8cbd9b,0x612e2daddc89d91409e40f946f9f7cfe422e777e,1,0xcca58efdb748e0a0eabf2359b000e72ecd683a44
0x90181dd2c18f4dbeeca0c52b87b2808168d3dfb1,0xd6061529471b7c39e71e94834fff7bd541374529,0,0xd6061529471b7c39e71e94834fff7bd541374529
0x44bfaf71f2288ef475951206c2308fdcf966bd52,0x442295de8a31d65026dbc09c29d469f6854f188a,1,0x8538d02c391347891bbce495858cfb095fc1478f
0x8c47f1659d74c8def02df1938be8102b9c3551e0,0xab40682e6c499ecc12223749f150540489e9f781,0,0xab40682e6c499ecc12223749f150540489e9f781
0x8cc86f982fafa29706c94895d57bf1656ba9acc8,0x06f4db783097c632b888669032b2905f70e08105,0,0x06f4db783097c632b888669032b2905f70e08105
0xbb7163d844c499cb082a1e58f071bfb85ecf49f5,0x000000008924d42d98026c656545c3c1fb3ad31c,1,0x6d01f7d4b8ce350f4101f4f48cd841fc01910fb1
0x1ad99c3373f0461838c0a82eb58a1ebdffb2fbb1,0xa71d88015626900e56afeb507dca7b489d50ad45,0,0xa71d88015626900e56afeb507dca7b489d50ad45
0x79735f140fc555c605e74f95c94ae484c61f8968,0x71042c2a74bbc93ce9b8d4eb6b42fc6f07ef31d5,0,0x71042c2a74bbc93ce9b8d4eb6b42fc6f07ef31d5
0x09453bf68791e2c43ab6fd7d8decb148dec6a307,0x5d75fd351e7b29a4ecad708d1e19d137c71c5404,1,0x60fbb352de07c208279a171fd31676b7e27c5f1c
0x61b2e07051d2476520bd384d34849bf78f6dc35f,0x2fc0af3139066f3b38752a4592b90586c6ef94d1,0,0x2fc0af3139066f3b38752a4592b90586c6ef94d1
0xfdc8ccf7c7fc07d4104e617d7e1e2c28340f619e,0x070f40fa31e7458cabaaf9732a547cd7cb8ae51a,0,0x070f40fa31e7458cabaaf9732a547cd7cb8ae51a
0x6b4a7dcefeb3c1591a305d74fb180070ffe80d65,0x000000f20032b9e171844b00ea507e11960bd94a,1,0x1baf8b54e2dd907136e7b2e475de975aee1599c7
0x416110c1bcafb697ab14f45b0c75e409bbfb5398,0x000000008924d42d98026c656545c3c1fb3ad31c,1,0x6e50a79aef9f1d0591223f98e2b3427fc4682378
0x59996d9c4693751853bafd20acce62398fc68fc1,0x0f94325dcc0e118fb3454bceff6bcd814ad2b58f,0,0x0f94325dcc0e118fb3454bceff6bcd814ad2b58f
0x6d20d4d071265d317ab36028819d55beb4edda88,0xaa1f57b42ef82bb324f38881ca6a031e8bd2224b,0,0xaa1f57b42ef82bb324f38881ca6a031e8bd2224b
0xb02251c75827ece2bf8e2a6f20cbd402e6764251,0x612e2daddc89d91409e40f946f9f7cfe422e777e,1,0x882fe0295efec4af6b021404852bac58e3a4f4c4
0xb4f083fa3de95652dc0654e37e625cb71f2177a3,0xfcdc98c745a885e21aa20b91f4b2b17ef80cef71,0,0xfcdc98c745a885e21aa20b91f4b2b17ef80cef71
0xf7ed2e18795d095d458fdfc22e092e5732d7dbd5,0x000000f20032b9e171844b00ea507e11960bd94a,1,0x7c64da686d6a2f12897b0664bc270df6f3b7ac66
0x14a838ba4d18621dd18762ffa372001f88d839b9,0x612e2daddc89d91409e40f946f9f7cfe422e777e,1,0xb112fc61612e9b676ad20d8ad828e38889d91b0c
0x7ac663203500fee831a5ee414b68276e62be1c4e,0x000000f20032b9e171844b00ea507e11960bd94a,1,0x6ed7770ec90f22cb3791ae7ea340eaf021a646d1
0x10b170c32ef1b4d0b856c9b7aec010cf5eeb58b2,0x000000008924d42d98026c656545c3c1fb3ad31c,1,0x51edef251e84efa6ecd99ce301bebfc386a3bff0
0xffe7303571daa623f4e387036e561fedea50e36a,0x612e2daddc89d91409e40f946f9f7cfe422e777e,1,0x30959097823e37e5aa5aa9839506edd57c45cfa3
0x604e7ea679d325a63ec8d4ed104bba67083f0bec,0x000000f20032b9e171844b00ea507e11960bd94a,1,0x8c7cb42dbb6ec4bb1c0b1b65ffbb1b908b3f3688
0xfc1c6400f1d9f696c5e4968cb521aca7ac2de239,0x000000f20032b9e171844b00ea507e11960bd94a,1,0x69dc6d841c67671877ef093c6e2a3fb3ac321559
0x359656cc8966e06566e0b1293930d1bc928daff3,0x897307ef471a49509336c3c7160c1af8a7784499,0,0x897307ef471a49509336c3c7160c1af8a7784499
0xb9af69912bf22b89dad613a5c399331f8dfbc669,0x442295de8a31d65026dbc09c29d469f6854f188a,1,0x4c6ecfbb84f3a235f4e65d86379d7a79758f1ea7
0xa499ac6a14d73a51c98245b85bab24017edf6200,0x46a2f47b16e3e2324ce88f47ef9bb5929eb801f0,0,0x46a2f47b16e3e2324ce88f47ef9bb5929eb801f0
0x719ef1d3d92d6d79f08c42240ca281eb4d2ae017,0x000000f20032b9e171844b00ea507e11960bd94a,1,0x45023f23a23a0f08c509e8c2856f9c95b605e74f
0x682a8a1ee3e096d5cfb4ed3a8b0d14f4765cc2c1,0x000000f20032b9e171844b00ea507e11960bd94a,1,0xafef17c9f7a7d411269aa099db00347407eced6f
0x68243eacb422d43628c805794248523555794c83,0x612e2daddc89d91409e40f946f9f7cfe422e777e,1,0xa9406cbe066fe76eb18f3787878fc39d7fb524d1
0x19b231ac87785b53bdc4211be9e4d01a26ff4499,0xc13d8cb831ab2b3912c2f4d7f0e365b9499abadd,0,0xc13d8cb831ab2b3912c2f4d7f0e365b9499abadd
0x801fbda5ebf6afc0cb6d221f78cd387efe0169c5,0x000000f20032b9e171844b00ea507e11960bd94a,1,0xd0b99c777929628c8443a86f73d27ce61bd0f347
0xcb0c6653a684111c60c94a0f73d67f9868bda030,0xf9a6e6662fa3fe77ab39ff6489ee7a65773bfc98,0,0xf9a6e6662fa3fe77ab39ff6489ee7a65773bfc98
0x2c83944d5e815d824349c17f50370716c82042b9,0x19478179ef8bb7c4792a4041903080e097d137dd,1,0xc9fac24a346f6bc3a240641d8921a4b91f760bf4
0x87787553c1958b9b369738a1b47f308d871d883b,0x000000f20032b9e171844b00ea507e11960bd94a,1,0x4d7106dd265c3af305889e524b9754a54164379a
0x5b710a34e69787a79b32b87e9ec9e6917e8214c7,0x000000f20032b9e171844b00ea507e11960bd94a,1,0x65dcc93b3db19a8879235998966417cc46776bd2
0x12b0e9ba5558587f0d931fa3b32b745427d00944,0x612e2daddc89d91409e40f946f9f7cfe422e777e,1,0x16c26ab086cdae32b4d5624950fc73829ecf4d98
0x8ac1bbd4b0f00d4a55a63978bae0f377bfcb28ea,0x000000f20032b9e171844b00ea507e11960bd94a,1,0x19eb98540e24088f8b92775d3a1833967261dd5c
0x6c96b511a5a354b04198b1de5ffb28c1a0187510,0x612e2daddc89d91409e40f946f9f7cfe422e777e,1,0x123c6d03cc6810e35b9e396402c55bc501602b8e
0x092ac4c20b0e379136f7a75ebf132b7f7b156020,0x000000f20032b9e171844b00ea507e11960bd94a,1,0x11acfa5ed8153c2b6a94485ed6e02ec2fc3679cd
0x8e9877d35fb405c18f0519d3f63a517b966555b3,0x612e2daddc89d91409e40f946f9f7cfe422e777e,1,0x63dbe451b558ba5b9b1120c13305186393dd7dfb
0x5742402fee90fcc2453cb9065523c9fef7e0142b,0x000000f20032b9e171844b00ea507e11960bd94a,1,0x6f7179179a73921d53cf64971cd272fa108d295f
0x1aca308e8fbf36a22cb533ae9d691ad61d3fb51d,0x612e2daddc89d91409e40f946f9f7cfe422e777e,1,0x20e2b546b8c25f94b4182b468e636828da1848a0
0x4cc5b8b99efc0804802ac35520a96b581e488b3d,0x0ada953eb6fd75d56550ea4a838fb9a5613ce505,0,0x0ada953eb6fd75d56550ea4a838fb9a5613ce505
0x289304de432155702c4b70a316adb8288c5adb87,0x000000f20032b9e171844b00ea507e11960bd94a,1,0x0d4703a1b0efd2c47c55a21677ca40a7177beb06
0xa6a38df71d76ccd6e93f333662068f5fc6934c37,0x612e2daddc89d91409e40f946f9f7cfe422e777e,1,0xaafeeaa7ea1cacf476d5fafa447bfa294b400b68
0x97c1bbba5e5aaf3f94493a6aaa0a8301c3bd8ab4,0x000000f20032b9e171844b00ea507e11960bd94a,1,0xcd241563f7288b5eb2b9b715f736232889b62d8b
0x0f689c9a84b9541ceed15693bdfd1419c2e9dc72,0x6942013379d195323e17cd2616435dce819c1fa9,0,0x6942013379d195323e17cd2616435dce819c1fa9
0x5acf80588547250e72d8a2c77df019f2943568e8,0x000000f20032b9e171844b00ea507e11960bd94a,1,0xa291da6d51ee4631a6872e96e2b89231b54fcf3c
0xca9d756a10f5f808ad33266b4190632068985bee,0x452a9b6432cd228410f01a1da754449c8bafc85a,0,0x452a9b6432cd228410f01a1da754449c8bafc85a
0x26f6d758a1106fe24c3838533fd100ea51b81a8a,0x000000f20032b9e171844b00ea507e11960bd94a,1,0x069caac9c0c7fa2eea3800279e69650dbc91a48c
0xb2e80072612644faf5c814c51a17facb9119ab62,0x612e2daddc89d91409e40f946f9f7cfe422e777e,1,0x64299bc987b6498b22bd542b34ece27c598d9e95
0xdede37f3107987b6581950be6aa628fd746ac76b,0x000000f20032b9e171844b00ea507e11960bd94a,1,0x4ad3024c628da7df977cc4a68b8ef6b3d2b31973
0xa832647fb83799156928601aadcab25b37e276bb,0x000000f20032b9e171844b00ea507e11960bd94a,1,0xdf69349d060f72ed08ca769525fc771d68247a77
0xdc7b8cf85308548c21583abb6446e112e2e6c00d,0x612e2daddc89d91409e40f946f9f7cfe422e777e,1,0xed96ed4523404642325dccf84b583c2ddea26a0e
0xc70f82b74df3d23055f3a95343a2541dbda21d06,0xb13e242e56293ffe6ade751b28c2db95c7413907,0,0xb13e242e56293ffe6ade751b28c2db95c7413907
0x8738ec23884c04b921b45fa004cdd1feadb39120,0x7091d6cb3e3497664e29b0022d516eaeb6d9ffe6,0,0x7091d6cb3e3497664e29b0022d516eaeb6d9ffe6
0xe6d0ed443e43f1b6df1cc69c2ca8752ac1936027,0x000000f20032b9e171844b00ea507e11960bd94a,1,0xb77819b670b69c2ac8e0549bf608d62fd01a97a8
0xf8099eaa976b9979b9cd76bc8be066c40025f7f2,0x000000f20032b9e171844b00ea507e11960bd94a,1,0x40047a5415fd5ec1c8d06781c6162f6407b0d8bc
0x90476f3343548e616c4e5d0194851eb8ea48903f,0x000000f20032b9e171844b00ea507e11960bd94a,1,0xa1171eb1e94acfa64b1816f819c44d200696bf4c
0xa2471d2abbb59111c9de49d7ce1617558aec3e2e,0x000000002c93cad6f9cfd00c603aef62458d8a48,1,0x679529eef3031408d418536555e136fd1d5b10d7
0x3835a28fc216b034fb1de65abd947da2c9cd1046,0x270e8014a75dfc51c54349e7ebed8363a5898425,0,0x270e8014a75dfc51c54349e7ebed8363a5898425
0x178227d646827a795c3597cf6bbba8fc653a63b9,0x2923e48d08fbaa6de0408380f794fe8113f0a0eb,0,0x2923e48d08fbaa6de0408380f794fe8113f0a0eb
0x46c3f03b3d1364bf43792a269d374dddd3c2cec0,0x000000f20032b9e171844b00ea507e11960bd94a,1,0xfb6b5f5a0a38915e8e127f182aedb1b962d9f578
0x6d650978b2dbb399f3410ed23be0342f9a273132,0x37b16987f825c7e957f9938f7e35294629eb13c5,0,0x37b16987f825c7e957f9938f7e35294629eb13c5
0xbe6cb2ea1c78848e6fbe06a152adf906d5c4706e,0x774aae7fd76c6b458f7dcc55c815d9cd2461208f,0,0x774aae7fd76c6b458f7dcc55c815d9cd2461208f
0x398cd8277cd81117bf48d0e7d3303b8574c3e14e,0x000000f20032b9e171844b00ea507e11960bd94a,1,0xc94e0ad17b39118865bf2a32dab31b85eb0a7f29
0x8518c0b62032d2b23850c5fd6536dc89557ddce8,0x612e2daddc89d91409e40f946f9f7cfe422e777e,1,0xdf881471d8bd3be7ce44a6af8cb9f43c2d631e86
0xbd9a0fd47649c6dfb072e6a199048c60b210b5d8,0x2dfa21a5ebf5ccbe62566458a1baec6b1f33f292,1,0x2481fef92f6358a410f4b42a7672f23cac514c2a
0x23ebeb9538df8f844f774a102de27579fab980c7,0x4e59b44847b379578588920ca78fbf26c0b4956c,1,0x8ac4412a766ffd6a8b4178cc9341ffe5473d1a10
0x5aee21ccbd95004ce5c3dda3e8a0622a872ca3f2,0x000000f20032b9e171844b00ea507e11960bd94a,1,0x7d5bf4e389566d831a07de01dc5be8c70edc1a78
0xc227d4f0389a1c58a3b1488040df624e0da7037f,0x000000f20032b9e171844b00ea507e11960bd94a,1,0xfc34d2e6b18656e11f1e7235e158226d1fadf7e7
0x68d5ff1467730298aa8f96f5978fad65409dcea3,0x000000f20032b9e171844b00ea507e11960bd94a,1,0xf4f3b7d07f6643991381001c5f8f64e309e6c68e
0x19d03084875643f9b1c24d0a45f5d8e3246fb14c,0xce0e4e4d2dc0033ce2dbc35855251f4f3d086d0a,1,0x1d0ad4b655d8b49ceba4342765245b90bc4bd7e7
0xbee210fb701e40bfd882e7fb51bbc1236cbdcd58,0x612e2daddc89d91409e40f946f9f7cfe422e777e,1,0x9d798c05e496c3c6aea4f0ce2b6edcc213d20d86
0x1284a8a14a702ca2bac5ff496b3e00ebff5e23ee,0x3e070155c3099e557847154c9637ade3510cbda0,0,0x3e070155c3099e557847154c9637ade3510cbda0
0xb6a3d9ed53b47424e0bd9978fc4a1ab7319f04db,0x8f4c38430ee7f1759e9ff4e8eda76356f0651ae5,0,0x8f4c38430ee7f1759e9ff4e8eda76356f0651ae5
0x7ead51c77a4e1e5a4874427761f46b67071c654b,0x000000f20032b9e171844b00ea507e11960bd94a,1,0x6d71bff5fa0aeefc0b32a917d14e442a015e67ae
0xc34577a9e44d1f238110691f34f2b927f309be8e,0x2c325156416cc7b701151dafb6d4c0bdf0d398f0,1,0xca052f79b7d946467ba366e727a3d0019d467fa8
0xf0376c8f3215ef2145ca4b66dd76c5b6836842c6,0x000000f20032b9e171844b00ea507e11960bd94a,1,0xd6579aaf80290c65160252bfeb16d2a63f423b08
0x02331342c37ae478b888c3fdbc0e469c24ad20c4,0x612e2daddc89d91409e40f946f9f7cfe422e777e,1,0x7cb8c06443aded7a0e51ff66efb2421d3b025465
0xee6b615d6d7f1b68cf79f7da6912d3cc32c42d2d,0x000000f20032b9e171844b00ea507e11960bd94a,1,0x28f870b664a4787fa146dc378dd8d1013e7ab5c5
0x42edd253d9c5a76b30b93c04dcc20538d710abc6,0x000000f20032b9e171844b00ea507e11960bd94a,1,0xd7b5f682d3941a7dcd68d2bdcc1a0c1552c688ba
0x4faf239748686beede146a29908974a7c57db409,0x000000f20032b9e171844b00ea507e11960bd94a,1,0xa95abb2f0b42e2fb422f9ecf97fc925b484d4c65
0xedf3d86aff8423758f84bf50cbb351143452de69,0x000000f20032b9e171844b00ea507e11960bd94a,1,0xce729a8a364da2e2bd9fd7aa47844f968e990b95
0x018f828a88151fb90a212a2fccf619f79cf73386,0x000000f20032b9e171844b00ea507e11960bd94a,1,0xe7ca0a74df93375c05f406f178fb4453611031bd
0x9ad8a7ca95b44916a775370397024c4aefa72f4b,0x000000f20032b9e171844b00ea507e11960bd94a,1,0x833e8dda7f264b1476802a685febaee7dce64af6
0xd8b2a0c43059bcef021736804187ffaee29c7895,0x555ac5f14826e9219e4d1bcb37ad56bcec97d3bd,0,0x555ac5f14826e9219e4d1bcb37ad56bcec97d3bd
0x6449681eb4f704b3c03d47edaf4b7dfad3620786,0xa6c5f2de915240270dac655152c3f6a91748cb85,1,0xc5ab6da44692f1bb7076be587d8cac44beb01818
0xc89f267b42511a0df6ae848128db38687993f614,0x000000f20032b9e171844b00ea507e11960bd94a,1,0x9f81c8edc82b466c4900be4e2cd4206bbea2baa3
0x0073ec8f373dc0c05b8d9769d182efcaa3141eed,0x000000f20032b9e171844b00ea507e11960bd94a,1,0x08cfe8023a949afb684acd0785c2889804fb927a
0x30c92bb283257926d1b00f7bfc3f77346eb01724,0x000000f20032b9e171844b00ea507e11960bd94a,1,0xfd6f85d36809d52d9d6072893c1519ae0c996ac3
0x611f0a5f51cd88532839399f86e0cb4a6ae140be,0xcd5f4da99d89a69e21e7f236235eb0ef27dca08d,0,0xcd5f4da99d89a69e21e7f236235eb0ef27dca08d
0xb9ed7bf5dc9f6d6d2ccd474c4a818e07b80fcd30,0x612e2daddc89d91409e40f946f9f7cfe422e777e,1,0x99fa48ccea8a38cde6b437450ff9bbddafaa4fc8
0x96bd035771cfb153ab840278313712d5f5613616,0x8d1fa935e5e8a5440c9efc96c0d9ff387ebb179b,1,0xe92d7814b9a0b63edad9d0bdefcd264f23209dcf
0xc34c38b52326977acf5c9c560ad71ec0be972d15,0x76f948e5f13b9a84a81e5681df8682bbf524805e,1,0xff1896cfc912ceda37319eba452906dea8cb343c
0x07488d97f241225e7b7eb948fe739091fde9fe7e,0x76f948e5f13b9a84a81e5681df8682bbf524805e,1,0xff1896cfc912ceda37319eba452906dea8cb343c
0x07a6e88f5585596f76f61e6af96c92fb3aac2b3a,0x612e2daddc89d91409e40f946f9f7cfe422e777e,1,0x22d3a31e505073a61e8e797cb7a8c23f612ff65b
0x14fd317e5b56a5c6435a3e563f236ed8b2ee9b8a,0x612e2daddc89d91409e40f946f9f7cfe422e777e,1,0x86a35e57968f0d6591b1886594c6b7721fc96943
0xf759c10499839367729d91abfe304f3080df0947,0x000000f20032b9e171844b00ea507e11960bd94a,1,0xa7186a9c488d1357b053909853b1782c12402f5d
0x3bd590ed75b50032d64b861a71b0d5d665485439,0x000000f20032b9e171844b00ea507e11960bd94a,1,0x56cd98e8d793cf9a6ae63cacadba12642ab73900
0x66f8d1a02ede5490cc9bf6539313bf9e1330fa75,0x000000f20032b9e171844b00ea507e11960bd94a,1,0x6b78d31ad7ed4ad1cc1171f51868fe53e6d06d5b
0x9c8cefe0d19aa97b4c5461ef0aee42d4e2239950,0x2269bceb3f4e0aa53d2fc43b1b7c5c5d13b119a5,1,0xab9461f04afceb9f7710b97da8c4654b772a5868
0x14da2b4931aa8c40ff614d4d0b40398b87636e0c,0x442295de8a31d65026dbc09c29d469f6854f188a,1,0x47faab0c57da93d8570b447e3bd9ee071e94b299
0x5c30e0aa01146a406806dd3069e933d1e3eea8b3,0x6ee2dd02fbfb71f518827042b6adca242f1ba0b2,1,0x946baf77de1efc3c0ebc17849ca34823565433c5
0x2b03fb76d393c0d8ef8b65d45ffb9d1cf7f5d7e1,0x612e2daddc89d91409e40f946f9f7cfe422e777e,1,0x5e4b41b770a8e2bec9d6dc294f09ce10c444a2b0
0x779e603c3454c46544d80ef67419503c4afb2920,0x000000f20032b9e171844b00ea507e11960bd94a,1,0x21259fb02162f3fdeaa6a9a3c0dd28b1bb4ea115
0xe8b07a3e099bf67b03835f47f28087512dff3ea3,0x612e2daddc89d91409e40f946f9f7cfe422e777e,1,0x028189013cfa0783225fc606a1268370af2838e3
0xb500dd591bb65afd7af059a7f21ba6f3068a87e8,0x000000008924d42d98026c656545c3c1fb3ad31c,1,0x92b93418b82e209ece463093cb284c80aab123b9
0x14b7ed3ec7baa5f9fb219373a264be1aadd6a58f,0x612e2daddc89d91409e40f946f9f7cfe422e777e,1,0xf703dfe714ce2f071f48b72a6fcf066a2b721a00
0x56b99553c5116992a36f174a1e93976764f08d9b,0xe30337c6c904cf7b44c7e374ec427873c7aec95e,0,0xe30337c6c904cf7b44c7e374ec427873c7aec95e
0xe2909fa60912bba021f4099be7f54ff0eb3e70a5,0x000000f20032b9e171844b00ea507e11960bd94a,1,0xf1634cfd8919af13f313c1d4c348792a02c31185
0xf2388490cb5d712d4de6e9f7595dcac247c3e9fc,0x000000f20032b9e171844b00ea507e11960bd94a,1,0x622eceb8cb8662c15d40e8805e371924347feab6
0x66c7503c8d1334f2573bae173a5fdd1793d66d4a,0x000000f20032b9e171844b00ea507e11960bd94a,1,0x7936c10aaf65241b884811db1ba32e2c07d91abd
0x1af90bec700039c157053ae8a95f9c3242b3e945,0x000000f20032b9e171844b00ea507e11960bd94a,1,0x9dd73834f97dc505a3eb8ed46c455da5f4b213e5
0x26a179e7731dbcab90cfd682d5ce94814f59eaca,0x612e2daddc89d91409e40f946f9f7cfe422e777e,1,0xb7e6fc3243350edbfb981fb6e4f034f7a6d9b8cf
0xca0d02574d746ce953144b84b4f2dbe9f94f2d7c,0x000000f20032b9e171844b00ea507e11960bd94a,1,0x782d3580f5f0aab1ec328609c15eceb192b2b378
0xc86a8a8fa2ce40b034dc09043ce4fa03e4460055,0x79a920f4f0d142264f147d5840248a8c0ca346d8,0,0x79a920f4f0d142264f147d5840248a8c0ca346d8
0x7da90990349d5d55e19eada1f8cf82381762bc83,0x000000f20032b9e171844b00ea507e11960bd94a,1,0x489241d896a7c244f8893fed394772b3a5f9e48d
0x3cb0eaebece031e2900ad7f6e9999d9d0dfa600f,0x000000008924d42d98026c656545c3c1fb3ad31c,1,0x76c39d8ef032db81b9cdc270f8c9bd39b2942056
0x70f26471132a83c201cbd1e8d0db3ce0e5dc8458,0x000000f20032b9e171844b00ea507e11960bd94a,1,0x9811e78ef9d566cd0f66bba627c3dbcd4388a74d
0xe73ba6523ecedc96b982c86657c6ee67142f0dc3,0x000000f20032b9e171844b00ea507e11960bd94a,1,0xac76bb1eac26a90d7f26606cfcaea2857e85b461
0x661ba06444258c61add78d1e9ec46483ab554704,0x612e2daddc89d91409e40f946f9f7cfe422e777e,1,0xd72166111abc841ca922755e730244ea8ade27a2
0x170a0a728481703760c18b45374c760cd6287115,0x00000000004688b867bb3d7d06bbc59319ad6e4b,1,0xb5589dd7f9fb0c3da5724221e39d651f0ce8203d
0xc419781a54031590ecbd195bdbf447c6c5830eb8,0x000000f20032b9e171844b00ea507e11960bd94a,1,0xd552e134d57885de772bc187f32831f8114218f5
0xa699624084ef8190be072c892ba15ca43b98cc98,0x6a3c6dbe96071f965a1a5d2caf6ab09d99030daf,0,0x6a3c6dbe96071f965a1a5d2caf6ab09d99030daf
0x9e5480bc32a5a32bb21e98f777aada614ca90173,0xecae2bf6c1197dd17fac8c84227be6bf39e5a356,0,0xecae2bf6c1197dd17fac8c84227be6bf39e5a356
0xda8acf0e54147e8f2bd516a009299dc5aec619ab,0x000000f20032b9e171844b00ea507e11960bd94a,1,0x5118c2b4e66eb91e83ccbedc021437a91e99f7c5
0x22d900ec42277215fb55a63540be09fb35f24f84,0x000000f20032b9e171844b00ea507e11960bd94a,1,0xedd18d66f5c36ff6f830d8e7800414c502ea9b64
0xe83112b636f2cfd6a83f03096d7c9b95ee8935d9,0x211b9f667ed28963fefe7b54d58bd806f1f17489,0,0x211b9f667ed28963fefe7b54d58bd806f1f17489
0x9dbc355ff005f67f33b48e5df16d81c0e1432f1e,0x612e2daddc89d91409e40f946f9f7cfe422e777e,1,0x58f62792c1bed9391286a30883749f2cf8fcb048
0x4140a7fa111ebe814e8790edac9325b9b4bddd70,0x000000f20032b9e171844b00ea507e11960bd94a,1,0xa76a6de77427a6aa5bb6e25b2a683bccfd299d91
0xca9d5dfa7f101033959828d595c3fa7cd5f6f3f2,0x0f94325dcc0e118fb3454bceff6bcd814ad2b58f,0,0x0f94325dcc0e118fb3454bceff6bcd814ad2b58f
0x93eb95b2e747a76b65565c6686d914958942b17e,0xf4d785122aa9de5fe2cc4a7d27a278cdac2decc5,0,0xf4d785122aa9de5fe2cc4a7d27a278cdac2decc5
0x3fbecba68c694eb496c8375b794424508782a180,0x000000f20032b9e171844b00ea507e11960bd94a,1,0xed4e2ec566ccbaa11470f3d42058be8748011c4d
0x8ebfd907a349642b41a9934892e7dc0449508dcd,0xe925aee9418df9716550e3dbb73b7217b283eb32,0,0xe925aee9418df9716550e3dbb73b7217b283eb32
0xd861e75b1b26c57b0915c59cc44c69df231bcc6e,0x389d43178ad6076521c7f2ca19beec806ef00d2a,0,0x389d43178ad6076521c7f2ca19beec806ef00d2a
0x1fdf0eea7759cc4ca7bd4ccc52ebede240601eaa,0x000000008924d42d98026c656545c3c1fb3ad31c,1,0xd97a28d187cd9ce6afbcfff3a991a46de0dee5d5
0x7a4dd71e36cab9b06abdcd3de77dd90a947925e7,0x000000f20032b9e171844b00ea507e11960bd94a,1,0x58cd7a7237d3c5542abe3a1759ba1b578c4b5b48
0x55216908f81421d6f686ab024505766c38cbe83a,0x000000f20032b9e171844b00ea507e11960bd94a,1,0x33639fa111e36d6205189e35fc4df98f72823fe5
0x7df8e2ed80a13ec5052b2e6d068650061faecb12,0x000000f20032b9e171844b00ea507e11960bd94a,1,0x8e0d0d2cb265e7be51b49b1117eeec18b4550aa7
0xa33178e91cd67f9e023dd7506cbb8b107ee37979,0x8406f8bbf1c44d0f5159af004877c42fadef73e4,1,0xb0dd496ffffa300df1eff42702066aca81834404
0x79445a1357f35a1ebada70dd20e46902998f8322,0x000000f20032b9e171844b00ea507e11960bd94a,1,0xbf3e45328002600a08f86b9a84f3bd80119979f7
0x7a6dcf1e915f9400467f50d650769031c7febb4a,0x612e2daddc89d91409e40f946f9f7cfe422e777e,1,0xed96ed4523404642325dccf84b583c2ddea26a0e
0xb1d78286e920fb2e82e22dfaa09636a79262989e,0x000000f20032b9e171844b00ea507e11960bd94a,1,0x8ef717bf0c0aef3c470a930e331c197bab8ee801
0xa895b72b42fc5a17be458307ad26a211f45be134,0x000000f20032b9e171844b00ea507e11960bd94a,1,0x5f00e8ea167c1e97eec92dafd093a2eca494cfa5
0xabe47a9b3fece51387ca12527114070228dc3bd9,0x000000f20032b9e171844b00ea507e11960bd94a,1,0x7bdc1ab756e4748cbee4877fb3c65d91e74184d7
0x2b3ab9ecd254ab7dd1093ccafeee188f299f7c37,0x000000f20032b9e171844b00ea507e11960bd94a,1,0x1e2e0279c4ae075cf754dcec544e0603c1c79dd2
0x422015d19503290ce605fcf55920521628dbcdcf,0x000000f20032b9e171844b00ea507e11960bd94a,1,0xe014b3bd89a0d91bfcb063824702520a9e4b6230
0xd9dad34506ea062edf30ab2612affbb38cca80c5,0x612e2daddc89d91409e40f946f9f7cfe422e777e,1,0x78ad5cb388c1b564cddf713a2891ab8559fa5c49
0x4e43bc06e0742e59ab54f2e6475ba21b15676181,0x000000f20032b9e171844b00ea507e11960bd94a,1,0x782925adbcb0dc83a3a089d70dec4ed44353ab7b
0xca4891bbc8bb00364353c4dbea57e3fc3cf190b5,0x612e2daddc89d91409e40f946f9f7cfe422e777e,1,0xb01bc8b7baada221bad56bb18bb3156ff0af4f82
0x6757fb615311cfa033d84e8bdffe9c898bd843c3,0x76f948e5f13b9a84a81e5681df8682bbf524805e,1,0x830391a1beda3d1e3f20d57ac312e446592ab0fc
0x7a58809b658d6420e53aa2cce06990dfbef617aa,0x000000f20032b9e171844b00ea507e11960bd94a,1,0xfb436a32614b8b9186f268508e27600e895f8054
0xb480ca9454035affc1e356d8ea63e09fa74e730b,0x000000f20032b9e171844b00ea507e11960bd94a,1,0xe9fde00016b40de98a8d3eef345a38e46dc4f6e6
0x80ff43c76402f350a269fd8eed59ecf467795df2,0x76f948e5f13b9a84a81e5681df8682bbf524805e,1,0x7a3a08f41fa1a97e23783c04ff1095598ce0132c
0x9fa26d53b63e9fa544675b790ae7d5c24b94bc6e,0xa7758394d8f7fd23b0d9f13e02427b514687394b,0,0xa7758394d8f7fd23b0d9f13e02427b514687394b
0xa44b922e5e80e2b62dfaca4ba203b6af1e83c36d,0x612e2daddc89d91409e40f946f9f7cfe422e777e,1,0x9c748a6b2fd26757f6d15b82f4bf7f7aef66f4bb
0x4f4c65e14ab481c23a6f72b42e175b202616d658,0xe0df49b36e44cda5679b3f65916467639c434d0d,0,0xe0df49b36e44cda5679b3f65916467639c434d0d
0x58ad346e609e1847136e82e39319ebe4c6629640,0x000000f20032b9e171844b00ea507e11960bd94a,1,0x7d1a27fdcf19cebf716d80f6f5cd9e5927991cfa
0x82928f16d2743ba2c59f733f5f13a847cc7fdf9e,0x2a6c89328ff4a26a466fcd6ed0329a9fa4eb8800,0,0x2a6c89328ff4a26a466fcd6ed0329a9fa4eb8800
0xc947801f533b26ee63fb6a68f8b00e9df654189c,0xa627aefab5e86dbf14859fb1bc172238dcd120e9,0,0xa627aefab5e86dbf14859fb1bc172238dcd120e9
0x212246b1199ceb16c518505e1bbc2a0113222e8a,0x76f948e5f13b9a84a81e5681df8682bbf524805e,1,0x1b66c6c91b7cf8015a354b01d6411a87161c1215
0x77b350dd21182cc02ee31bc02c246e0808c05b05,0x7e15e8501cfc93e0bbf639794582ae993a5453b9,0,0x7e15e8501cfc93e0bbf639794582ae993a5453b9
0xeb6f9f08169ecdc15851bd9dca5ff862e07edd18,0x2e4077f34f186f6959d9309e81fe4b0cfbfd1519,0,0x2e4077f34f186f6959d9309e81fe4b0cfbfd1519
0x1f5767efbd7dbeebef3471018c7a1f69d46c5392,0x36d312a77f2db341b6fd76eb3d0f1cfbc4215930,0,0x36d312a77f2db341b6fd76eb3d0f1cfbc4215930
0xe9d498e5398fe09f6536a23a84489691a007fb7f,0x000000f20032b9e171844b00ea507e11960bd94a,1,0x52e76dd128213751f76cc9e96b14397b86d29795
0x23c1ecb37fdf6aaa8f0470be1aed412b0f9fc0fe,0x36d312a77f2db341b6fd76eb3d0f1cfbc4215930,0,0x36d312a77f2db341b6fd76eb3d0f1cfbc4215930
0x06775e3bf4811e5375c7e97878f5b9c8b6a988e3,0xea968e6ac95a95c68bf66decc803a1b2848cdc4a,1,0x75108462de334e2f3344b20c434fa750de37f40b
0x00b357c7a8a0a12e9066514ddbee54e5d5e4a9ab,0x7eebac4298d5f1f30ceb9f0d0ab38b8d28fe74ed,0,0x7eebac4298d5f1f30ceb9f0d0ab38b8d28fe74ed
0x618f9eb583a9cf06038e29630f710e1451906ae3,0x36d312a77f2db341b6fd76eb3d0f1cfbc4215930,0,0x36d312a77f2db341b6fd76eb3d0f1cfbc4215930
0x97784fe5d7e44d4a6ddaa44e97799e4c499e0825,0x000000f20032b9e171844b00ea507e11960bd94a,1,0x5496fad9cfc6d7b4fc82862728cc46abd3a5b586
0x9361a18105cb2e67fabd26869d7d71dd5d645a3c,0xcbd5410e05efa5b12ebe61b4dd363776b5ceddc1,0,0xcbd5410e05efa5b12ebe61b4dd363776b5ceddc1
0x855e13ce0d16d38c78f466291e41b040519b4364,0x612e2daddc89d91409e40f946f9f7cfe422e777e,1,0x0cc987d6a99dc30338968eb5b91ca108734dc3d4
0x96916538fb5f95cbcefa262caf1bd71da39a946e,0x612e2daddc89d91409e40f946f9f7cfe422e777e,1,0x0d71ec30c323037bdac7bd174d4a95cec5a4ee0d
0xc7527476d7ff6295774b3ad3f5b13bddbcc5d9c6,0x3864a9047c3f81beccc1e5ddccbf6f5f200f0799,0,0x3864a9047c3f81beccc1e5ddccbf6f5f200f0799
0xc1ec90ba58119471291b0d65907a0146b98074ce,0x5516d8f2c1b8763db878474046f2add18980cc18,0,0x5516d8f2c1b8763db878474046f2add18980cc18
0x86ecdc01c4a06a35e69659488c70546a06713ae4,0x0000000000003d61b3d0a96b70b9c9006947759c,1,0xbef170084df197cc9ec8823ceed1ac8a12e9cf22
0xeedce5a64103c6ff99383fca4933b10306691c99,0x000000f20032b9e171844b00ea507e11960bd94a,1,0xad6593bc8fc38d114aeae012879965dae60ea83e
0x7b47c5b0e2dda2e83cbdfcd9380360720cf80365,0x000000f20032b9e171844b00ea507e11960bd94a,1,0x7eb92f629587c2d77267ea64717379d9e742b566
0x7f6239c89c1971ef63e994029d9648a2403c396a,0x76f948e5f13b9a84a81e5681df8682bbf524805e,1,0x3e7833c62601788cd714cf66ea29719b68a0b777
0xf7f47bf8a5231eb709f712f314af675d3f8f4086,0x577c58ebed517748b752252de2a7cbdb92c3a739,0,0x577c58ebed517748b752252de2a7cbdb92c3a739
0x7f17e0369b3ff8a7772bdf88369e6dd81c0eb1c7,0x8bc303246b92b797cbd83e8527677402db2b2609,0,0x8bc303246b92b797cbd83e8527677402db2b2609
0xd8522c6900174450964cb63aa52aec3b3c2b8ea2,0x612e2daddc89d91409e40f946f9f7cfe422e777e,1,0x5b535c3cdcaeeb1b63c54dcc3b6dd481838722bc
0x797e9b114efafea6e9949099542931f36ddcbcf8,0x612e2daddc89d91409e40f946f9f7cfe422e777e,1,0x941e61572633512468b5eb035556fcbbafd7b79a
0x15d060baf0f03c516215094cf157d18ebd1ac109,0x6e42262978de5233c8d5b05b128c121fba110da4,1,0x5dfa9878053b52e8f0dce17c6f25a8a053d6ef7d
0xf275e968455ae7109d8fcb0dceccba4f04d5ab91,0x000000f20032b9e171844b00ea507e11960bd94a,1,0x55dec85245dcb467a701b13526a61611ff4e2fe2
0x663c05a98e73b35ca765a45c6133f28fcb314125,0x000000f20032b9e171844b00ea507e11960bd94a,1,0x16825261f0466ff1c69eb7c0faa1cb268e3a5310
0x07d710f2ddc3f39a8fcfbb37c8941edb5e6ada00,0x612e2daddc89d91409e40f946f9f7cfe422e777e,1,0x1641964aed9635ab1f8ece9294142d6ab4ff81a5
0x8823c678458b8e945009a75d75712bacae6e1ee2,0x000000f20032b9e171844b00ea507e11960bd94a,1,0x2e53535f65979d3463df3489df278d1c33efbcf7
0x2d29f58354d10163bdcc30dae80a91c874ca518e,0x000000f20032b9e171844b00ea507e11960bd94a,1,0xab047c3445c5187e67c9ca6de8e3ba1fb6ca7d75
0x6a9949901181fa339c3a2686c22883eb85d7c2c4,0x000000f20032b9e171844b00ea507e11960bd94a,1,0x31e46611cfd4cd8fb915825d9ae85f22f622da99
0xfc334a6ffef58532e61a697768d36ac47d1f16ad,0x000000f20032b9e171844b00ea507e11960bd94a,1,0xf96dacf67be89df218d9fc1d3151febe677da4e6
0xe1ad5581bd9f28797b77a98c6c8bc29721a42d6f,0x612e2daddc89d91409e40f946f9f7cfe422e777e,1,0xb5ad1fc384ecfd413701eb98ceb960f5c1b72a52
0x9213ab30d40b2dbd182403b69a53f0c3c8d60396,0x000000008924d42d98026c656545c3c1fb3ad31c,1,0xa6ded92907c47917cff5b77c45bdfbdeba2a72e5
0x945a52390beb445bcb25580809aaa98a62bdaab9,0x612e2daddc89d91409e40f946f9f7cfe422e777e,1,0x3c5fa26b4a71e762e31fdcb85de7ebf3a33a3ef3
0xaa36e89e65316cad0abcd218f24890cdecf7f689,0x612e2daddc89d91409e40f946f9f7cfe422e777e,1,0xfd41ac34a5388aead22f878d0cfba357da41d6e8
0x3ff74fc602e4f2d7a8067b5482b9ec7d792f2a13,0x612e2daddc89d91409e40f946f9f7cfe422e777e,1,0x801486530df90f6b6a7e49cf11634d6e6d247781
0x0634e35371b164f8368d4e8556293d36699819e7,0x000000f20032b9e171844b00ea507e11960bd94a,1,0x51c33ec94393856f9ee869ca9259574b3d5a5bcb
0x21a08886ecb4c804d3a7ec7c7c7f2168d14a5030,0x76f948e5f13b9a84a81e5681df8682bbf524805e,1,0x37e44111ef83b9577bcf80385fc839c6aa2d597f
0x2de3d350fd1b7d999efa20ee90155d7fee4bbe43,0xeccd39090fbdc633273d01d49a3100e42cacb7bd,0,0xeccd39090fbdc633273d01d49a3100e42cacb7bd
0x2ea79e013211e4c8ba827f4de043e8fa0c2ce761,0x000000f20032b9e171844b00ea507e11960bd94a,1,0x7cbfe071b859ae92a1456ac99283af7fd98aa68f
0x4dd2621e4ae63dc55592156b46ce2e0eee03326d,0x612e2daddc89d91409e40f946f9f7cfe422e777e,1,0x582f8cebbfb2797e8a387f7d39b1673658b4598f
0x3d9ef4c0acbd8760e9a920a555f02b779d13ddf1,0x60322b225e06bf2f0c36c45d0b06090e891ca91c,0,0x60322b225e06bf2f0c36c45d0b06090e891ca91c
0x2931755ee2cafba6930876d91bbdca90a6bc3c3c,0x000000f20032b9e171844b00ea507e11960bd94a,1,0xd91e318be5a21b6b43e82581d7455d36d07d548b
0xe120b9ab17473451d92295a0b4805ae45fb052a7,0x000000f20032b9e171844b00ea507e11960bd94a,1,0x46a0124a3792748c8eabb969334761c641aadcf7
0x31cd8307452c0a17e3f7cc45d4b46c3466ba359e,0xfeb694393d13f939e659c41e0032b8ca89dbcfa1,0,0xfeb694393d13f939e659c41e0032b8ca89dbcfa1
0xbc29d2408e03f39b4528bee401e5e7278c837123,0x76f948e5f13b9a84a81e5681df8682bbf524805e,1,0x1b66c6c91b7cf8015a354b01d6411a87161c1215
0xb2f59d5e9769b25d03cb3803e379a8dca0eb380d,0x000000f20032b9e171844b00ea507e11960bd94a,1,0x6e0fffae716582a9a3162ce14d1d3b5f3e5a90e2
0xe2922d4665635f8a3271f2f2ec0a0182bdb39e4e,0xa6c5f2de915240270dac655152c3f6a91748cb85,1,0x4805572b12bb54685ef1a9daa58bec4e6a76cd6c
0xbf3406c3ca63cee69bcb22b7755d2748668411c9,0x6885c0a837c320f47a66df243c49a4e605ceb1ab,0,0x6885c0a837c320f47a66df243c49a4e605ceb1ab
0x737ee98a27f4518c846e26995fb245852f524c22,0x000000f20032b9e171844b00ea507e11960bd94a,1,0x9d2f3e974d8db1ee385b43cf5e7e503c51e7329c
0xd24d198e2b4bdc91762809c929d5b302988a43a8,0x000000f20032b9e171844b00ea507e11960bd94a,1,0x591eb5b74737b3c74851c5242b198909f7e35864
0x1304d546c601862f7ff7d928342801bdafd78988,0x000000f20032b9e171844b00ea507e11960bd94a,1,0xa450bc56d4fdfd4195a9cdb32eb883d571086117
0xd28c8bd25e7fd9300e4c813d0ea835bceaff56ad,0x612e2daddc89d91409e40f946f9f7cfe422e777e,1,0x84d71b85434911f90804941d13d71e587d83f540
0x66c3b19e35ce2dfefc9c6ebae5ee72678456af84,0x000000f20032b9e171844b00ea507e11960bd94a,1,0x337dff1b884dfb00b83db0cd9e70d8c150b5e3f1
0x2b09430f91270c66570f3c915d1efa72c1ff9c5a,0x000000f20032b9e171844b00ea507e11960bd94a,1,0x5a8aa0f919e5a70ad20dfc946cad87087c1d1d88
0x495436bb45c642e47f273f673d975853e8ef35c4,0x0000000000aec84f5bfc2af15eafb943bf4e3522,1,0x77350e1152efd5f2d807a6124015c629a907155e
0x5fb103113053571905e2c80e3f22ad71c3ab78ae,0x000000f20032b9e171844b00ea507e11960bd94a,1,0x39079387d387d3de2dc49f08123a2427267e061b
0x0ed73a3e6dfc6e47f96c3a8c7d91bc3aaf263345,0x61eac4415524c7df8c8cccd4d37779e231e0f131,0,0x61eac4415524c7df8c8cccd4d37779e231e0f131
0x97393122c96f3fe1a7abf7ebdb13c1b3830bf617,0x76f948e5f13b9a84a81e5681df8682bbf524805e,1,0x830391a1beda3d1e3f20d57ac312e446592ab0fc
0x1ae62909d4c11e3f8408cbfe7b20379c0dd41a10,0x733cf2b788daf29b9095763c78bc0aa4147aceb7,1,0xf597b06dec4280cd4ba4bf044e70bcd8db61fda3
0xede10994dcde2c8d21099b98a4bcc2266ddc68be,0x612e2daddc89d91409e40f946f9f7cfe422e777e,1,0xa0be4237a4753dc511c9e6037d1301c5fafb4053
0x4cda60cebfb5eba8682bf0224c7a305b2f74d5cd,0x76f948e5f13b9a84a81e5681df8682bbf524805e,1,0x55e312d1e258762997761283fc7a36319d72fad3
0xa9bf5c60e46d27a0f76eaa1cf9da2390042b0cc0,0x054a37c6554a9649a7171452d1e25901e53f647d,0,0x054a37c6554a9649a7171452d1e25901e53f647d
0xfd57ce82ad63ee3c1348a49d61ebc6bff46e6e7a,0xb2019531de3bfda451668acfe40fb3aee59975b5,1,0xde7fce3a1cba4a705f299ce41d163017f165d666
0x6f6d7625f4d2284e1b6a58b835d5fe3655b65adc,0x000000f20032b9e171844b00ea507e11960bd94a,1,0x084f1a3ec5d2c5c3da6126a262d0d9f19bfee12c
0x995832d9291675991e4726ca3c2ad56864c5c516,0x847cf6e15a30569879b3d997d2e7bf811db0fd31,0,0x847cf6e15a30569879b3d997d2e7bf811db0fd31
0x1ce4da0f2d784064da133565ed16d823390841e6,0xb39c937e0e87b5a177789eab59a4bdb36516d587,0,0xb39c937e0e87b5a177789eab59a4bdb36516d587
0xaac4eeb570d7149c2a3823eb8df7cda8766022a9,0x000000f20032b9e171844b00ea507e11960bd94a,1,0x08a62a3a806da5787e4eef0da3e20c33de0060f2
0x240e415518c8aa72af551eaaff19450d248f9796,0x612e2daddc89d91409e40f946f9f7cfe422e777e,1,0x52c44225be0f65685d1daa264cc9da37f7ceae33
0xa2b484fbc21914a6121ad76061bab28f0a4cc8db,0x000000008924d42d98026c656545c3c1fb3ad31c,1,0x71c5f316aea4251392ac2d1b8c85255d60451122
0x11ad175e537e6d9cb924fa11c9c3a412931e4ff9,0x612e2daddc89d91409e40f946f9f7cfe422e777e,1,0x912e814a4b0cfc14ce81b9e5885603227e44dc80
0xfb058e2c81dfb2721002b6fd07b87b24b818bb10,0x000000f20032b9e171844b00ea507e11960bd94a,1,0x3f22620d22200b461e08edaf77c6e3e024ee8187
0x5d926a5200b44b591ada5e714fadc7d2bcaedfd2,0x000000f20032b9e171844b00ea507e11960bd94a,1,0x73f29890f9ba364994fb094a0b10fc54ffab5e14
0x09d79864cc033c45bcb683f7a798c0341672707b,0x000000f20032b9e171844b00ea507e11960bd94a,1,0xf3b6c667322aaab6028341b05afc8fe169fa90de
0xf9cd895f4202157543a05e79e805a64874c83f99,0x000000f20032b9e171844b00ea507e11960bd94a,1,0x6d048aee9196a3ffbcc8d33ba0a59f22a24e4e28
0x0fcba98e68e9c87d37d786cb14f5f84985e636cd,0x76f948e5f13b9a84a81e5681df8682bbf524805e,1,0xff1896cfc912ceda37319eba452906dea8cb343c
0xd67777c8ac9c6230170ac348f7e35c1b45ea274b,0x612e2daddc89d91409e40f946f9f7cfe422e777e,1,0x157ef94065eb280f26050fd4860697c589ef77b3
0x16fc11340bdf3073d2bf4389b8727dd7b163751f,0x699b7b280d6516a09f27e4095905c8c98bd232aa,0,0x699b7b280d6516a09f27e4095905c8c98bd232aa
0x1d1bb5281ad6fe16a509d6811bf5a82923de17c6,0x000000f20032b9e171844b00ea507e11960bd94a,1,0x3202134208f0a67b50b5d98b40a74b3f68135630
0xcbc962cae917114ef4dc2c97c0d9f6e7cbb94dbb,0x612e2daddc89d91409e40f946f9f7cfe422e777e,1,0x4e78001c54aafe97589c0c22e4eb244f57c11c91
0x6f7b0b426c9ba1b8fa28e9db4c1671aca36ee1e2,0x000000008924d42d98026c656545c3c1fb3ad31c,1,0xc5dc633bfb6f7af96e0cd115b04fb03379890125
0x4d26931c43a7ef51c8e1f41e83b0a68560c56a11,0x000000f20032b9e171844b00ea507e11960bd94a,1,0xc20d8df1ad0283fffe7b09f3898d8337b9e8f166
0x41ca4e04ea92a2818cdcace7926965ccf09ab818,0x612e2daddc89d91409e40f946f9f7cfe422e777e,1,0x876d91d1f121e9fe0d926efdb3dbd9ad91433547
0xbcb59cbed38cefd111795ca9770e7309d1ec1e09,0x612e2daddc89d91409e40f946f9f7cfe422e777e,1,0x632efead5459b1375dc67cba379d332a4ef70579
0x7cc7f7f76d4681a45d19b31bbfe6a7865ebe1efb,0x000000f20032b9e171844b00ea507e11960bd94a,1,0xfee79c2d8f4d020d22905604cf828f4288f9e69d
0x384b9f33101a39d8a6f875b6f6055ce34ef26cc9,0x8ea2097da8ff30ae12fbbf02d3cfbee150026770,0,0x8ea2097da8ff30ae12fbbf02d3cfbee150026770
0xff4d468e26e8eecbf5b876ea15d9f5e70b931d59,0x000000f20032b9e171844b00ea507e11960bd94a,1,0x79fa4adf4c81088d175d612dc5bc62f922f41187
0x904ddeaa81f3553c11cd2b41d0654addb99ad579,0x1ed4a7446556ed14593e15cdba22b1bba158cf8c,0,0x1ed4a7446556ed14593e15cdba22b1bba158cf8c
0x8f9e9cc2bdcefae91f54344724437122099b5103,0x0b7d1afa0ff0366b6e498e5af5497aaf80e40726,0,0x0b7d1afa0ff0366b6e498e5af5497aaf80e40726
0x9ae9ca77c787c8b2f4d127a13a25d30a8fcfce6e,0x000000f20032b9e171844b00ea507e11960bd94a,1,0xa1171eb1e94acfa64b1816f819c44d200696bf4c
0xf869511c1264088aee43776e43ecb081f8cdb976,0x000000f20032b9e171844b00ea507e11960bd94a,1,0x0f3f762490e805fb6eaef5704763a284dd6c947b
0xe7a587a921d8ddd1ba15cea826d0d4633841fbea,0x50370fe8ff9e0c4983410f8126fa30bc27cc5c3b,0,0x50370fe8ff9e0c4983410f8126fa30bc27cc5c3b
0x9b10f67af8243425c5fa1d3c5a962a5cee71208b,0xf4fbeb69d97bb99e02eb48177aa319d014a17e71,0,0xf4fbeb69d97bb99e02eb48177aa319d014a17e71
0x2d4d1544a425a1d8c1e7021bcf6b79409fc2426c,0x000000f20032b9e171844b00ea507e11960bd94a,1,0x845de2a3a4f5feef44bd7e4a06572885dd5e1d76
0x605e9e3decaaabfb476e244da1bddc1c0c3339b6,0x7354936bc7a72c8baf5a2f9262e70a52c427be4a,1,0x1fcbeeaf731f425cf4ad3bef711dc87d532aacf7
0x0e4cbf9344d0690b6101c287c8e73f7731450176,0x000000f20032b9e171844b00ea507e11960bd94a,1,0xe5464b822ed2a69a9b1f2ee6268219529874d3b6
0xd26325d03e62e0f2ec3a8fd01401838228bc5c6b,0x000000f20032b9e171844b00ea507e11960bd94a,1,0x45523f0e1d29eb74f9c4fc9cc5411b970843688d
0xfec91bdfc4508c95756d5e9453c7e9157b89b61b,0x000000f20032b9e171844b00ea507e11960bd94a,1,0x0a5092cd7f464cca5d5086d56cf5213a9ed32349
0x8fbf0373dfe0175a7f861855f7ae46de91d29a08,0x1336a865663752d2e7d83ed35684e650c613a9d3,0,0x1336a865663752d2e7d83ed35684e650c613a9d3
0x776233df60e5d5d4f49dfccecf559255de690aed,0x000000f20032b9e171844b00ea507e11960bd94a,1,0x230d37e052039664710b6fd1c52efebde8c60cfb
0xd9be2bedb48e88807447cdc37718bcf91cbad6e5,0x000000f20032b9e171844b00ea507e11960bd94a,1,0xb3daad3b02c2720ce13ed75dbeac8c631d388b88
0xee83d70e0c7e4737b89df9ddd3644f69bd9b6ef8,0x000000f20032b9e171844b00ea507e11960bd94a,1,0xe2f994963468151bb77cfa871041859a38db8688
0x682619c1e32b15ccac09e719e3898420156f0f35,0x0bfcc6baec1706b3ccf1695b2789a65d4fab3962,0,0x0bfcc6baec1706b3ccf1695b2789a65d4fab3962
0x2e13c730399bde03c448a2f5bc163e1bd820bd3f,0x000000f20032b9e171844b00ea507e11960bd94a,1,0xd07d0921684b0ce1e66e166226faf2d3919c0c8d
0x77425c038633b3304c11b447419394bd8d5a718a,0x000000f20032b9e171844b00ea507e11960bd94a,1,0x675ea79c9a6057dc280d1c1a35aefb66a83d2cf9
0xb7591bbf70249c08b7a59ec2fd58726507ff7196,0x612e2daddc89d91409e40f946f9f7cfe422e777e,1,0xfbb5cd42483bdffedfe1ea5c0f41282d50785d6e
0x88d1c2480005f4ef59001ba1b6f79796044f745a,0x000000f20032b9e171844b00ea507e11960bd94a,1,0x3904efc39b16e9ce6483e8beac623fca370286d1
0x1814bd9be545410dca8c03f519a60b910e586889,0x3b14cad1e8711f5f263c3b1fc78f765b0d4bb583,0,0x3b14cad1e8711f5f263c3b1fc78f765b0d4bb583
0x52f6f22ed2b92ef2c458346029b3f78958119e71,0x8d1fa935e5e8a5440c9efc96c0d9ff387ebb179b,1,0xb99172161b5edfb4e01f7ee5feb4264d684541f1
0x90555c2693426df2918945af6d15d4f4614937b2,0x6ffd7ede62328b3af38fcd61461bbfc52f5651fe,1,0x9103d42f703f71182952dd7c72779b2bea684ff1
0xcf6283e40279de3c74a0b2a7d95e4a7aeecd59b2,0x000000f20032b9e171844b00ea507e11960bd94a,1,0xb4fcb6888a3f954b57e6a32ba448445cc19bfb75
0xb36b0540f9f4dc44fcfae5a3afbbb40af14a8bcb,0x000000f20032b9e171844b00ea507e11960bd94a,1,0x8901e5a8c507d66d6dc21555e3198b4129311dde
0xb54eb587392d10f775f082996f12ea3402d5683d,0xf36ef9410e7b9e4c3e68f646dee2d53272379505,1,0x3bdd85df73ea3fd7fea670326fa523a3f9d77708
0xc85e53998b4b7d322e02c929caaff8449b92fb4f,0x612e2daddc89d91409e40f946f9f7cfe422e777e,1,0x6ea5b321fe6204448838b6ee03aaf3ec9c294484
0x8d83270e9fa2b0e623afff8fdf58ba6a74433a28,0x000000f20032b9e171844b00ea507e11960bd94a,1,0x3f26fa88b44f4e19acc12b1fc837156e91382ce6
0x9931634b25b91ff0b31bf4bfec31f49f0c718848,0x612e2daddc89d91409e40f946f9f7cfe422e777e,1,0x6f3e24ce0c04668e8d3b37fc6e6748e9ba334610
0xf7b3a57fd02b6095bd5da7df3cad937c635c56c1,0x000000f20032b9e171844b00ea507e11960bd94a,1,0x5b464e08f2536e854969d211bb1e7ffdcde5ddcf
0x10b7d936416f3a315820c74954ec4a0afb1bb0fa,0x000000008924d42d98026c656545c3c1fb3ad31c,1,0x3f5da756b172279e462aba018e138e863291e48e
0xbae7b10f6da63b145dd546364d1753754b2370a3,0x612e2daddc89d91409e40f946f9f7cfe422e777e,1,0x00d1a9917fa0b2d7b7db1d52faad9f327975c871
0x7f9eeacfbb0e181f84fd5fb4fd21d3ba16c3875f,0x612e2daddc89d91409e40f946f9f7cfe422e777e,1,0x31930dc73753df11424a1ba49b4d836c14bda4d0
0x5e88591b1027a27acf8d8bc3c71a38ec406aafda,0x000000f20032b9e171844b00ea507e11960bd94a,1,0x73364da8f1c42a600201df4a0c6720851e801881
0x636d0a95aa1ba893ebdb8afcf665204ea8ee2090,0xc0e31f8dae42813e957d4e05c04684afee9d78eb,0,0xc0e31f8dae42813e957d4e05c04684afee9d78eb
0x4030979478f1cd157b34ec54b721702c708ef24a,0x000000f20032b9e171844b00ea507e11960bd94a,1,0xd8ba18dd809771e57095ddb4ae512d05c7a8b99b
0xb30743543ad85f7f065fc4fc0f15921cfeea434c,0x8430bc2263c8c38ed2e8f86cd35284f5c7dbcf1d,0,0x8430bc2263c8c38ed2e8f86cd35284f5c7dbcf1d
0xdb9a50babd44a95fe596d6400847c20c23299339,0x78086ad810f8f99a0b6c92a9a6c8857d3c665622,0,0x78086ad810f8f99a0b6c92a9a6c8857d3c665622
0x51c632b254afc516f75e7021096c77cc7353e7f3,0x7354936bc7a72c8baf5a2f9262e70a52c427be4a,1,0x93bfa8c06dd5d1c822d0b0af2d4fcffa6f23e8f5
0xcda554ba202614df2f0663cc6776f045ce90253e,0x19478179ef8bb7c4792a4041903080e097d137dd,1,0x75f52aef21c1692afa9bbe897a31db3002baf6c3
0xcda3a862025789dd72c210bdc1fa790c4e47e341,0x000000f20032b9e171844b00ea507e11960bd94a,1,0x36d3c5b5b0dd3aa637c2670e888d3c934481adcf
0xce894b148d00f24123f9f07a227d14673b133b2a,0x000000f20032b9e171844b00ea507e11960bd94a,1,0x7d6754dbd846af1a1385b71908d5e96fb3d9253c
0x1f97e5d0bf16c1d070037ed3a80f576962ac96f4,0x000000f20032b9e171844b00ea507e11960bd94a,1,0x7377718116ae331e12afa20d3bdf243c6f36c283
0x4f7a5bae81156f34a4bb1461d52234dac0eb1887,0x612e2daddc89d91409e40f946f9f7cfe422e777e,1,0x338050301df259ab1aee79026e6e1bff7b10c899
0xada492207383ecfe8b9c5f2c35203bad95ec4b40,0x000000f20032b9e171844b00ea507e11960bd94a,1,0x8c8653920f796b8bd5da51a2aed3822b16d820b8
0xfff33dd9bb41a65f8543ba8d74874af27665c59d,0x76f948e5f13b9a84a81e5681df8682bbf524805e,1,0x0ef2a4969d14f97dc70d487f8a42d455490ecb18
0xa5a45ce2c0eeda7488b19050073716624834a240,0xa6c5f2de915240270dac655152c3f6a91748cb85,1,0x70a74f41e99e412657c014583544fa6ecdba4743
0xac9b0378d0e67ed65a487745d3f35fba128c9246,0x7354936bc7a72c8baf5a2f9262e70a52c427be4a,1,0x8b79fa779af9391a10c5010101c180534ee9af4f
0x5fac7760c6384d3c718371915e421eac1612357b,0x92c159895901439caa212997d505083a2fe88885,1,0x832e10816c6fb8ffc7d9f93f0f04c1f9e3691799
0xc2bce173b2edc9bb95cf9797a7c8b98f2cdd3e35,0x000000f20032b9e171844b00ea507e11960bd94a,1,0x59cef4ef48a7bf64c32fa88fe6a6d5bfb62663b7
0x47ccc3b2394fc96ed4f30a34d88e0510a5d087b5,0xb6d429e2e262348e3c0a3b23e7dea8f04c84563f,0,0xb6d429e2e262348e3c0a3b23e7dea8f04c84563f
0x20f2a89a5cd75f1acb157afb98b55485da3103e5,0x3f078b3ad11468fdad3007f08147e5a8fafaff9e,0,0x3f078b3ad11468fdad3007f08147e5a8fafaff9e
0x78b5b95ed85e17b224527b3e8109886a573ede18,0x76f948e5f13b9a84a81e5681df8682bbf524805e,1,0xd73cec41e96b106e5c0734e4578109f6d87d66e9
0x730e50c8dfc85d424938e22c54ff070a59a83acb,0x000000f20032b9e171844b00ea507e11960bd94a,1,0x6f8ea9da1499b274f8789889d01acf9467b748da
0xbe3f7dfe73316641ac634d3f0e9a96a77b13a2d2,0x76f948e5f13b9a84a81e5681df8682bbf524805e,1,0xe6d925c8995ba83ce4a06914aac159a22ebd1f54
0x508bbe06dbe2ffd83836c8f09f0ba510f174261c,0x000000f20032b9e171844b00ea507e11960bd94a,1,0xfbd41ca0109b94354610884ea79f5b0b12909b56
0xe1762e671ca3960b5d2ce44d1d6157b6ab7cd8ec,0x000000f20032b9e171844b00ea507e11960bd94a,1,0x68b875386440b301152a80880a9270b31552afb2
0x8615ed30d9678a380793074c94543649e644a08f,0x000000f20032b9e171844b00ea507e11960bd94a,1,0xd0eaa29d085f90f2aeb7f00f23349a85b4a4d50e
0x441f041161d5ee60ca9abd538c8a4d3da58aefc3,0x8d1fa935e5e8a5440c9efc96c0d9ff387ebb179b,1,0x4185a1ba1f3c064a1b609adc30bc97cbacd6da64
0xc2afbdd0cbf567b471562a4303cffcd74a68e6f1,0x000000f20032b9e171844b00ea507e11960bd94a,1,0x08c24e7b4f98451d3db1e1c25c95597213414fee
0x27e150149f0730aa1eb457e1e2ddc5f0281479a4,0x000000f20032b9e171844b00ea507e11960bd94a,1,0xf8d8cebe18b61ac3b69d0992c2278badc3652222
0x8924433baab85f79e3b99f5b633cb791f0b72540,0x000000f20032b9e171844b00ea507e11960bd94a,1,0xb6a2550df6b0b663a17933d2bf0bac5498fcd755
0x7a8b3aee5cdf4c4139ba007a9edfe30a3af91d0f,0x000000f20032b9e171844b00ea507e11960bd94a,1,0x59fe0386ea4f2a087d8d487607815b8a24a52899
0xfccac247f4326cf86dc3674e051c6de2e0fec46c,0x000000f20032b9e171844b00ea507e11960bd94a,1,0xe3194dd337211813a6eb5604224c2dbb231de3bb
0x6dd8fea64269ecaa838d3c62a22d029951817288,0xdfdbf6b62ad466dded84c604e34f3a97823b9fc7,0,0xdfdbf6b62ad466dded84c604e34f3a97823b9fc7
0x0b7162bbc5ca21c96e12d5c5a4bb5abfc2558635,0x000000f20032b9e171844b00ea507e11960bd94a,1,0xbaea7eeb8ad69f40401dac00ec7162bb31ebef74
0x763d1c4c14639d899f2f2b51bcc78f73912c48dd,0x000000f20032b9e171844b00ea507e11960bd94a,1,0xbd4e1ddd51805bf41d800d774747d71526f574d9
0xdef5913211ecf86becffe98c75d1d47187383951,0x92c159895901439caa212997d505083a2fe88885,1,0xd54bd336dc002b25d7318e7792cf10376502f19c
0x9e46f4955e9c3c2772cce92bde50bfbec941ce73,0x3acf4eb191960c49860503f628a6f7c300b0e7b4,1,0xddb08939f7c3b9ac229b238eb913cadb9d90d534
0x5438de88b8a8da8764dbf5ca970bffe312859eac,0x985246e002db59996c28b3ddff243e3d8368ecac,0,0x985246e002db59996c28b3ddff243e3d8368ecac
0x94159d478a779f49f259dfc1348ba91f2a77bed1,0xce417118275171e1f2ce1ca5206b897be17f0134,1,0x33accbc9d309a7efb3fd98b0405696bff4042ad0
0x115b0b2135a98d144aba61c6830892bd7a7d6537,0x000000f20032b9e171844b00ea507e11960bd94a,1,0xe98707d67a797c43aeea4a80c4ccbf3687faa54c
0x02638255b7589b5f0ddf635fee5bd976373682c1,0x4e59b44847b379578588920ca78fbf26c0b4956c,1,0x8ac4412a766ffd6a8b4178cc9341ffe5473d1a10
0x21e2fd2abb81aa1ac8758a8c2b39f00eafaa4f00,0x000000f20032b9e171844b00ea507e11960bd94a,1,0xb6551565a1a02592d08ea7c34c16eb24659743b2
0x0cefc093a5b3964f3230d7de8dc07e3b531c48fc,0x60149bb4ea5bfe245462150b1f2bed8d95343c4a,0,0x60149bb4ea5bfe245462150b1f2bed8d95343c4a
0x5c6f1a9c1f4a8799c3183c4e5b0193378e0ecdc9,0x8c4f0b2f8e0c4001b3605fd05084a72899034159,0,0x8c4f0b2f8e0c4001b3605fd05084a72899034159
0x777d7dbb1c90fe7a256b00f139af8eb41e211ab9,0x000000008924d42d98026c656545c3c1fb3ad31c,1,0x095cad1969debeffc25eab1d5b6f976f11f5e457
0x05d9d774385dc327a3fe22a646d33872cb9cadd7,0x19478179ef8bb7c4792a4041903080e097d137dd,1,0x7317548211f91518ff92cc65183b8870b82603b8
0x8c226fa37f58b7a436acc325b8a40a584c850169,0x4756d8f89097c434c6ccd52d6dbc7dc9d2ff7697,1,0x1ae7008918eb9b932be2bd93af5a569fc56b718f
0x07942cd4c8e3cb32808dd79574e7a3359e89adf0,0x240ad467a71210629d71d4de22ebde27951c83fc,0,0x240ad467a71210629d71d4de22ebde27951c83fc
0x05383c5d04caa81f07676b9fe4fbf5d2072049cc,0x383406128d18701e738cada0cf66d0efa47d4b34,0,0x383406128d18701e738cada0cf66d0efa47d4b34
0x4037159c6bc027ac3e13076e086e22a5f7449d4f,0xdd53cf865320add04dd2d26bdc659e303ac1cd50,0,0xdd53cf865320add04dd2d26bdc659e303ac1cd50
0x0b22e2abf82a08d59aba9bc19ba264a8168736fb,0x000000008924d42d98026c656545c3c1fb3ad31c,1,0x94f2ed6ba1c622ce562fa15f718fd896d72d7bd5
0x542fe32d0986b7795fbe8cd903645b81a38b48f6,0x0000000000003d61b3d0a96b70b9c9006947759c,1,0x974f2bfa4df68a3acde38e1b28b8804a865f01a1
0x026406ecbf620987a9e6f31409b2144bf96929ab,0x000000f20032b9e171844b00ea507e11960bd94a,1,0xa8d5e6cf5ede8cc500924005111df3153fb09fcd
0xb5fe2a64543883ce71b1f663f693c8592c685d27,0x000000f20032b9e171844b00ea507e11960bd94a,1,0x270252c5fad90804ce9288f2c643d26efa568cfc
0x356351db723e52173feed32e616f77666e0f7ba3,0x0b949b5444b05adbafca009dd4fe79c8266f212a,0,0x0b949b5444b05adbafca009dd4fe79c8266f212a
0x242a776b4aa10b1991352aa94061d77f7c091505,0x612e2daddc89d91409e40f946f9f7cfe422e777e,1,0x4257e9592edf8bdbb9b99f2b8b6810e23fb66c14
﻿